timestamp,room_id,area,doors_area,panels_area,hours,days,months,temprature_value,humidity_value
6/27/25 16:14,432,66.7945447098005,1.935,0.0,16,27,6,22.997436523438,56.336994171143
6/27/25 15:59,432,66.7945447098005,1.935,0.0,15,27,6,23.310134887695,55.018314361572
6/27/25 15:44,432,66.7945447098005,1.935,0.0,15,27,6,23.247589111328,55.042736053467
6/27/25 15:29,432,66.7945447098005,1.935,0.0,15,27,6,23.185043334961,55.262512207031
6/27/25 15:14,432,66.7945447098005,1.935,0.0,15,27,6,22.997436523438,55.555553436279
6/27/25 14:59,432,66.7945447098005,1.935,0.0,14,27,6,22.747283935547,56.117214202881
6/27/25 14:44,432,66.7945447098005,1.935,0.0,14,27,6,22.747283935547,56.16605758667
6/27/25 14:29,432,66.7945447098005,1.935,0.0,14,27,6,22.93489074707,55.286937713623
6/27/25 14:14,432,66.7945447098005,1.935,0.0,14,27,6,23.372665405273,53.82173538208
6/27/25 13:59,432,66.7945447098005,1.935,0.0,13,27,6,23.372665405273,53.357753753662
6/27/25 13:44,432,66.7945447098005,1.935,0.0,13,27,6,23.372665405273,53.308910369873
6/27/25 13:29,432,66.7945447098005,1.935,0.0,13,27,6,23.372665405273,53.260074615479
6/27/25 13:14,432,66.7945447098005,1.935,0.0,13,27,6,23.372665405273,53.186813354492
6/27/25 12:59,432,66.7945447098005,1.935,0.0,12,27,6,23.372665405273,53.308910369873
6/27/25 12:44,432,66.7945447098005,1.935,0.0,12,27,6,23.247589111328,53.601951599121
6/27/25 12:29,432,66.7945447098005,1.935,0.0,12,27,6,23.122512817383,53.846153259277
6/27/25 12:14,432,66.7945447098005,1.935,0.0,12,27,6,22.93489074707,54.212455749512
6/27/25 11:59,432,66.7945447098005,1.935,0.0,11,27,6,22.809814453125,54.554332733154
6/27/25 11:44,432,66.7945447098005,1.935,0.0,11,27,6,22.622192382812,55.018314361572
6/27/25 11:29,432,66.7945447098005,1.935,0.0,11,27,6,22.4345703125,55.555553436279
6/27/25 11:14,432,66.7945447098005,1.935,0.0,11,27,6,22.246963500977,56.288158416748
6/27/25 10:59,432,66.7945447098005,1.935,0.0,10,27,6,21.93424987793,57.216114044189
6/27/25 10:44,432,66.7945447098005,1.935,0.0,10,27,6,21.559020996094,58.070816040039
6/27/25 10:29,432,66.7945447098005,1.935,0.0,10,27,6,21.308868408203,58.583637237549
6/27/25 10:14,432,66.7945447098005,1.935,0.0,10,27,6,21.246322631836,58.852256774902
6/27/25 9:59,432,66.7945447098005,1.935,0.0,9,27,6,21.121246337891,58.998779296875
6/27/25 9:44,432,66.7945447098005,1.935,0.0,9,27,6,20.996170043945,58.949939727783
6/27/25 9:29,432,66.7945447098005,1.935,0.0,9,27,6,20.871078491211,59.209770202637
6/27/25 9:14,432,66.7945447098005,1.935,0.0,9,27,6,20.746002197266,59.14529800415
6/27/25 8:59,432,66.7945447098005,1.935,0.0,8,27,6,20.683456420898,59.11287689209
6/27/25 8:44,432,66.7945447098005,1.935,0.0,8,27,6,20.495849609375,59.902320861816
6/27/25 8:29,432,66.7945447098005,1.935,0.0,8,27,6,20.433303833008,59.877902984619
6/27/25 8:14,432,66.7945447098005,1.935,0.0,8,27,6,20.308227539062,59.584861755371
6/27/25 7:59,432,66.7945447098005,1.935,0.0,7,27,6,20.235202789307,59.389499664307
6/27/25 7:44,432,66.7945447098005,1.935,0.0,7,27,6,20.058074951172,59.291820526123
6/27/25 7:29,432,66.7945447098005,1.935,0.0,7,27,6,19.932983398438,59.096462249756
6/27/25 7:14,432,66.7945447098005,1.935,0.0,7,27,6,19.870452880859,58.803421020508
6/27/25 6:59,432,66.7945447098005,1.935,0.0,6,27,6,19.807907104492,58.559219360352
6/27/25 6:44,432,66.7945447098005,1.935,0.0,6,27,6,19.870452880859,58.388275146484
6/27/25 6:29,432,66.7945447098005,1.935,0.0,6,27,6,19.932983398438,57.899875640869
6/27/25 6:14,432,66.7945447098005,1.935,0.0,6,27,6,20.183135986328,56.97191619873
6/27/25 5:59,432,66.7945447098005,1.935,0.0,5,27,6,20.058074951172,57.435897827148
6/27/25 5:44,432,66.7945447098005,1.935,0.0,5,27,6,20.495849609375,55.653232574463
6/27/25 5:29,432,66.7945447098005,1.935,0.0,5,27,6,20.495849609375,55.628814697266
6/27/25 5:14,432,66.7945447098005,1.935,0.0,5,27,6,20.508962631226,55.555553436279
6/27/25 4:59,432,66.7945447098005,1.935,0.0,4,27,6,20.558380126953,55.409034729004
6/27/25 4:44,432,66.7945447098005,1.935,0.0,4,27,6,20.558380126953,55.433456420898
6/27/25 4:29,432,66.7945447098005,1.935,0.0,4,27,6,20.62092590332,55.31135559082
6/27/25 4:14,432,66.7945447098005,1.935,0.0,4,27,6,20.62092590332,55.31135559082
6/27/25 3:59,432,66.7945447098005,1.935,0.0,3,27,6,20.62092590332,55.276935577393
6/27/25 3:44,432,66.7945447098005,1.935,0.0,3,27,6,20.683456420898,55.189258575439
6/27/25 3:29,432,66.7945447098005,1.935,0.0,3,27,6,20.683456420898,55.238094329834
6/27/25 3:14,432,66.7945447098005,1.935,0.0,3,27,6,20.683456420898,55.164833068848
6/27/25 2:59,432,66.7945447098005,1.935,0.0,2,27,6,20.746002197266,55.14041519165
6/27/25 2:44,432,66.7945447098005,1.935,0.0,2,27,6,20.746002197266,55.091575622559
6/27/25 2:29,432,66.7945447098005,1.935,0.0,2,27,6,20.808547973633,55.018314361572
6/27/25 2:14,432,66.7945447098005,1.935,0.0,2,27,6,20.808547973633,54.96947479248
6/27/25 1:59,432,66.7945447098005,1.935,0.0,1,27,6,20.871078491211,54.945053100586
6/27/25 1:44,432,66.7945447098005,1.935,0.0,1,27,6,20.871078491211,54.896217346191
6/27/25 1:29,432,66.7945447098005,1.935,0.0,1,27,6,20.933624267578,54.774112701416
6/27/25 1:14,432,66.7945447098005,1.935,0.0,1,27,6,20.933624267578,54.749694824219
6/27/25 0:59,432,66.7945447098005,1.935,0.0,0,27,6,20.996170043945,54.627593994141
6/27/25 0:44,432,66.7945447098005,1.935,0.0,0,27,6,21.058700561523,54.50549697876
6/27/25 0:29,432,66.7945447098005,1.935,0.0,0,27,6,21.058700561523,54.432235717773
6/27/25 0:14,432,66.7945447098005,1.935,0.0,0,27,6,21.121246337891,54.33455657959
6/26/25 23:59,432,66.7945447098005,1.935,0.0,23,26,6,21.183776855469,54.163612365723
6/26/25 23:44,432,66.7945447098005,1.935,0.0,23,26,6,21.246322631836,54.041515350342
6/26/25 23:29,432,66.7945447098005,1.935,0.0,23,26,6,21.246322631836,53.992671966553
6/26/25 23:14,432,66.7945447098005,1.935,0.0,23,26,6,21.246322631836,54.041515350342
6/26/25 22:59,432,66.7945447098005,1.935,0.0,22,26,6,21.220703125,54.188034057617
6/26/25 22:44,432,66.7945447098005,1.935,0.0,22,26,6,21.121246337891,54.456653594971
6/26/25 22:29,432,66.7945447098005,1.935,0.0,22,26,6,21.058700561523,54.603176116943
6/26/25 22:14,432,66.7945447098005,1.935,0.0,22,26,6,20.933624267578,54.96947479248
6/26/25 21:59,432,66.7945447098005,1.935,0.0,21,26,6,20.62092590332,56.068378448486
6/26/25 21:44,432,66.7945447098005,1.935,0.0,21,26,6,20.62092590332,55.750915527344
6/26/25 21:29,432,66.7945447098005,1.935,0.0,21,26,6,20.558380126953,55.506717681885
6/26/25 21:14,432,66.7945447098005,1.935,0.0,21,26,6,20.62092590332,55.14041519165
6/26/25 20:59,432,66.7945447098005,1.935,0.0,20,26,6,20.62092590332,54.822956085205
6/26/25 20:44,432,66.7945447098005,1.935,0.0,20,26,6,20.558380126953,54.896217346191
6/26/25 20:29,432,66.7945447098005,1.935,0.0,20,26,6,20.62092590332,54.50549697876
6/26/25 20:14,432,66.7945447098005,1.935,0.0,20,26,6,20.746002197266,54.407817840576
6/26/25 19:59,432,66.7945447098005,1.935,0.0,19,26,6,20.808547973633,54.212455749512
6/26/25 19:44,432,66.7945447098005,1.935,0.0,19,26,6,20.871078491211,54.33455657959
6/26/25 19:29,432,66.7945447098005,1.935,0.0,19,26,6,20.871078491211,54.310134887695
6/26/25 19:14,432,66.7945447098005,1.935,0.0,19,26,6,20.871078491211,54.236873626709
6/26/25 18:59,432,66.7945447098005,1.935,0.0,18,26,6,20.893594741821,54.285713195801
6/26/25 18:44,432,66.7945447098005,1.935,0.0,18,26,6,20.933624267578,54.554332733154
6/26/25 18:29,432,66.7945447098005,1.935,0.0,18,26,6,20.996170043945,54.468566894531
6/26/25 18:14,432,66.7945447098005,1.935,0.0,18,26,6,21.058700561523,54.090351104736
6/26/25 17:59,432,66.7945447098005,1.935,0.0,17,26,6,21.121246337891,54.090351104736
6/26/25 17:44,432,66.7945447098005,1.935,0.0,17,26,6,21.183776855469,54.017097473145
6/26/25 17:29,432,66.7945447098005,1.935,0.0,17,26,6,21.246322631836,54.261295318604
6/26/25 17:14,432,66.7945447098005,1.935,0.0,17,26,6,21.295749664307,54.236873626709
6/26/25 16:59,432,66.7945447098005,1.935,0.0,16,26,6,21.308868408203,54.065933227539
6/26/25 16:44,432,66.7945447098005,1.935,0.0,16,26,6,21.371398925781,54.236873626709
6/26/25 16:29,432,66.7945447098005,1.935,0.0,16,26,6,21.371398925781,54.065933227539
6/26/25 16:14,432,66.7945447098005,1.935,0.0,16,26,6,21.496490478516,53.781681060791
6/26/25 15:59,432,66.7945447098005,1.935,0.0,15,26,6,21.559020996094,53.724056243896
6/26/25 15:44,432,66.7945447098005,1.935,0.0,15,26,6,21.621551513672,53.431015014648
6/26/25 15:29,432,66.7945447098005,1.935,0.0,15,26,6,21.684097290039,53.113552093506
6/26/25 15:14,432,66.7945447098005,1.935,0.0,15,26,6,21.7335243,52.869354248047
6/26/25 14:59,432,66.7945447098005,1.935,0.0,14,26,6,21.7466431,52.576313018799
6/26/25 14:44,432,66.7945447098005,1.935,0.0,14,26,6,21.7466431,52.356533050537
6/26/25 14:29,432,66.7945447098005,1.935,0.0,14,26,6,21.8091736,52.087913513184
6/26/25 14:14,432,66.7945447098005,1.935,0.0,14,26,6,21.8091736,52.234432220459
6/26/25 13:59,432,66.7945447098005,1.935,0.0,13,26,6,21.8091736,52.307693481445
6/26/25 13:44,432,66.7945447098005,1.935,0.0,13,26,6,21.7466431,52.503051757812
6/26/25 13:29,432,66.7945447098005,1.935,0.0,13,26,6,21.8091736,52.625152587891
6/26/25 13:14,432,66.7945447098005,1.935,0.0,13,26,6,21.8091736,52.942615509033
6/26/25 12:59,432,66.7945447098005,1.935,0.0,12,26,6,21.7466431,53.089134216309
6/26/25 12:44,432,66.7945447098005,1.935,0.0,12,26,6,21.7466431,53.357753753662
6/26/25 12:29,432,66.7945447098005,1.935,0.0,12,26,6,21.8091736,53.577533721924
6/26/25 12:14,432,66.7945447098005,1.935,0.0,12,26,6,21.8091736,53.675212860107
6/26/25 11:59,432,66.7945447098005,1.935,0.0,11,26,6,21.7466431,53.797313690186
6/26/25 11:44,432,66.7945447098005,1.935,0.0,11,26,6,21.7466431,53.919414520264
6/26/25 11:29,432,66.7945447098005,1.935,0.0,11,26,6,21.6840973,54.456653594971
6/26/25 11:14,432,66.7945447098005,1.935,0.0,11,26,6,21.559021,54.936264038086
6/26/25 10:59,432,66.7945447098005,1.935,0.0,10,26,6,21.559021,55.31135559082
6/26/25 10:44,432,66.7945447098005,1.935,0.0,10,26,6,21.4339294,55.604396820068
6/26/25 10:29,432,66.7945447098005,1.935,0.0,10,26,6,21.3088684,55.799755096436
6/26/25 10:14,432,66.7945447098005,1.935,0.0,10,26,6,21.2463226,55.946273803711
6/26/25 9:59,432,66.7945447098005,1.935,0.0,9,26,6,21.1212463,56.556777954102
6/26/25 9:44,432,66.7945447098005,1.935,0.0,9,26,6,20.99617,56.752140045166
6/26/25 9:29,432,66.7945447098005,1.935,0.0,9,26,6,20.8710785,57.435897827148
6/26/25 9:14,432,66.7945447098005,1.935,0.0,9,26,6,20.7460022,58.070816040039
6/26/25 8:59,432,66.7945447098005,1.935,0.0,8,26,6,20.7460022,58.217338562012
6/26/25 8:44,432,66.7945447098005,1.935,0.0,8,26,6,20.6834564,58.608058929443
6/26/25 8:29,432,66.7945447098005,1.935,0.0,8,26,6,20.7460022,58.998779296875
6/26/25 8:14,432,66.7945447098005,1.935,0.0,8,26,6,20.7460022,59.02320098877
6/26/25 7:59,432,66.7945447098005,1.935,0.0,7,26,6,20.5583801,59.584861755371
6/26/25 7:44,432,66.7945447098005,1.935,0.0,7,26,6,20.3707581,60.415138244629
6/26/25 7:29,432,66.7945447098005,1.935,0.0,7,26,6,20.3082275,60.610500335693
6/26/25 7:14,432,66.7945447098005,1.935,0.0,7,26,6,20.245697,60.708179473877
6/26/25 6:59,432,66.7945447098005,1.935,0.0,6,26,6,20.245697,60.732604980469
6/26/25 6:44,432,66.7945447098005,1.935,0.0,6,26,6,20.245697,60.805858612061
6/26/25 6:29,432,66.7945447098005,1.935,0.0,6,26,6,20.3707581,60.781440734863
6/26/25 6:14,432,66.7945447098005,1.935,0.0,6,26,6,20.5583801,60.283039093018
6/26/25 5:59,432,66.7945447098005,1.935,0.0,5,26,6,20.4333038,60.293041229248
6/26/25 5:44,432,66.7945447098005,1.935,0.0,5,26,6,20.7460022,58.876678466797
6/26/25 5:29,432,66.7945447098005,1.935,0.0,5,26,6,20.808548,58.876678466797
6/26/25 5:14,432,66.7945447098005,1.935,0.0,5,26,6,20.808548,58.852256774902
6/26/25 4:59,432,66.7945447098005,1.935,0.0,4,26,6,20.808548,58.901100158691
6/26/25 4:44,432,66.7945447098005,1.935,0.0,4,26,6,20.808548,58.925518035889
6/26/25 4:29,432,66.7945447098005,1.935,0.0,4,26,6,20.808548,58.925518035889
6/26/25 4:14,432,66.7945447098005,1.935,0.0,4,26,6,20.808548,58.925518035889
6/26/25 3:59,432,66.7945447098005,1.935,0.0,3,26,6,20.808548,58.97435760498
6/26/25 3:44,432,66.7945447098005,1.935,0.0,3,26,6,20.808548,59.02320098877
6/26/25 3:29,432,66.7945447098005,1.935,0.0,3,26,6,20.808548,58.982360839844
6/26/25 3:14,432,66.7945447098005,1.935,0.0,3,26,6,20.8710785,59.096462249756
6/26/25 2:59,432,66.7945447098005,1.935,0.0,2,26,6,20.8710785,59.072036743164
6/26/25 2:44,432,66.7945447098005,1.935,0.0,2,26,6,20.8710785,59.14529800415
6/26/25 2:29,432,66.7945447098005,1.935,0.0,2,26,6,20.8710785,59.218559265137
6/26/25 2:14,432,66.7945447098005,1.935,0.0,2,26,6,20.8710785,59.267398834229
6/26/25 1:59,432,66.7945447098005,1.935,0.0,1,26,6,20.9336243,59.291820526123
6/26/25 1:44,432,66.7945447098005,1.935,0.0,1,26,6,20.9336243,59.291820526123
6/26/25 1:29,432,66.7945447098005,1.935,0.0,1,26,6,20.9336243,59.31623840332
6/26/25 1:14,432,66.7945447098005,1.935,0.0,1,26,6,20.99617,59.353164672852
6/26/25 0:59,432,66.7945447098005,1.935,0.0,0,26,6,20.99617,59.389499664307
6/26/25 0:44,432,66.7945447098005,1.935,0.0,0,26,6,20.99617,59.389499664307
6/26/25 0:29,432,66.7945447098005,1.935,0.0,0,26,6,21.0587006,59.438339233398
6/26/25 0:14,432,66.7945447098005,1.935,0.0,0,26,6,21.0587006,59.511600494385
6/25/25 23:59,432,66.7945447098005,1.935,0.0,23,25,6,21.0587006,59.511600494385
6/25/25 23:44,432,66.7945447098005,1.935,0.0,23,25,6,21.1212463,59.536018371582
6/25/25 23:29,432,66.7945447098005,1.935,0.0,23,25,6,21.1212463,59.584861755371
6/25/25 23:14,432,66.7945447098005,1.935,0.0,23,25,6,21.1837769,59.584861755371
6/25/25 22:59,432,66.7945447098005,1.935,0.0,22,25,6,21.1837769,59.706958770752
6/25/25 22:44,432,66.7945447098005,1.935,0.0,22,25,6,21.1837769,59.902320861816
6/25/25 22:29,432,66.7945447098005,1.935,0.0,22,25,6,21.1212463,60.162937164307
6/25/25 22:14,432,66.7945447098005,1.935,0.0,22,25,6,20.99617,60.708179473877
6/25/25 21:59,432,66.7945447098005,1.935,0.0,21,25,6,20.7460022,62.197803497314
6/25/25 21:44,432,66.7945447098005,1.935,0.0,21,25,6,20.7460022,61.929183959961
6/25/25 21:29,432,66.7945447098005,1.935,0.0,21,25,6,20.7460022,61.562881469727
6/25/25 21:14,432,66.7945447098005,1.935,0.0,21,25,6,20.7460022,61.391941070557
6/25/25 20:59,432,66.7945447098005,1.935,0.0,20,25,6,20.7460022,61.1233253479
6/25/25 20:44,432,66.7945447098005,1.935,0.0,20,25,6,20.808548,60.952381134033
6/25/25 20:29,432,66.7945447098005,1.935,0.0,20,25,6,20.808548,60.390720367432
6/25/25 20:14,432,66.7945447098005,1.935,0.0,20,25,6,20.8710785,59.788639068604
6/25/25 19:59,432,66.7945447098005,1.935,0.0,19,25,6,20.8710785,59.14529800415
6/25/25 19:44,432,66.7945447098005,1.935,0.0,19,25,6,20.8710785,58.705741882324
6/25/25 19:29,432,66.7945447098005,1.935,0.0,19,25,6,20.8710785,58.266178131104
6/25/25 19:14,432,66.7945447098005,1.935,0.0,19,25,6,20.9031029,58.021980285645
6/25/25 18:59,432,66.7945447098005,1.935,0.0,18,25,6,20.99617,57.802196502686
6/25/25 18:44,432,66.7945447098005,1.935,0.0,18,25,6,21.0587006,57.557998657227
6/25/25 18:29,432,66.7945447098005,1.935,0.0,18,25,6,21.1837769,56.996337890625
6/25/25 18:14,432,66.7945447098005,1.935,0.0,18,25,6,21.0587006,56.532356262207
6/25/25 17:59,432,66.7945447098005,1.935,0.0,17,25,6,21.1212463,56.05587387085
6/25/25 17:44,432,66.7945447098005,1.935,0.0,17,25,6,21.1837769,55.702075958252
6/25/25 17:29,432,66.7945447098005,1.935,0.0,17,25,6,21.1837769,55.384616851807
6/25/25 17:14,432,66.7945447098005,1.935,0.0,17,25,6,21.2463226,55.189258575439
6/25/25 16:59,432,66.7945447098005,1.935,0.0,16,25,6,21.3088684,54.920635223389
6/25/25 16:44,432,66.7945447098005,1.935,0.0,16,25,6,21.3713989,54.676433563232
6/25/25 16:29,432,66.7945447098005,1.935,0.0,16,25,6,21.4339294,54.33455657959
6/25/25 16:14,432,66.7945447098005,1.935,0.0,16,25,6,21.3088684,54.33455657959
6/25/25 15:59,432,66.7945447098005,1.935,0.0,15,25,6,21.3088684,54.041515350342
6/25/25 15:44,432,66.7945447098005,1.935,0.0,15,25,6,21.3088684,53.82173538208
6/25/25 15:29,432,66.7945447098005,1.935,0.0,15,25,6,21.2463226,53.699630737305
6/25/25 15:14,432,66.7945447098005,1.935,0.0,15,25,6,21.2463226,53.797313690186
6/25/25 14:59,432,66.7945447098005,1.935,0.0,14,25,6,21.2463226,53.504272460938
6/25/25 14:44,432,66.7945447098005,1.935,0.0,14,25,6,21.1837769,53.251880645752
6/25/25 14:29,432,66.7945447098005,1.935,0.0,14,25,6,21.1212463,52.356533050537
6/25/25 14:14,432,66.7945447098005,1.935,0.0,14,25,6,21.1212463,51.623931884766
6/25/25 13:59,432,66.7945447098005,1.935,0.0,13,25,6,21.1837769,51.282054901123
6/25/25 13:44,432,66.7945447098005,1.935,0.0,13,25,6,21.1212463,51.330890655518
6/25/25 13:29,432,66.7945447098005,1.935,0.0,13,25,6,21.1212463,51.257629394531
6/25/25 13:14,432,66.7945447098005,1.935,0.0,13,25,6,21.1212463,51.13553237915
6/25/25 12:59,432,66.7945447098005,1.935,0.0,12,25,6,21.1212463,51.086692810059
6/25/25 12:44,432,66.7945447098005,1.935,0.0,12,25,6,21.1837769,51.086692810059
6/25/25 12:29,432,66.7945447098005,1.935,0.0,12,25,6,21.1837769,50.769229888916
6/25/25 12:14,432,66.7945447098005,1.935,0.0,12,25,6,21.1212463,50.549449920654
6/25/25 11:59,432,66.7945447098005,1.935,0.0,11,25,6,21.1837769,50.207572937012
6/25/25 11:44,432,66.7945447098005,1.935,0.0,11,25,6,21.1837769,49.890110015869
6/25/25 11:29,432,66.7945447098005,1.935,0.0,11,25,6,21.1212463,49.938949584961
6/25/25 11:14,432,66.7945447098005,1.935,0.0,11,25,6,21.1212463,50.231990814209
6/25/25 10:59,432,66.7945447098005,1.935,0.0,10,25,6,21.1212463,50.378509521484
6/25/25 10:44,432,66.7945447098005,1.935,0.0,10,25,6,21.0587006,50.525032043457
6/25/25 10:29,432,66.7945447098005,1.935,0.0,10,25,6,20.99617,50.842491149902
6/25/25 10:14,432,66.7945447098005,1.935,0.0,10,25,6,20.99617,51.184371948242
6/25/25 9:59,432,66.7945447098005,1.935,0.0,9,25,6,20.9336243,51.086692810059
6/25/25 9:44,432,66.7945447098005,1.935,0.0,9,25,6,20.737606,51.770454406738
6/25/25 9:29,432,66.7945447098005,1.935,0.0,9,25,6,20.6209259,52.063495635986
6/25/25 9:14,432,66.7945447098005,1.935,0.0,9,25,6,20.4958496,52.210010528564
6/25/25 8:59,432,66.7945447098005,1.935,0.0,8,25,6,20.4333038,52.283271789551
6/25/25 8:44,432,66.7945447098005,1.935,0.0,8,25,6,20.245697,52.869354248047
6/25/25 8:29,432,66.7945447098005,1.935,0.0,8,25,6,20.245697,52.991451263428
6/25/25 8:14,432,66.7945447098005,1.935,0.0,8,25,6,20.183136,52.942615509033
6/25/25 7:59,432,66.7945447098005,1.935,0.0,7,25,6,20.183136,53.077217102051
6/25/25 7:44,432,66.7945447098005,1.935,0.0,7,25,6,20.1206055,53.406593322754
6/25/25 7:29,432,66.7945447098005,1.935,0.0,7,25,6,20.1206055,53.47985458374
6/25/25 7:14,432,66.7945447098005,1.935,0.0,7,25,6,20.1206055,53.308910369873
6/25/25 6:59,432,66.7945447098005,1.935,0.0,6,25,6,20.1206055,53.162395477295
6/25/25 6:44,432,66.7945447098005,1.935,0.0,6,25,6,20.1206055,52.991451263428
6/25/25 6:29,432,66.7945447098005,1.935,0.0,6,25,6,20.245697,52.405372619629
6/25/25 6:14,432,66.7945447098005,1.935,0.0,6,25,6,20.4333038,51.452991485596
6/25/25 5:59,432,66.7945447098005,1.935,0.0,5,25,6,20.245697,51.770454406738
6/25/25 5:44,432,66.7945447098005,1.935,0.0,5,25,6,20.6939507,49.721122741699
6/25/25 5:29,432,66.7945447098005,1.935,0.0,5,25,6,20.7460022,49.64591217041
6/25/25 5:14,432,66.7945447098005,1.935,0.0,5,25,6,20.7460022,49.561031341553
6/25/25 4:59,432,66.7945447098005,1.935,0.0,4,25,6,20.7460022,49.523811340332
6/25/25 4:44,432,66.7945447098005,1.935,0.0,4,25,6,20.808548,49.474967956543
6/25/25 4:29,432,66.7945447098005,1.935,0.0,4,25,6,20.808548,49.474967956543
6/25/25 4:14,432,66.7945447098005,1.935,0.0,4,25,6,20.808548,49.426132202148
6/25/25 3:59,432,66.7945447098005,1.935,0.0,3,25,6,20.8710785,49.328453063965
6/25/25 3:44,432,66.7945447098005,1.935,0.0,3,25,6,20.8710785,49.304027557373
6/25/25 3:29,432,66.7945447098005,1.935,0.0,3,25,6,20.8710785,49.279609680176
6/25/25 3:14,432,66.7945447098005,1.935,0.0,3,25,6,20.8710785,49.255191802979
6/25/25 2:59,432,66.7945447098005,1.935,0.0,2,25,6,20.9336243,49.157508850098
6/25/25 2:44,432,66.7945447098005,1.935,0.0,2,25,6,20.9336243,49.108669281006
6/25/25 2:29,432,66.7945447098005,1.935,0.0,2,25,6,20.9336243,49.059829711914
6/25/25 2:14,432,66.7945447098005,1.935,0.0,2,25,6,20.99617,49.010986328125
6/25/25 1:59,432,66.7945447098005,1.935,0.0,1,25,6,20.99617,48.913307189941
6/25/25 1:44,432,66.7945447098005,1.935,0.0,1,25,6,20.99617,48.840049743652
6/25/25 1:29,432,66.7945447098005,1.935,0.0,1,25,6,21.0587006,48.791210174561
6/25/25 1:14,432,66.7945447098005,1.935,0.0,1,25,6,21.0587006,48.742370605469
6/25/25 0:59,432,66.7945447098005,1.935,0.0,0,25,6,21.1212463,48.669109344482
6/25/25 0:44,432,66.7945447098005,1.935,0.0,0,25,6,21.1212463,48.595848083496
6/25/25 0:29,432,66.7945447098005,1.935,0.0,0,25,6,21.1837769,48.424907684326
6/25/25 0:14,432,66.7945447098005,1.935,0.0,0,25,6,21.1837769,48.351650238037
6/24/25 23:59,432,66.7945447098005,1.935,0.0,23,24,6,21.2463226,48.229545593262
6/24/25 23:44,432,66.7945447098005,1.935,0.0,23,24,6,21.2463226,48.15629196167
6/24/25 23:29,432,66.7945447098005,1.935,0.0,23,24,6,21.3088684,48.131866455078
6/24/25 23:14,432,66.7945447098005,1.935,0.0,23,24,6,21.3088684,48.009769439697
6/24/25 22:59,432,66.7945447098005,1.935,0.0,22,24,6,21.2463226,48.15629196167
6/24/25 22:44,432,66.7945447098005,1.935,0.0,22,24,6,21.1837769,48.351650238037
6/24/25 22:29,432,66.7945447098005,1.935,0.0,22,24,6,21.0587006,48.595848083496
6/24/25 22:14,432,66.7945447098005,1.935,0.0,22,24,6,20.8710785,48.913307189941
6/24/25 21:59,432,66.7945447098005,1.935,0.0,21,24,6,20.5583801,49.890110015869
6/24/25 21:44,432,66.7945447098005,1.935,0.0,21,24,6,20.5583801,49.548229217529
6/24/25 21:29,432,66.7945447098005,1.935,0.0,21,24,6,20.6209259,49.206348419189
6/24/25 21:14,432,66.7945447098005,1.935,0.0,21,24,6,20.7460022,49.010986328125
6/24/25 20:59,432,66.7945447098005,1.935,0.0,20,24,6,20.808548,49.108669281006
6/24/25 20:44,432,66.7945447098005,1.935,0.0,20,24,6,20.8710785,48.96215057373
6/24/25 20:29,432,66.7945447098005,1.935,0.0,20,24,6,20.9336243,48.815628051758
6/24/25 20:14,432,66.7945447098005,1.935,0.0,20,24,6,20.9336243,48.669109344482
6/24/25 19:59,432,66.7945447098005,1.935,0.0,19,24,6,20.99617,47.912086486816
6/24/25 19:44,432,66.7945447098005,1.935,0.0,19,24,6,21.0587006,47.374851226807
6/24/25 19:29,432,66.7945447098005,1.935,0.0,19,24,6,21.1212463,46.886447906494
6/24/25 19:14,432,66.7945447098005,1.935,0.0,19,24,6,21.1837769,46.520149230957
6/24/25 18:59,432,66.7945447098005,1.935,0.0,18,24,6,21.1837769,46.764347076416
6/24/25 18:44,432,66.7945447098005,1.935,0.0,18,24,6,21.3088684,47.374851226807
6/24/25 18:29,432,66.7945447098005,1.935,0.0,18,24,6,21.3713989,47.887668609619
6/24/25 18:14,432,66.7945447098005,1.935,0.0,18,24,6,21.4339294,49.181930541992
6/24/25 17:59,432,66.7945447098005,1.935,0.0,17,24,6,21.3713989,49.181930541992
6/24/25 17:44,432,66.7945447098005,1.935,0.0,17,24,6,21.3713989,49.157508850098
6/24/25 17:29,432,66.7945447098005,1.935,0.0,17,24,6,21.3713989,49.81685256958
6/24/25 17:14,432,66.7945447098005,1.935,0.0,17,24,6,21.4964905,50.085468292236
6/24/25 16:59,432,66.7945447098005,1.935,0.0,16,24,6,21.559021,49.792427062988
6/24/25 16:44,432,66.7945447098005,1.935,0.0,16,24,6,21.6840973,49.572650909424
6/24/25 16:29,432,66.7945447098005,1.935,0.0,16,24,6,21.7466431,50.354091644287
6/24/25 16:14,432,66.7945447098005,1.935,0.0,16,24,6,21.6840973,50.818073272705
6/24/25 15:59,432,66.7945447098005,1.935,0.0,15,24,6,21.6840973,50.354091644287
6/24/25 15:44,432,66.7945447098005,1.935,0.0,15,24,6,21.7466431,50.207572937012
6/24/25 15:29,432,66.7945447098005,1.935,0.0,15,24,6,21.7466431,49.694747924805
6/24/25 15:14,432,66.7945447098005,1.935,0.0,15,24,6,21.8717194,49.157508850098
6/24/25 14:59,432,66.7945447098005,1.935,0.0,14,24,6,21.8717194,48.69352722168
6/24/25 14:44,432,66.7945447098005,1.935,0.0,14,24,6,21.8717194,48.351650238037
6/24/25 14:29,432,66.7945447098005,1.935,0.0,14,24,6,21.9342499,48.034187316895
6/24/25 14:14,432,66.7945447098005,1.935,0.0,14,24,6,21.9342499,47.765571594238
6/24/25 13:59,432,66.7945447098005,1.935,0.0,13,24,6,21.9342499,47.448104858398
6/24/25 13:44,432,66.7945447098005,1.935,0.0,13,24,6,21.9342499,47.130645751953
6/24/25 13:29,432,66.7945447098005,1.935,0.0,13,24,6,21.9967957,46.886447906494
6/24/25 13:14,432,66.7945447098005,1.935,0.0,13,24,6,21.9967957,46.617828369141
6/24/25 12:59,432,66.7945447098005,1.935,0.0,12,24,6,21.9967957,46.398048400879
6/24/25 12:44,432,66.7945447098005,1.935,0.0,12,24,6,21.9967957,46.275943756104
6/24/25 12:29,432,66.7945447098005,1.935,0.0,12,24,6,21.9342499,46.324787139893
6/24/25 12:14,432,66.7945447098005,1.935,0.0,12,24,6,21.8717194,46.593410491943
6/24/25 11:59,432,66.7945447098005,1.935,0.0,11,24,6,21.8717194,46.129428863525
6/24/25 11:44,432,66.7945447098005,1.935,0.0,11,24,6,21.9967957,45.518928527832
6/24/25 11:29,432,66.7945447098005,1.935,0.0,11,24,6,21.8717194,45.518928527832
6/24/25 11:14,432,66.7945447098005,1.935,0.0,11,24,6,21.6840973,45.738708496094
6/24/25 10:59,432,66.7945447098005,1.935,0.0,10,24,6,21.3713989,46.056167602539
6/24/25 10:44,432,66.7945447098005,1.935,0.0,10,24,6,21.1212463,46.251525878906
6/24/25 10:29,432,66.7945447098005,1.935,0.0,10,24,6,20.9336243,46.202690124512
6/24/25 10:14,432,66.7945447098005,1.935,0.0,10,24,6,20.808548,46.251525878906
6/24/25 9:59,432,66.7945447098005,1.935,0.0,9,24,6,20.6834564,46.300369262695
6/24/25 9:44,432,66.7945447098005,1.935,0.0,9,24,6,20.4958496,46.739925384521
6/24/25 9:29,432,66.7945447098005,1.935,0.0,9,24,6,20.3082275,47.057384490967
6/24/25 9:14,432,66.7945447098005,1.935,0.0,9,24,6,20.1206055,47.30158996582
6/24/25 8:59,432,66.7945447098005,1.935,0.0,8,24,6,19.9329834,47.643466949463
6/24/25 8:44,432,66.7945447098005,1.935,0.0,8,24,6,19.7453766,47.985347747803
6/24/25 8:29,432,66.7945447098005,1.935,0.0,8,24,6,19.620285,48.009769439697
6/24/25 8:14,432,66.7945447098005,1.935,0.0,8,24,6,19.620285,47.47253036499
6/24/25 7:59,432,66.7945447098005,1.935,0.0,7,24,6,19.5577545,47.643466949463
6/24/25 7:44,432,66.7945447098005,1.935,0.0,7,24,6,19.3701324,47.985347747803
6/24/25 7:29,432,66.7945447098005,1.935,0.0,7,24,6,19.3701324,47.875755310059
6/24/25 7:14,432,66.7945447098005,1.935,0.0,7,24,6,19.3701324,47.741146087646
6/24/25 6:59,432,66.7945447098005,1.935,0.0,6,24,6,19.3701324,47.993350982666
6/24/25 6:44,432,66.7945447098005,1.935,0.0,6,24,6,19.2450562,48.595848083496
6/24/25 6:29,432,66.7945447098005,1.935,0.0,6,24,6,19.3075867,48.913307189941
6/24/25 6:14,432,66.7945447098005,1.935,0.0,6,24,6,19.620285,48.791210174561
6/24/25 5:59,432,66.7945447098005,1.935,0.0,5,24,6,19.8079071,49.499389648438
6/24/25 5:44,432,66.7945447098005,1.935,0.0,5,24,6,20.4333038,48.815628051758
6/24/25 5:29,432,66.7945447098005,1.935,0.0,5,24,6,20.4333038,48.717948913574
6/24/25 5:14,432,66.7945447098005,1.935,0.0,5,24,6,20.4333038,48.615383148193
6/24/25 4:59,432,66.7945447098005,1.935,0.0,4,24,6,20.4958496,48.449329376221
6/24/25 4:44,432,66.7945447098005,1.935,0.0,4,24,6,20.4958496,48.43932723999
6/24/25 4:29,432,66.7945447098005,1.935,0.0,4,24,6,20.5583801,48.302806854248
6/24/25 4:14,432,66.7945447098005,1.935,0.0,4,24,6,20.5583801,48.205127716064
6/24/25 3:59,432,66.7945447098005,1.935,0.0,3,24,6,20.5788765,48.107448577881
6/24/25 3:44,432,66.7945447098005,1.935,0.0,3,24,6,20.6209259,48.009769439697
6/24/25 3:29,432,66.7945447098005,1.935,0.0,3,24,6,20.6209259,47.960929870605
6/24/25 3:14,432,66.7945447098005,1.935,0.0,3,24,6,20.6834564,47.741146087646
6/24/25 2:59,432,66.7945447098005,1.935,0.0,2,24,6,20.6834564,47.667888641357
6/24/25 2:44,432,66.7945447098005,1.935,0.0,2,24,6,20.7460022,47.570209503174
6/24/25 2:29,432,66.7945447098005,1.935,0.0,2,24,6,20.808548,47.496948242188
6/24/25 2:14,432,66.7945447098005,1.935,0.0,2,24,6,20.808548,47.277168273926
6/24/25 1:59,432,66.7945447098005,1.935,0.0,1,24,6,20.9015999,47.106227874756
6/24/25 1:44,432,66.7945447098005,1.935,0.0,1,24,6,20.9336243,46.910869598389
6/24/25 1:29,432,66.7945447098005,1.935,0.0,1,24,6,20.99617,46.739925384521
6/24/25 1:14,432,66.7945447098005,1.935,0.0,1,24,6,21.0587006,46.691089630127
6/24/25 0:59,432,66.7945447098005,1.935,0.0,0,24,6,21.1212463,46.446887969971
6/24/25 0:44,432,66.7945447098005,1.935,0.0,0,24,6,21.1212463,46.251525878906
6/24/25 0:29,432,66.7945447098005,1.935,0.0,0,24,6,21.1837769,46.007328033447
6/24/25 0:14,432,66.7945447098005,1.935,0.0,0,24,6,21.2568169,45.763126373291
6/23/25 23:59,432,66.7945447098005,1.935,0.0,23,23,6,21.3088684,45.567764282227
6/23/25 23:44,432,66.7945447098005,1.935,0.0,23,23,6,21.3713989,45.40482711792
6/23/25 23:29,432,66.7945447098005,1.935,0.0,23,23,6,21.3713989,45.347988128662
6/23/25 23:14,432,66.7945447098005,1.935,0.0,23,23,6,21.3088684,45.250305175781
6/23/25 22:59,432,66.7945447098005,1.935,0.0,22,23,6,21.3088684,45.103782653809
6/23/25 22:44,432,66.7945447098005,1.935,0.0,22,23,6,21.2463226,45.152626037598
6/23/25 22:29,432,66.7945447098005,1.935,0.0,22,23,6,21.1837769,44.85958480835
6/23/25 22:14,432,66.7945447098005,1.935,0.0,22,23,6,21.0587006,44.884006500244
6/23/25 21:59,432,66.7945447098005,1.935,0.0,21,23,6,20.8710785,45.006103515625
6/23/25 21:44,432,66.7945447098005,1.935,0.0,21,23,6,20.8710785,45.396823883057
6/23/25 21:29,432,66.7945447098005,1.935,0.0,21,23,6,20.99617,45.445667266846
6/23/25 21:14,432,66.7945447098005,1.935,0.0,21,23,6,21.0587006,45.543346405029
6/23/25 20:59,432,66.7945447098005,1.935,0.0,20,23,6,21.1212463,45.763126373291
6/23/25 20:44,432,66.7945447098005,1.935,0.0,20,23,6,21.1837769,45.714286804199
6/23/25 20:29,432,66.7945447098005,1.935,0.0,20,23,6,21.2463226,45.909648895264
6/23/25 20:14,432,66.7945447098005,1.935,0.0,20,23,6,21.3713989,46.17826461792
6/23/25 19:59,432,66.7945447098005,1.935,0.0,19,23,6,21.4964905,46.300369262695
6/23/25 19:44,432,66.7945447098005,1.935,0.0,19,23,6,21.6215515,46.446887969971
6/23/25 19:29,432,66.7945447098005,1.935,0.0,19,23,6,21.6215515,46.495727539062
6/23/25 19:14,432,66.7945447098005,1.935,0.0,19,23,6,21.6840973,46.495727539062
6/23/25 18:59,432,66.7945447098005,1.935,0.0,18,23,6,21.7466431,46.471305847168
6/23/25 18:44,432,66.7945447098005,1.935,0.0,18,23,6,21.7466431,46.520149230957
6/23/25 18:29,432,66.7945447098005,1.935,0.0,18,23,6,21.8717194,46.691089630127
6/23/25 18:14,432,66.7945447098005,1.935,0.0,18,23,6,21.9342499,46.813186645508
6/23/25 17:59,432,66.7945447098005,1.935,0.0,17,23,6,22.0593414,47.03296661377
6/23/25 17:44,432,66.7945447098005,1.935,0.0,17,23,6,22.1218719,47.252746582031
6/23/25 17:29,432,66.7945447098005,1.935,0.0,17,23,6,22.1844177,47.350425720215
6/23/25 17:14,432,66.7945447098005,1.935,0.0,17,23,6,22.309494,47.496948242188
6/23/25 16:59,432,66.7945447098005,1.935,0.0,16,23,6,22.3720398,47.667888641357
6/23/25 16:44,432,66.7945447098005,1.935,0.0,16,23,6,22.3720398,48.15629196167
6/23/25 16:29,432,66.7945447098005,1.935,0.0,16,23,6,22.4971161,48.400489807129
6/23/25 16:14,432,66.7945447098005,1.935,0.0,16,23,6,22.7152519,48.644691467285
6/23/25 15:59,432,66.7945447098005,1.935,0.0,15,23,6,22.9974365,48.986568450928
6/23/25 15:44,432,66.7945447098005,1.935,0.0,15,23,6,23.3726654,49.206348419189
6/23/25 15:29,432,66.7945447098005,1.935,0.0,15,23,6,23.3726654,49.157508850098
6/23/25 15:14,432,66.7945447098005,1.935,0.0,15,23,6,23.2475891,49.328453063965
6/23/25 14:59,432,66.7945447098005,1.935,0.0,14,23,6,23.3101349,49.597068786621
6/23/25 14:44,432,66.7945447098005,1.935,0.0,14,23,6,23.497757,49.841270446777
6/23/25 14:29,432,66.7945447098005,1.935,0.0,14,23,6,23.6853638,49.865688323975
6/23/25 14:14,432,66.7945447098005,1.935,0.0,14,23,6,23.7479095,49.878192901611
6/23/25 13:59,432,66.7945447098005,1.935,0.0,13,23,6,23.7479095,50.012210845947
6/23/25 13:44,432,66.7945447098005,1.935,0.0,13,23,6,23.6853638,50.207572937012
6/23/25 13:29,432,66.7945447098005,1.935,0.0,13,23,6,23.6853638,50.305252075195
6/23/25 13:14,432,66.7945447098005,1.935,0.0,13,23,6,23.6228333,50.378509521484
6/23/25 12:59,432,66.7945447098005,1.935,0.0,12,23,6,23.6228333,50.476188659668
6/23/25 12:44,432,66.7945447098005,1.935,0.0,12,23,6,23.6853638,50.549449920654
6/23/25 12:29,432,66.7945447098005,1.935,0.0,12,23,6,23.6228333,50.695972442627
6/23/25 12:14,432,66.7945447098005,1.935,0.0,12,23,6,23.6228333,50.940170288086
6/23/25 11:59,432,66.7945447098005,1.935,0.0,11,23,6,23.5602875,51.326007843018
6/23/25 11:44,432,66.7945447098005,1.935,0.0,11,23,6,23.497757,51.550670623779
6/23/25 11:29,432,66.7945447098005,1.935,0.0,11,23,6,23.4352112,51.680778503418
6/23/25 11:14,432,66.7945447098005,1.935,0.0,11,23,6,23.3726654,51.892551422119
6/23/25 10:59,432,66.7945447098005,1.935,0.0,10,23,6,23.2475891,52.087913513184
6/23/25 10:44,432,66.7945447098005,1.935,0.0,10,23,6,23.1850433,52.429790496826
6/23/25 10:29,432,66.7945447098005,1.935,0.0,10,23,6,23.059967,52.747253417969
6/23/25 10:14,432,66.7945447098005,1.935,0.0,10,23,6,22.9348907,53.040294647217
6/23/25 9:59,432,66.7945447098005,1.935,0.0,9,23,6,22.8098145,53.308910369873
6/23/25 9:44,432,66.7945447098005,1.935,0.0,9,23,6,22.6221924,53.699630737305
6/23/25 9:29,432,66.7945447098005,1.935,0.0,9,23,6,22.4971161,54.041515350342
6/23/25 9:14,432,66.7945447098005,1.935,0.0,9,23,6,22.3720398,54.358974456787
6/23/25 8:59,432,66.7945447098005,1.935,0.0,8,23,6,22.1844177,54.627593994141
6/23/25 8:44,432,66.7945447098005,1.935,0.0,8,23,6,22.1218719,54.8717918396
6/23/25 8:29,432,66.7945447098005,1.935,0.0,8,23,6,22.0593414,55.189258575439
6/23/25 8:14,432,66.7945447098005,1.935,0.0,8,23,6,21.9967957,55.506717681885
6/23/25 7:59,432,66.7945447098005,1.935,0.0,7,23,6,21.9342499,55.799755096436
6/23/25 7:44,432,66.7945447098005,1.935,0.0,7,23,6,21.8717194,56.190475463867
6/23/25 7:29,432,66.7945447098005,1.935,0.0,7,23,6,21.8091736,56.459098815918
6/23/25 7:14,432,66.7945447098005,1.935,0.0,7,23,6,21.7466431,56.703296661377
6/23/25 6:59,432,66.7945447098005,1.935,0.0,6,23,6,21.6840973,57.015872955322
6/23/25 6:44,432,66.7945447098005,1.935,0.0,6,23,6,21.6084385,57.31379699707
6/23/25 6:29,432,66.7945447098005,1.935,0.0,6,23,6,21.4339294,57.680095672607
6/23/25 6:14,432,66.7945447098005,1.935,0.0,6,23,6,21.2463226,58.485958099365
6/23/25 5:59,432,66.7945447098005,1.935,0.0,5,23,6,20.99617,60.415138244629
6/23/25 5:44,432,66.7945447098005,1.935,0.0,5,23,6,21.559021,59.584861755371
6/23/25 5:29,432,66.7945447098005,1.935,0.0,5,23,6,21.559021,59.584861755371
6/23/25 5:14,432,66.7945447098005,1.935,0.0,5,23,6,21.6215515,59.584861755371
6/23/25 4:59,432,66.7945447098005,1.935,0.0,4,23,6,21.6215515,59.584861755371
6/23/25 4:44,432,66.7945447098005,1.935,0.0,4,23,6,21.6215515,59.584861755371
6/23/25 4:29,432,66.7945447098005,1.935,0.0,4,23,6,21.6215515,59.584861755371
6/23/25 4:14,432,66.7945447098005,1.935,0.0,4,23,6,21.6840973,59.609279632568
6/23/25 3:59,432,66.7945447098005,1.935,0.0,3,23,6,21.6840973,59.609279632568
6/23/25 3:44,432,66.7945447098005,1.935,0.0,3,23,6,21.6840973,59.560436248779
6/23/25 3:29,432,66.7945447098005,1.935,0.0,3,23,6,21.7466431,59.536018371582
6/23/25 3:14,432,66.7945447098005,1.935,0.0,3,23,6,21.7466431,59.536018371582
6/23/25 2:59,432,66.7945447098005,1.935,0.0,2,23,6,21.8091736,59.511600494385
6/23/25 2:44,432,66.7945447098005,1.935,0.0,2,23,6,21.8091736,59.536018371582
6/23/25 2:29,432,66.7945447098005,1.935,0.0,2,23,6,21.8717194,59.462757110596
6/23/25 2:14,432,66.7945447098005,1.935,0.0,2,23,6,21.8717194,59.389499664307
6/23/25 1:59,432,66.7945447098005,1.935,0.0,1,23,6,21.9342499,59.438339233398
6/23/25 1:44,432,66.7945447098005,1.935,0.0,1,23,6,21.9342499,59.389499664307
6/23/25 1:29,432,66.7945447098005,1.935,0.0,1,23,6,21.9967957,59.389499664307
6/23/25 1:14,432,66.7945447098005,1.935,0.0,1,23,6,22.0593414,59.365077972412
6/23/25 0:59,432,66.7945447098005,1.935,0.0,0,23,6,22.1218719,59.291820526123
6/23/25 0:44,432,66.7945447098005,1.935,0.0,0,23,6,22.171299,59.242977142334
6/23/25 0:29,432,66.7945447098005,1.935,0.0,0,23,6,22.1844177,59.242977142334
6/23/25 0:14,432,66.7945447098005,1.935,0.0,0,23,6,22.2469635,59.169715881348
6/22/25 23:59,432,66.7945447098005,1.935,0.0,23,22,6,22.309494,59.047618865967
6/22/25 23:44,432,66.7945447098005,1.935,0.0,23,22,6,22.4345703,58.925518035889
6/22/25 23:29,432,66.7945447098005,1.935,0.0,23,22,6,22.4971161,58.803421020508
6/22/25 23:14,432,66.7945447098005,1.935,0.0,23,22,6,22.5596619,58.559219360352
6/22/25 22:59,432,66.7945447098005,1.935,0.0,22,22,6,22.6847229,58.16849899292
6/22/25 22:44,432,66.7945447098005,1.935,0.0,22,22,6,22.8098145,57.948719024658
6/22/25 22:29,432,66.7945447098005,1.935,0.0,22,22,6,22.9348907,57.680095672607
6/22/25 22:14,432,66.7945447098005,1.935,0.0,22,22,6,23.1850433,57.216114044189
6/22/25 21:59,432,66.7945447098005,1.935,0.0,21,22,6,23.1850433,57.240539550781
6/22/25 21:44,432,66.7945447098005,1.935,0.0,21,22,6,23.2475891,57.264957427979
6/22/25 21:29,432,66.7945447098005,1.935,0.0,21,22,6,23.2475891,57.289375305176
6/22/25 21:14,432,66.7945447098005,1.935,0.0,21,22,6,23.2475891,57.31379699707
6/22/25 20:59,432,66.7945447098005,1.935,0.0,20,22,6,23.2475891,57.387058258057
6/22/25 20:44,432,66.7945447098005,1.935,0.0,20,22,6,23.2896385,57.387058258057
6/22/25 20:29,432,66.7945447098005,1.935,0.0,20,22,6,23.3101349,57.411476135254
6/22/25 20:14,432,66.7945447098005,1.935,0.0,20,22,6,23.3101349,57.460319519043
6/22/25 19:59,432,66.7945447098005,1.935,0.0,19,22,6,23.3101349,57.264957427979
6/22/25 19:44,432,66.7945447098005,1.935,0.0,19,22,6,23.3101349,57.264957427979
6/22/25 19:29,432,66.7945447098005,1.935,0.0,19,22,6,23.3101349,57.240539550781
6/22/25 19:14,432,66.7945447098005,1.935,0.0,19,22,6,23.3101349,57.167278289795
6/22/25 18:59,432,66.7945447098005,1.935,0.0,18,22,6,23.2970161,57.069599151611
6/22/25 18:44,432,66.7945447098005,1.935,0.0,18,22,6,23.3421516,57.020755767822
6/22/25 18:29,432,66.7945447098005,1.935,0.0,18,22,6,23.3101349,56.996337890625
6/22/25 18:14,432,66.7945447098005,1.935,0.0,18,22,6,23.3101349,56.923076629639
6/22/25 17:59,432,66.7945447098005,1.935,0.0,17,22,6,23.3101349,56.923076629639
6/22/25 17:44,432,66.7945447098005,1.935,0.0,17,22,6,23.3726654,56.84981918335
6/22/25 17:29,432,66.7945447098005,1.935,0.0,17,22,6,23.3726654,56.923076629639
6/22/25 17:14,432,66.7945447098005,1.935,0.0,17,22,6,23.3726654,56.923076629639
6/22/25 16:59,432,66.7945447098005,1.935,0.0,16,22,6,23.3726654,56.947498321533
6/22/25 16:44,432,66.7945447098005,1.935,0.0,16,22,6,23.3101349,56.97191619873
6/22/25 16:29,432,66.7945447098005,1.935,0.0,16,22,6,23.3726654,56.996337890625
6/22/25 16:14,432,66.7945447098005,1.935,0.0,16,22,6,23.3101349,57.020755767822
6/22/25 15:59,432,66.7945447098005,1.935,0.0,15,22,6,23.3101349,57.045177459717
6/22/25 15:44,432,66.7945447098005,1.935,0.0,15,22,6,23.2475891,57.069599151611
6/22/25 15:29,432,66.7945447098005,1.935,0.0,15,22,6,23.2475891,57.118434906006
6/22/25 15:14,432,66.7945447098005,1.935,0.0,15,22,6,23.1850433,57.216114044189
6/22/25 14:59,432,66.7945447098005,1.935,0.0,14,22,6,23.1225128,57.289375305176
6/22/25 14:44,432,66.7945447098005,1.935,0.0,14,22,6,23.059967,57.338218688965
6/22/25 14:29,432,66.7945447098005,1.935,0.0,14,22,6,22.9974365,57.362636566162
6/22/25 14:14,432,66.7945447098005,1.935,0.0,14,22,6,22.9348907,57.435897827148
6/22/25 13:59,432,66.7945447098005,1.935,0.0,13,22,6,22.872345,57.509155273438
6/22/25 13:44,432,66.7945447098005,1.935,0.0,13,22,6,22.8098145,57.631259918213
6/22/25 13:29,432,66.7945447098005,1.935,0.0,13,22,6,22.7472839,57.753356933594
6/22/25 13:14,432,66.7945447098005,1.935,0.0,13,22,6,22.6847229,57.82661819458
6/22/25 12:59,432,66.7945447098005,1.935,0.0,12,22,6,22.6847229,57.851039886475
6/22/25 12:44,432,66.7945447098005,1.935,0.0,12,22,6,22.6847229,57.851039886475
6/22/25 12:29,432,66.7945447098005,1.935,0.0,12,22,6,22.6847229,57.851039886475
6/22/25 12:14,432,66.7945447098005,1.935,0.0,12,22,6,22.6847229,57.82661819458
6/22/25 11:59,432,66.7945447098005,1.935,0.0,11,22,6,22.6847229,57.753356933594
6/22/25 11:44,432,66.7945447098005,1.935,0.0,11,22,6,22.6847229,57.753356933594
6/22/25 11:29,432,66.7945447098005,1.935,0.0,11,22,6,22.6847229,57.777778625488
6/22/25 11:14,432,66.7945447098005,1.935,0.0,11,22,6,22.6847229,57.8021965
6/22/25 10:59,432,66.7945447098005,1.935,0.0,10,22,6,22.6642323,57.8510399
6/22/25 10:44,432,66.7945447098005,1.935,0.0,10,22,6,22.6221924,57.948719
6/22/25 10:29,432,66.7945447098005,1.935,0.0,10,22,6,22.5596619,57.8266182
6/22/25 10:14,432,66.7945447098005,1.935,0.0,10,22,6,22.5596619,57.7533569
6/22/25 9:59,432,66.7945447098005,1.935,0.0,9,22,6,22.5596619,57.6068344
6/22/25 9:44,432,66.7945447098005,1.935,0.0,9,22,6,22.5596619,57.7533569
6/22/25 9:29,432,66.7945447098005,1.935,0.0,9,22,6,22.5596619,57.7045174
6/22/25 9:14,432,66.7945447098005,1.935,0.0,9,22,6,22.5465431,57.7045174
6/22/25 8:59,432,66.7945447098005,1.935,0.0,8,22,6,22.4971161,57.7777786
6/22/25 8:44,432,66.7945447098005,1.935,0.0,8,22,6,22.4345703,57.9243011
6/22/25 8:29,432,66.7945447098005,1.935,0.0,8,22,6,22.3720398,57.9243011
6/22/25 8:14,432,66.7945447098005,1.935,0.0,8,22,6,22.3720398,57.9975548
6/22/25 7:59,432,66.7945447098005,1.935,0.0,7,22,6,22.309494,58.168499
6/22/25 7:44,432,66.7945447098005,1.935,0.0,7,22,6,22.2469635,58.290596
6/22/25 7:29,432,66.7945447098005,1.935,0.0,7,22,6,22.1218719,58.4859581
6/22/25 7:14,432,66.7945447098005,1.935,0.0,7,22,6,22.1218719,58.7301598
6/22/25 6:59,432,66.7945447098005,1.935,0.0,6,22,6,21.9967957,58.9743576
6/22/25 6:44,432,66.7945447098005,1.935,0.0,6,22,6,21.8717194,59.3406601
6/22/25 6:29,432,66.7945447098005,1.935,0.0,6,22,6,21.7466431,59.8339424
6/22/25 6:14,432,66.7945447098005,1.935,0.0,6,22,6,21.4964905,60.6837616
6/22/25 5:59,432,66.7945447098005,1.935,0.0,5,22,6,21.2463226,62.1573792
6/22/25 5:44,432,66.7945447098005,1.935,0.0,5,22,6,21.8717194,60.5372429
6/22/25 5:29,432,66.7945447098005,1.935,0.0,5,22,6,21.8717194,60.5372429
6/22/25 5:14,432,66.7945447098005,1.935,0.0,5,22,6,21.8717194,60.5860825
6/22/25 4:59,432,66.7945447098005,1.935,0.0,4,22,6,21.8717194,60.5128212
6/22/25 4:44,432,66.7945447098005,1.935,0.0,4,22,6,21.9342499,60.4639816
6/22/25 4:29,432,66.7945447098005,1.935,0.0,4,22,6,21.9342499,60.4395638
6/22/25 4:14,432,66.7945447098005,1.935,0.0,4,22,6,21.9967957,60.3907204
6/22/25 3:59,432,66.7945447098005,1.935,0.0,3,22,6,21.9967957,60.3663025
6/22/25 3:44,432,66.7945447098005,1.935,0.0,3,22,6,22.0593414,60.3418846
6/22/25 3:29,432,66.7945447098005,1.935,0.0,3,22,6,22.1218719,60.3174591
6/22/25 3:14,432,66.7945447098005,1.935,0.0,3,22,6,22.1218719,60.2442017
6/22/25 2:59,432,66.7945447098005,1.935,0.0,2,22,6,22.1844177,60.21978
6/22/25 2:44,432,66.7945447098005,1.935,0.0,2,22,6,22.1844177,60.21978
6/22/25 2:29,432,66.7945447098005,1.935,0.0,2,22,6,22.2469635,60.1709404
6/22/25 2:14,432,66.7945447098005,1.935,0.0,2,22,6,22.309494,60.1221008
6/22/25 1:59,432,66.7945447098005,1.935,0.0,1,22,6,22.309494,60.0976791
6/22/25 1:44,432,66.7945447098005,1.935,0.0,1,22,6,22.3720398,60.0244179
6/22/25 1:29,432,66.7945447098005,1.935,0.0,1,22,6,22.4345703,59.9142342
6/22/25 1:14,432,66.7945447098005,1.935,0.0,1,22,6,22.4971161,59.8534775
6/22/25 0:59,432,66.7945447098005,1.935,0.0,0,22,6,22.5096245,59.78022
6/22/25 0:44,432,66.7945447098005,1.935,0.0,0,22,6,22.6221924,59.6581192
6/22/25 0:29,432,66.7945447098005,1.935,0.0,0,22,6,22.6847229,59.5360184
6/22/25 0:14,432,66.7945447098005,1.935,0.0,0,22,6,22.7472839,59.4627571
6/21/25 23:59,432,66.7945447098005,1.935,0.0,23,21,6,22.8098145,59.3162384
6/21/25 23:44,432,66.7945447098005,1.935,0.0,23,21,6,22.872345,59.2185593
6/21/25 23:29,432,66.7945447098005,1.935,0.0,23,21,6,22.9432869,58.9499397
6/21/25 23:14,432,66.7945447098005,1.935,0.0,23,21,6,23.059967,58.4615364
6/21/25 22:59,432,66.7945447098005,1.935,0.0,22,21,6,23.1850433,58.2661781
6/21/25 22:44,432,66.7945447098005,1.935,0.0,22,21,6,23.3101349,58.0952377
6/21/25 22:29,432,66.7945447098005,1.935,0.0,22,21,6,23.4352112,57.8998756
6/21/25 22:14,432,66.7945447098005,1.935,0.0,22,21,6,23.5602875,57.6556778
6/21/25 21:59,432,66.7945447098005,1.935,0.0,21,21,6,23.4352112,58.5592194
6/21/25 21:44,432,66.7945447098005,1.935,0.0,21,21,6,23.4352112,58.3638573
6/21/25 21:29,432,66.7945447098005,1.935,0.0,21,21,6,23.3726654,58.3150215
6/21/25 21:14,432,66.7945447098005,1.935,0.0,21,21,6,23.3101349,58.2661781
6/21/25 20:59,432,66.7945447098005,1.935,0.0,20,21,6,23.2475891,58.2661781
6/21/25 20:44,432,66.7945447098005,1.935,0.0,20,21,6,23.2475891,58.2661781
6/21/25 20:29,432,66.7945447098005,1.935,0.0,20,21,6,23.2475891,58.2173386
6/21/25 20:14,432,66.7945447098005,1.935,0.0,20,21,6,23.2475891,58.168499
6/21/25 19:59,432,66.7945447098005,1.935,0.0,19,21,6,23.3101349,58.1196594
6/21/25 19:44,432,66.7945447098005,1.935,0.0,19,21,6,23.3101349,58.070816
6/21/25 19:29,432,66.7945447098005,1.935,0.0,19,21,6,23.3101349,58.0219803
6/21/25 19:14,432,66.7945447098005,1.935,0.0,19,21,6,23.3726654,58.0219803
6/21/25 18:59,432,66.7945447098005,1.935,0.0,18,21,6,23.3726654,57.9975548
6/21/25 18:44,432,66.7945447098005,1.935,0.0,18,21,6,23.3726654,57.8998756
6/21/25 18:29,432,66.7945447098005,1.935,0.0,18,21,6,23.3726654,57.7533569
6/21/25 18:14,432,66.7945447098005,1.935,0.0,18,21,6,23.3726654,57.72015
6/21/25 17:59,432,66.7945447098005,1.935,0.0,17,21,6,23.4352112,57.7289391
6/21/25 17:44,432,66.7945447098005,1.935,0.0,17,21,6,23.4352112,57.7941933
6/21/25 17:29,432,66.7945447098005,1.935,0.0,17,21,6,23.4352112,57.8998756
6/21/25 17:14,432,66.7945447098005,1.935,0.0,17,21,6,23.4352112,57.9731369
6/21/25 16:59,432,66.7945447098005,1.935,0.0,16,21,6,23.4352112,57.9975548
6/21/25 16:44,432,66.7945447098005,1.935,0.0,16,21,6,23.3726654,58.1440773
6/21/25 16:29,432,66.7945447098005,1.935,0.0,16,21,6,23.2475891,58.5103798
6/21/25 16:13,432,66.7945447098005,1.935,0.0,16,21,6,22.9974365,59.3406601
6/21/25 15:59,432,66.7945447098005,1.935,0.0,15,21,6,23.059967,59.2429771
6/21/25 15:44,432,66.7945447098005,1.935,0.0,15,21,6,23.4352112,58.6568985
6/21/25 15:29,432,66.7945447098005,1.935,0.0,15,21,6,23.5602875,57.9856415
6/21/25 15:13,432,66.7945447098005,1.935,0.0,15,21,6,23.1850433,58.8766785
6/21/25 14:59,432,66.7945447098005,1.935,0.0,14,21,6,23.1225128,59.2185593
6/21/25 14:43,432,66.7945447098005,1.935,0.0,14,21,6,23.3726654,58.8278389
6/21/25 14:28,432,66.7945447098005,1.935,0.0,14,21,6,23.8104553,58.168499
6/21/25 14:13,432,66.7945447098005,1.935,0.0,14,21,6,23.9355164,58.1440773
6/21/25 13:59,432,66.7945447098005,1.935,0.0,13,21,6,23.7479095,58.5836372
6/21/25 13:44,432,66.7945447098005,1.935,0.0,13,21,6,23.6228333,59.1208801
6/21/25 13:29,432,66.7945447098005,1.935,0.0,13,21,6,23.3726654,59.9267387
6/21/25 13:13,432,66.7945447098005,1.935,0.0,13,21,6,23.059967,61.0168533
6/21/25 12:59,432,66.7945447098005,1.935,0.0,12,21,6,22.9974365,60.3174591
6/21/25 12:44,432,66.7945447098005,1.935,0.0,12,21,6,23.059967,60.0244179
6/21/25 12:28,432,66.7945447098005,1.935,0.0,12,21,6,23.1225128,59.5360184
6/21/25 12:13,432,66.7945447098005,1.935,0.0,12,21,6,23.1850433,59.0720367
6/21/25 11:59,432,66.7945447098005,1.935,0.0,11,21,6,23.2475891,58.5592194
6/21/25 11:44,432,66.7945447098005,1.935,0.0,11,21,6,23.3726654,58.070816
6/21/25 11:29,432,66.7945447098005,1.935,0.0,11,21,6,23.5602875,57.4114761
6/21/25 11:13,432,66.7945447098005,1.935,0.0,11,21,6,23.8104553,56.4346733
6/21/25 10:59,432,66.7945447098005,1.935,0.0,10,21,6,24.1231384,55.3113556
6/21/25 10:44,432,66.7945447098005,1.935,0.0,10,21,6,23.9980774,55.4334564
6/21/25 10:29,432,66.7945447098005,1.935,0.0,10,21,6,23.9355164,55.5555534
6/21/25 10:13,432,66.7945447098005,1.935,0.0,10,21,6,23.8104553,55.702076
6/21/25 9:59,432,66.7945447098005,1.935,0.0,9,21,6,23.72229,55.9462738
6/21/25 9:43,432,66.7945447098005,1.935,0.0,9,21,6,23.6228333,56.2881584
6/21/25 9:28,432,66.7945447098005,1.935,0.0,9,21,6,23.497757,56.6544571
6/21/25 9:13,432,66.7945447098005,1.935,0.0,9,21,6,23.3726654,57.094017
6/21/25 8:59,432,66.7945447098005,1.935,0.0,8,21,6,23.1850433,57.5824165
6/21/25 8:43,432,66.7945447098005,1.935,0.0,8,21,6,23.059967,58.0463982
6/21/25 8:28,432,66.7945447098005,1.935,0.0,8,21,6,22.872345,58.4615364
6/21/25 8:13,432,66.7945447098005,1.935,0.0,8,21,6,22.693119,58.803421
6/21/25 7:58,432,66.7945447098005,1.935,0.0,7,21,6,22.5965786,59.0476189
6/21/25 7:43,432,66.7945447098005,1.935,0.0,7,21,6,22.4971161,59.2429771
6/21/25 7:28,432,66.7945447098005,1.935,0.0,7,21,6,22.4345703,59.4139214
6/21/25 7:13,432,66.7945447098005,1.935,0.0,7,21,6,22.3720398,59.5848618
6/21/25 6:59,432,66.7945447098005,1.935,0.0,6,21,6,22.309494,59.7557983
6/21/25 6:44,432,66.7945447098005,1.935,0.0,6,21,6,22.2469635,60
6/21/25 6:29,432,66.7945447098005,1.935,0.0,6,21,6,22.1218719,60.3907204
6/21/25 6:13,432,66.7945447098005,1.935,0.0,6,21,6,21.9342499,60.9768028
6/21/25 5:59,432,66.7945447098005,1.935,0.0,5,21,6,21.7466431,61.3431015
6/21/25 5:44,432,66.7945447098005,1.935,0.0,5,21,6,22.1218719,59.2429771
6/21/25 5:29,432,66.7945447098005,1.935,0.0,5,21,6,22.1844177,59.1617126
6/21/25 5:14,432,66.7945447098005,1.935,0.0,5,21,6,22.1844177,59.1208801
6/21/25 4:59,432,66.7945447098005,1.935,0.0,4,21,6,22.2469635,59.023201
6/21/25 4:44,432,66.7945447098005,1.935,0.0,4,21,6,22.2469635,58.9011002
6/21/25 4:28,432,66.7945447098005,1.935,0.0,4,21,6,22.2469635,58.9499397
6/21/25 4:13,432,66.7945447098005,1.935,0.0,4,21,6,22.309494,58.8278389
6/21/25 3:59,432,66.7945447098005,1.935,0.0,3,21,6,22.309494,58.7545776
6/21/25 3:43,432,66.7945447098005,1.935,0.0,3,21,6,22.3720398,58.6813164
6/21/25 3:28,432,66.7945447098005,1.935,0.0,3,21,6,22.4345703,58.6080589
6/21/25 3:13,432,66.7945447098005,1.935,0.0,3,21,6,22.4345703,58.5592194
6/21/25 2:58,432,66.7945447098005,1.935,0.0,2,21,6,22.4971161,58.5347977
6/21/25 2:43,432,66.7945447098005,1.935,0.0,2,21,6,22.4971161,58.5103798
6/21/25 2:28,432,66.7945447098005,1.935,0.0,2,21,6,22.5596619,58.4859581
6/21/25 2:13,432,66.7945447098005,1.935,0.0,2,21,6,22.5701523,58.4127007
6/21/25 1:58,432,66.7945447098005,1.935,0.0,1,21,6,22.6221924,58.3394394
6/21/25 1:43,432,66.7945447098005,1.935,0.0,1,21,6,22.6847229,58.2661781
6/21/25 1:28,432,66.7945447098005,1.935,0.0,1,21,6,22.7472839,58.1440773
6/21/25 1:13,432,66.7945447098005,1.935,0.0,1,21,6,22.8098145,58.0463982
6/21/25 0:59,432,66.7945447098005,1.935,0.0,0,21,6,22.872345,57.9438362
6/21/25 0:43,432,66.7945447098005,1.935,0.0,0,21,6,22.9974365,57.7777786
6/21/25 0:28,432,66.7945447098005,1.935,0.0,0,21,6,23.059967,57.6556778
6/21/25 0:13,432,66.7945447098005,1.935,0.0,0,21,6,23.1225128,57.6068344
6/20/25 23:59,432,66.7945447098005,1.935,0.0,23,20,6,23.2475891,57.4847374
6/20/25 23:44,432,66.7945447098005,1.935,0.0,23,20,6,23.3101349,57.1672783
6/20/25 23:28,432,66.7945447098005,1.935,0.0,23,20,6,23.3726654,56.7277145
6/20/25 23:13,432,66.7945447098005,1.935,0.0,23,20,6,23.4352112,56.7032967
6/20/25 22:59,432,66.7945447098005,1.935,0.0,22,20,6,23.497757,56.7032967
6/20/25 22:44,432,66.7945447098005,1.935,0.0,22,20,6,23.497757,56.7472534
6/20/25 22:28,432,66.7945447098005,1.935,0.0,22,20,6,23.5602875,56.75214
6/20/25 22:13,432,66.7945447098005,1.935,0.0,22,20,6,23.7479095,56.3205795
6/20/25 21:59,432,66.7945447098005,1.935,0.0,21,20,6,23.5602875,57.6800957
6/20/25 21:44,432,66.7945447098005,1.935,0.0,21,20,6,23.6228333,57.4603195
6/20/25 21:29,432,66.7945447098005,1.935,0.0,21,20,6,23.6228333,57.2893753
6/20/25 21:14,432,66.7945447098005,1.935,0.0,21,20,6,23.6228333,57.1184349
6/20/25 20:59,432,66.7945447098005,1.935,0.0,20,20,6,23.6228333,56.9474983
6/20/25 20:44,432,66.7945447098005,1.935,0.0,20,20,6,23.6228333,56.8986549
6/20/25 20:29,432,66.7945447098005,1.935,0.0,20,20,6,23.6228333,56.8253937
6/20/25 20:13,432,66.7945447098005,1.935,0.0,20,20,6,23.6228333,56.6788788
6/20/25 19:59,432,66.7945447098005,1.935,0.0,19,20,6,23.6228333,56.6876678
6/20/25 19:44,432,66.7945447098005,1.935,0.0,19,20,6,23.5602875,57.0451775
6/20/25 19:29,432,66.7945447098005,1.935,0.0,19,20,6,23.3726654,57.7777786
6/20/25 19:13,432,66.7945447098005,1.935,0.0,19,20,6,23.2475891,58.0463982
6/20/25 18:59,432,66.7945447098005,1.935,0.0,18,20,6,23.6228333,56.424839
6/20/25 18:44,432,66.7945447098005,1.935,0.0,18,20,6,23.7479095,55.2380943
6/20/25 18:28,432,66.7945447098005,1.935,0.0,18,20,6,23.7479095,55.3113556
6/20/25 18:13,432,66.7945447098005,1.935,0.0,18,20,6,23.5602875,55.9218559
6/20/25 17:59,432,66.7945447098005,1.935,0.0,17,20,6,23.4352112,55.8241768
6/20/25 17:44,432,66.7945447098005,1.935,0.0,17,20,6,23.2475891,56.3321114
6/20/25 17:29,432,66.7945447098005,1.935,0.0,17,20,6,23.4352112,56.3858376
6/20/25 17:14,432,66.7945447098005,1.935,0.0,17,20,6,23.6228333,55.4334564
6/20/25 16:59,432,66.7945447098005,1.935,0.0,16,20,6,23.497757,55.702076
6/20/25 16:44,432,66.7945447098005,1.935,0.0,16,20,6,23.2475891,56.3125763
6/20/25 16:29,432,66.7945447098005,1.935,0.0,16,20,6,23.497757,56.2148972
6/20/25 16:14,432,66.7945447098005,1.935,0.0,16,20,6,23.7017612,55.1892586
6/20/25 15:59,432,66.7945447098005,1.935,0.0,15,20,6,23.600317,55.5311356
6/20/25 15:44,432,66.7945447098005,1.935,0.0,15,20,6,23.4352112,56.1172142
6/20/25 15:28,432,66.7945447098005,1.935,0.0,15,20,6,23.059967,57.216114
6/20/25 15:13,432,66.7945447098005,1.935,0.0,15,20,6,23.1225128,57.4358978
6/20/25 14:59,432,66.7945447098005,1.935,0.0,14,20,6,23.3726654,56.8009758
6/20/25 14:43,432,66.7945447098005,1.935,0.0,14,20,6,23.6853638,56.1172142
6/20/25 14:28,432,66.7945447098005,1.935,0.0,14,20,6,23.4352112,57.0695992
6/20/25 14:13,432,66.7945447098005,1.935,0.0,14,20,6,23.059967,58.2661781
6/20/25 13:59,432,66.7945447098005,1.935,0.0,13,20,6,23.059967,57.8021965
6/20/25 13:44,432,66.7945447098005,1.935,0.0,13,20,6,23.059967,57.2405396
6/20/25 13:29,432,66.7945447098005,1.935,0.0,13,20,6,23.1225128,56.7277145
6/20/25 13:13,432,66.7945447098005,1.935,0.0,13,20,6,23.1850433,56.4590988
6/20/25 12:59,432,66.7945447098005,1.935,0.0,12,20,6,23.2475891,56.6056175
6/20/25 12:44,432,66.7945447098005,1.935,0.0,12,20,6,23.2475891,56.6788788
6/20/25 12:29,432,66.7945447098005,1.935,0.0,12,20,6,23.3101349,56.7277145
6/20/25 12:13,432,66.7945447098005,1.935,0.0,12,20,6,23.3726654,56.7357178
6/20/25 11:59,432,66.7945447098005,1.935,0.0,11,20,6,23.4227028,56.3125763
6/20/25 11:44,432,66.7945447098005,1.935,0.0,11,20,6,23.497757,55.3723259
6/20/25 11:28,432,66.7945447098005,1.935,0.0,11,20,6,23.6228333,54.6520157
6/20/25 11:13,432,66.7945447098005,1.935,0.0,11,20,6,23.7479095,53.6752129
6/20/25 10:58,432,66.7945447098005,1.935,0.0,10,20,6,23.9355164,52.5518951
6/20/25 10:43,432,66.7945447098005,1.935,0.0,10,20,6,23.7479095,52.4786339
6/20/25 10:28,432,66.7945447098005,1.935,0.0,10,20,6,23.5602875,52.4297905
6/20/25 10:13,432,66.7945447098005,1.935,0.0,10,20,6,23.4352112,52.4297905
6/20/25 9:58,432,66.7945447098005,1.935,0.0,9,20,6,23.2475891,52.5831528
6/20/25 9:43,432,66.7945447098005,1.935,0.0,9,20,6,23.1225128,52.7228317
6/20/25 9:28,432,66.7945447098005,1.935,0.0,9,20,6,22.9974365,52.7472534
6/20/25 9:13,432,66.7945447098005,1.935,0.0,9,20,6,22.9348907,52.6495743
6/20/25 8:58,432,66.7945447098005,1.935,0.0,8,20,6,22.872345,52.6007309
6/20/25 8:43,432,66.7945447098005,1.935,0.0,8,20,6,22.872345,52.5518951
6/20/25 8:28,432,66.7945447098005,1.935,0.0,8,20,6,22.7472839,52.6007309
6/20/25 8:13,432,66.7945447098005,1.935,0.0,8,20,6,22.6221924,52.7228317
6/20/25 7:58,432,66.7945447098005,1.935,0.0,7,20,6,22.4971161,52.8937721
6/20/25 7:43,432,66.7945447098005,1.935,0.0,7,20,6,22.4345703,53.0451775
6/20/25 7:28,432,66.7945447098005,1.935,0.0,7,20,6,22.309494,53.2112312
6/20/25 7:13,432,66.7945447098005,1.935,0.0,7,20,6,22.2469635,53.4065933
6/20/25 6:58,432,66.7945447098005,1.935,0.0,6,20,6,22.1844177,53.6019516
6/20/25 6:43,432,66.7945447098005,1.935,0.0,6,20,6,22.0593414,53.870575
6/20/25 6:28,432,66.7945447098005,1.935,0.0,6,20,6,21.9342499,54.3833923
6/20/25 6:13,432,66.7945447098005,1.935,0.0,6,20,6,21.7466431,54.8962173
6/20/25 5:58,432,66.7945447098005,1.935,0.0,5,20,6,21.4339294,54.7008553
6/20/25 5:43,432,66.7945447098005,1.935,0.0,5,20,6,21.8717194,52.4297905
6/20/25 5:28,432,66.7945447098005,1.935,0.0,5,20,6,21.9342499,52.3125763
6/20/25 5:13,432,66.7945447098005,1.935,0.0,5,20,6,21.9342499,52.2832718
6/20/25 4:58,432,66.7945447098005,1.935,0.0,4,20,6,21.9967957,52.1755905
6/20/25 4:43,432,66.7945447098005,1.935,0.0,4,20,6,21.9967957,52.1123314
6/20/25 4:28,432,66.7945447098005,1.935,0.0,4,20,6,22.0593414,52.0390701
6/20/25 4:13,432,66.7945447098005,1.935,0.0,4,20,6,22.0593414,51.9658127
6/20/25 3:58,432,66.7945447098005,1.935,0.0,3,20,6,22.0593414,51.9169731
6/20/25 3:43,432,66.7945447098005,1.935,0.0,3,20,6,22.1218719,51.8437119
6/20/25 3:28,432,66.7945447098005,1.935,0.0,3,20,6,22.1844177,51.7704544
6/20/25 3:13,432,66.7945447098005,1.935,0.0,3,20,6,22.2469635,51.721611
6/20/25 2:59,432,66.7945447098005,1.935,0.0,2,20,6,22.2469635,51.6239319
6/20/25 2:44,432,66.7945447098005,1.935,0.0,2,20,6,22.309494,51.5750923
6/20/25 2:29,432,66.7945447098005,1.935,0.0,2,20,6,22.3720398,51.4774132
6/20/25 2:14,432,66.7945447098005,1.935,0.0,2,20,6,22.4345703,51.4041519
6/20/25 1:59,432,66.7945447098005,1.935,0.0,1,20,6,22.4345703,51.2576294
6/20/25 1:44,432,66.7945447098005,1.935,0.0,1,20,6,22.5596619,51.1843719
6/20/25 1:29,432,66.7945447098005,1.935,0.0,1,20,6,22.6221924,51.0134315
6/20/25 1:14,432,66.7945447098005,1.935,0.0,1,20,6,22.6847229,50.8424911
6/20/25 0:59,432,66.7945447098005,1.935,0.0,0,20,6,22.8098145,50.6715508
6/20/25 0:44,432,66.7945447098005,1.935,0.0,0,20,6,22.872345,50.4761887
6/20/25 0:29,432,66.7945447098005,1.935,0.0,0,20,6,22.9974365,50.2564087
6/20/25 0:14,432,66.7945447098005,1.935,0.0,0,20,6,23.1225128,50.0122108
6/19/25 23:59,432,66.7945447098005,1.935,0.0,23,19,6,23.1850433,49.8756905
6/19/25 23:44,432,66.7945447098005,1.935,0.0,23,19,6,23.3101349,49.6947479
6/19/25 23:29,432,66.7945447098005,1.935,0.0,23,19,6,23.3726654,49.5726509
6/19/25 23:13,432,66.7945447098005,1.935,0.0,23,19,6,23.4352112,49.4017067
6/19/25 22:59,432,66.7945447098005,1.935,0.0,22,19,6,23.497757,49.2551918
6/19/25 22:44,432,66.7945447098005,1.935,0.0,22,19,6,23.5602875,49.1086693
6/19/25 22:29,432,66.7945447098005,1.935,0.0,22,19,6,23.6228333,48.8156281
6/19/25 22:13,432,66.7945447098005,1.935,0.0,22,19,6,23.7479095,48.4004898
6/19/25 21:59,432,66.7945447098005,1.935,0.0,21,19,6,23.6228333,49.0354118
6/19/25 21:44,432,66.7945447098005,1.935,0.0,21,19,6,23.6228333,48.9377327
6/19/25 21:29,432,66.7945447098005,1.935,0.0,21,19,6,23.6853638,48.620266
6/19/25 21:14,432,66.7945447098005,1.935,0.0,21,19,6,23.6853638,48.2295456
6/19/25 20:59,432,66.7945447098005,1.935,0.0,20,19,6,23.6853638,48.1318665
6/19/25 20:44,432,66.7945447098005,1.935,0.0,20,19,6,23.6228333,48.2295456
6/19/25 20:29,432,66.7945447098005,1.935,0.0,20,19,6,23.5602875,48.3760681
6/19/25 20:14,432,66.7945447098005,1.935,0.0,20,19,6,23.5602875,48.4004898
6/19/25 19:59,432,66.7945447098005,1.935,0.0,19,19,6,23.5602875,48.4981689
6/19/25 19:44,432,66.7945447098005,1.935,0.0,19,19,6,23.5602875,48.5714302
6/19/25 19:29,432,66.7945447098005,1.935,0.0,19,19,6,23.5602875,48.620266
6/19/25 19:13,432,66.7945447098005,1.935,0.0,19,19,6,23.5602875,48.6446915
6/19/25 18:59,432,66.7945447098005,1.935,0.0,18,19,6,23.5602875,48.7423706
6/19/25 18:44,432,66.7945447098005,1.935,0.0,18,19,6,23.497757,48.8888893
6/19/25 18:29,432,66.7945447098005,1.935,0.0,18,19,6,23.3726654,49.1086693
6/19/25 18:13,432,66.7945447098005,1.935,0.0,18,19,6,23.1850433,49.6947479
6/19/25 17:59,432,66.7945447098005,1.935,0.0,17,19,6,23.6853638,48.9865685
6/19/25 17:44,432,66.7945447098005,1.935,0.0,17,19,6,23.6853638,48.9865685
6/19/25 17:29,432,66.7945447098005,1.935,0.0,17,19,6,23.6853638,49.0842476
6/19/25 17:13,432,66.7945447098005,1.935,0.0,17,19,6,23.6228333,49.2307701
6/19/25 16:58,432,66.7945447098005,1.935,0.0,16,19,6,23.5602875,49.4017067
6/19/25 16:43,432,66.7945447098005,1.935,0.0,16,19,6,23.4352112,49.7191734
6/19/25 16:28,432,66.7945447098005,1.935,0.0,16,19,6,23.2475891,50.1098938
6/19/25 16:13,432,66.7945447098005,1.935,0.0,16,19,6,22.9348907,50.8424911
6/19/25 15:59,432,66.7945447098005,1.935,0.0,15,19,6,23.2475891,50.3540916
6/19/25 15:44,432,66.7945447098005,1.935,0.0,15,19,6,23.1850433,50.5006142
6/19/25 15:29,432,66.7945447098005,1.935,0.0,15,19,6,23.1225128,51.1111107
6/19/25 15:13,432,66.7945447098005,1.935,0.0,15,19,6,23.1225128,51.3308907
6/19/25 14:59,432,66.7945447098005,1.935,0.0,14,19,6,23.1225128,51.5018311
6/19/25 14:43,432,66.7945447098005,1.935,0.0,14,19,6,23.239193,51.4041519
6/19/25 14:28,432,66.7945447098005,1.935,0.0,14,19,6,23.2896385,51.3152618
6/19/25 14:13,432,66.7945447098005,1.935,0.0,14,19,6,23.3726654,51.2820549
6/19/25 13:59,432,66.7945447098005,1.935,0.0,13,19,6,23.4352112,50.9157524
6/19/25 13:43,432,66.7945447098005,1.935,0.0,13,19,6,23.497757,50.866909
6/19/25 13:28,432,66.7945447098005,1.935,0.0,13,19,6,23.5602875,50.7692299
6/19/25 13:13,432,66.7945447098005,1.935,0.0,13,19,6,23.5602875,50.8913345
6/19/25 12:58,432,66.7945447098005,1.935,0.0,12,19,6,23.5602875,50.8913345
6/19/25 12:43,432,66.7945447098005,1.935,0.0,12,19,6,23.6853638,50.744812
6/19/25 12:28,432,66.7945447098005,1.935,0.0,12,19,6,23.6853638,50.525032
6/19/25 12:13,432,66.7945447098005,1.935,0.0,12,19,6,23.6853638,50.4566536
6/19/25 11:58,432,66.7945447098005,1.935,0.0,11,19,6,23.7479095,50.0610504
6/19/25 11:43,432,66.7945447098005,1.935,0.0,11,19,6,23.8729858,49.6334076
6/19/25 11:28,432,66.7945447098005,1.935,0.0,11,19,6,24.0606079,48.8156281
6/19/25 11:13,432,66.7945447098005,1.935,0.0,11,19,6,24.0606079,48.5714302
6/19/25 10:58,432,66.7945447098005,1.935,0.0,10,19,6,23.8729858,48.7179489
6/19/25 10:43,432,66.7945447098005,1.935,0.0,10,19,6,23.7347908,48.7179489
6/19/25 10:28,432,66.7945447098005,1.935,0.0,10,19,6,23.5602875,48.7912102
6/19/25 10:13,432,66.7945447098005,1.935,0.0,10,19,6,23.4352112,48.7912102
6/19/25 9:59,432,66.7945447098005,1.935,0.0,9,19,6,23.3101349,48.7667885
6/19/25 9:44,432,66.7945447098005,1.935,0.0,9,19,6,23.1850433,48.9133072
6/19/25 9:28,432,66.7945447098005,1.935,0.0,9,19,6,23.059967,48.9865685
6/19/25 9:13,432,66.7945447098005,1.935,0.0,9,19,6,22.9348907,49.0598297
6/19/25 8:59,432,66.7945447098005,1.935,0.0,8,19,6,22.8098145,49.1086693
6/19/25 8:44,432,66.7945447098005,1.935,0.0,8,19,6,22.8098145,49.1086693
6/19/25 8:29,432,66.7945447098005,1.935,0.0,8,19,6,22.7103481,49.1819305
6/19/25 8:13,432,66.7945447098005,1.935,0.0,8,19,6,22.6221924,49.3528709
6/19/25 7:59,432,66.7945447098005,1.935,0.0,7,19,6,22.4971161,49.5482292
6/19/25 7:44,432,66.7945447098005,1.935,0.0,7,19,6,22.3720398,49.7924271
6/19/25 7:29,432,66.7945447098005,1.935,0.0,7,19,6,22.2469635,50.0854683
6/19/25 7:14,432,66.7945447098005,1.935,0.0,7,19,6,22.0593414,50.4029312
6/19/25 6:59,432,66.7945447098005,1.935,0.0,6,19,6,21.9342499,50.6959724
6/19/25 6:44,432,66.7945447098005,1.935,0.0,6,19,6,21.8717194,50.9890137
6/19/25 6:29,432,66.7945447098005,1.935,0.0,6,19,6,21.6840973,51.5018311
6/19/25 6:13,432,66.7945447098005,1.935,0.0,6,19,6,21.4964905,52.1123314
6/19/25 5:59,432,66.7945447098005,1.935,0.0,5,19,6,21.1212463,52.6251526
6/19/25 5:44,432,66.7945447098005,1.935,0.0,5,19,6,21.6840973,50.2075729
6/19/25 5:29,432,66.7945447098005,1.935,0.0,5,19,6,21.6840973,50.1587296
6/19/25 5:14,432,66.7945447098005,1.935,0.0,5,19,6,21.6840973,50.1343117
6/19/25 4:59,432,66.7945447098005,1.935,0.0,4,19,6,21.7466431,50.0854683
6/19/25 4:44,432,66.7945447098005,1.935,0.0,4,19,6,21.7466431,50.0610504
6/19/25 4:29,432,66.7945447098005,1.935,0.0,4,19,6,21.8091736,49.9758759
6/19/25 4:14,432,66.7945447098005,1.935,0.0,4,19,6,21.8091736,49.9145317
6/19/25 3:59,432,66.7945447098005,1.935,0.0,3,19,6,21.8091736,49.89011
6/19/25 3:44,432,66.7945447098005,1.935,0.0,3,19,6,21.8091736,49.8656883
6/19/25 3:29,432,66.7945447098005,1.935,0.0,3,19,6,21.8717194,49.8168526
6/19/25 3:14,432,66.7945447098005,1.935,0.0,3,19,6,21.8717194,49.7680092
6/19/25 2:59,432,66.7945447098005,1.935,0.0,2,19,6,21.8717194,49.7191734
6/19/25 2:44,432,66.7945447098005,1.935,0.0,2,19,6,21.9258575,49.67033
6/19/25 2:29,432,66.7945447098005,1.935,0.0,2,19,6,21.9342499,49.6459122
6/19/25 2:14,432,66.7945447098005,1.935,0.0,2,19,6,21.9967957,49.5726509
6/19/25 1:59,432,66.7945447098005,1.935,0.0,1,19,6,21.9967957,49.474968
6/19/25 1:44,432,66.7945447098005,1.935,0.0,1,19,6,21.9967957,49.4017067
6/19/25 1:29,432,66.7945447098005,1.935,0.0,1,19,6,22.0593414,49.3040276
6/19/25 1:14,432,66.7945447098005,1.935,0.0,1,19,6,22.1218719,49.1819305
6/19/25 0:59,432,66.7945447098005,1.935,0.0,0,19,6,22.1844177,49.0842476
6/19/25 0:44,432,66.7945447098005,1.935,0.0,0,19,6,22.2469635,48.9621506
6/19/25 0:29,432,66.7945447098005,1.935,0.0,0,19,6,22.309494,48.7912102
6/19/25 0:14,432,66.7945447098005,1.935,0.0,0,19,6,22.3720398,48.6691093
6/18/25 23:59,432,66.7945447098005,1.935,0.0,23,18,6,22.4345703,48.4737511
6/18/25 23:44,432,66.7945447098005,1.935,0.0,23,18,6,22.4971161,48.3028069
6/18/25 23:29,432,66.7945447098005,1.935,0.0,23,18,6,22.6221924,48.058609
6/18/25 23:14,432,66.7945447098005,1.935,0.0,23,18,6,22.6847229,47.8876686
6/18/25 22:59,432,66.7945447098005,1.935,0.0,22,18,6,22.8098145,47.5946274
6/18/25 22:44,432,66.7945447098005,1.935,0.0,22,18,6,22.9348907,47.3504257
6/18/25 22:29,432,66.7945447098005,1.935,0.0,22,18,6,22.9974365,47.1550674
6/18/25 22:14,432,66.7945447098005,1.935,0.0,22,18,6,23.0724754,46.9108696
6/18/25 21:59,432,66.7945447098005,1.935,0.0,21,18,6,23.1225128,46.7887688
6/18/25 21:44,432,66.7945447098005,1.935,0.0,21,18,6,23.059967,46.7399254
6/18/25 21:29,432,66.7945447098005,1.935,0.0,21,18,6,23.1225128,46.6666641
6/18/25 21:14,432,66.7945447098005,1.935,0.0,21,18,6,23.1850433,46.5320625
6/18/25 20:59,432,66.7945447098005,1.935,0.0,20,18,6,23.2475891,46.3736267
6/18/25 20:44,432,66.7945447098005,1.935,0.0,20,18,6,23.3726654,46.227108
6/18/25 20:29,432,66.7945447098005,1.935,0.0,20,18,6,23.4352112,46.227108
6/18/25 20:14,432,66.7945447098005,1.935,0.0,20,18,6,23.4352112,46.4713058
6/18/25 19:59,432,66.7945447098005,1.935,0.0,19,18,6,23.4352112,46.8376083
6/18/25 19:44,432,66.7945447098005,1.935,0.0,19,18,6,23.4352112,46.9108696
6/18/25 19:29,432,66.7945447098005,1.935,0.0,19,18,6,23.4352112,47.1550674
6/18/25 19:14,432,66.7945447098005,1.935,0.0,19,18,6,23.4352112,47.3748512
6/18/25 18:59,432,66.7945447098005,1.935,0.0,18,18,6,23.497757,47.7167282
6/18/25 18:44,432,66.7945447098005,1.935,0.0,18,18,6,23.497757,47.9853477
6/18/25 18:29,432,66.7945447098005,1.935,0.0,18,18,6,23.497757,48.7099457
6/18/25 18:14,432,66.7945447098005,1.935,0.0,18,18,6,23.3726654,48.5470123
6/18/25 17:59,432,66.7945447098005,1.935,0.0,17,18,6,23.3101349,48.9133072
6/18/25 17:44,432,66.7945447098005,1.935,0.0,17,18,6,23.1850433,49.3040276
6/18/25 17:29,432,66.7945447098005,1.935,0.0,17,18,6,23.3101349,48.9133072
6/18/25 17:14,432,66.7945447098005,1.935,0.0,17,18,6,23.1850433,49.3284531
6/18/25 16:59,432,66.7945447098005,1.935,0.0,16,18,6,23.2475891,48.8156281
6/18/25 16:44,432,66.7945447098005,1.935,0.0,16,18,6,23.6228333,47.7167282
6/18/25 16:29,432,66.7945447098005,1.935,0.0,16,18,6,23.8729858,46.3003693
6/18/25 16:14,432,66.7945447098005,1.935,0.0,16,18,6,23.8104553,46.446888
6/18/25 15:59,432,66.7945447098005,1.935,0.0,15,18,6,23.6853638,46.6910896
6/18/25 15:44,432,66.7945447098005,1.935,0.0,15,18,6,23.4352112,47.203907
6/18/25 15:29,432,66.7945447098005,1.935,0.0,15,18,6,23.5602875,47.1062279
6/18/25 15:14,432,66.7945447098005,1.935,0.0,15,18,6,23.8729858,46.4957275
6/18/25 14:59,432,66.7945447098005,1.935,0.0,14,18,6,23.7479095,46.9108696
6/18/25 14:44,432,66.7945447098005,1.935,0.0,14,18,6,23.8104553,46.6910896
6/18/25 14:29,432,66.7945447098005,1.935,0.0,14,18,6,23.7479095,46.6666641
6/18/25 14:14,432,66.7945447098005,1.935,0.0,14,18,6,23.7479095,46.6422462
6/18/25 13:59,432,66.7945447098005,1.935,0.0,13,18,6,23.7479095,46.7594643
6/18/25 13:44,432,66.7945447098005,1.935,0.0,13,18,6,23.7479095,46.8864479
6/18/25 13:29,432,66.7945447098005,1.935,0.0,13,18,6,23.7479095,47.2771683
6/18/25 13:14,432,66.7945447098005,1.935,0.0,13,18,6,23.7479095,47.6190491
6/18/25 12:59,432,66.7945447098005,1.935,0.0,12,18,6,23.7479095,47.7167282
6/18/25 12:44,432,66.7945447098005,1.935,0.0,12,18,6,23.7479095,47.8388252
6/18/25 12:29,432,66.7945447098005,1.935,0.0,12,18,6,23.7479095,47.6190491
6/18/25 12:14,432,66.7945447098005,1.935,0.0,12,18,6,23.7479095,47.423687
6/18/25 11:59,432,66.7945447098005,1.935,0.0,11,18,6,23.8729858,47.1794891
6/18/25 11:44,432,66.7945447098005,1.935,0.0,11,18,6,23.9980774,46.6666641
6/18/25 11:29,432,66.7945447098005,1.935,0.0,11,18,6,24.0606079,46.1782646
6/18/25 11:14,432,66.7945447098005,1.935,0.0,11,18,6,23.8729858,46.3392029
6/18/25 10:59,432,66.7945447098005,1.935,0.0,10,18,6,23.7479095,46.3980484
6/18/25 10:44,432,66.7945447098005,1.935,0.0,10,18,6,23.6228333,46.446888
6/18/25 10:29,432,66.7945447098005,1.935,0.0,10,18,6,23.497757,46.446888
6/18/25 10:14,432,66.7945447098005,1.935,0.0,10,18,6,23.4352112,46.4713058
6/18/25 9:59,432,66.7945447098005,1.935,0.0,9,18,6,23.3101349,46.5201492
6/18/25 9:44,432,66.7945447098005,1.935,0.0,9,18,6,23.1850433,46.4957275
6/18/25 9:29,432,66.7945447098005,1.935,0.0,9,18,6,23.1225128,46.5201492
6/18/25 9:14,432,66.7945447098005,1.935,0.0,9,18,6,22.9974365,46.5201492
6/18/25 8:59,432,66.7945447098005,1.935,0.0,8,18,6,22.9974365,46.5934105
6/18/25 8:44,432,66.7945447098005,1.935,0.0,8,18,6,22.872345,46.7643471
6/18/25 8:29,432,66.7945447098005,1.935,0.0,8,18,6,22.7472839,46.9352875
6/18/25 8:14,432,66.7945447098005,1.935,0.0,8,18,6,22.6847229,47.203907
6/18/25 7:59,432,66.7945447098005,1.935,0.0,7,18,6,22.4971161,47.5213661
6/18/25 7:44,432,66.7945447098005,1.935,0.0,7,18,6,22.3720398,47.9120865
6/18/25 7:29,432,66.7945447098005,1.935,0.0,7,18,6,22.2469635,48.2539711
6/18/25 7:14,432,66.7945447098005,1.935,0.0,7,18,6,22.0593414,48.620266
6/18/25 6:59,432,66.7945447098005,1.935,0.0,6,18,6,21.9342499,48.9133072
6/18/25 6:44,432,66.7945447098005,1.935,0.0,6,18,6,21.8717194,49.2551918
6/18/25 6:29,432,66.7945447098005,1.935,0.0,6,18,6,21.6840973,49.7191734
6/18/25 6:14,432,66.7945447098005,1.935,0.0,6,18,6,21.4339294,50.4861908
6/18/25 5:59,432,66.7945447098005,1.935,0.0,5,18,6,21.1837769,51.9169731
6/18/25 5:44,432,66.7945447098005,1.935,0.0,5,18,6,21.6840973,50.5006142
6/18/25 5:29,432,66.7945447098005,1.935,0.0,5,18,6,21.6840973,50.4761887
6/18/25 5:14,432,66.7945447098005,1.935,0.0,5,18,6,21.6840973,50.3785095
6/18/25 4:59,432,66.7945447098005,1.935,0.0,4,18,6,21.7466431,50.3052521
6/18/25 4:44,432,66.7945447098005,1.935,0.0,4,18,6,21.7466431,50.2564087
6/18/25 4:29,432,66.7945447098005,1.935,0.0,4,18,6,21.7466431,50.2319908
6/18/25 4:14,432,66.7945447098005,1.935,0.0,4,18,6,21.8091736,50.2075729
6/18/25 3:59,432,66.7945447098005,1.935,0.0,3,18,6,21.8091736,50.1712341
6/18/25 3:44,432,66.7945447098005,1.935,0.0,3,18,6,21.8091736,50.0854683
6/18/25 3:29,432,66.7945447098005,1.935,0.0,3,18,6,21.8717194,50.0610504
6/18/25 3:14,432,66.7945447098005,1.935,0.0,3,18,6,21.9342499,49.9877892
6/18/25 2:59,432,66.7945447098005,1.935,0.0,2,18,6,21.9342499,49.9145317
6/18/25 2:44,432,66.7945447098005,1.935,0.0,2,18,6,21.9342499,49.89011
6/18/25 2:29,432,66.7945447098005,1.935,0.0,2,18,6,21.9967957,49.8412704
6/18/25 2:14,432,66.7945447098005,1.935,0.0,2,18,6,22.0593414,49.7924271
6/18/25 1:59,432,66.7945447098005,1.935,0.0,1,18,6,22.0593414,49.7191734
6/18/25 1:44,432,66.7945447098005,1.935,0.0,1,18,6,22.1218719,49.5726509
6/18/25 1:29,432,66.7945447098005,1.935,0.0,1,18,6,22.1844177,49.474968
6/18/25 1:14,432,66.7945447098005,1.935,0.0,1,18,6,22.2469635,49.3772888
6/18/25 0:59,432,66.7945447098005,1.935,0.0,0,18,6,22.309494,49.2307701
6/18/25 0:44,432,66.7945447098005,1.935,0.0,0,18,6,22.3720398,49.133091
6/18/25 0:29,432,66.7945447098005,1.935,0.0,0,18,6,22.4345703,48.9377327
6/18/25 0:14,432,66.7945447098005,1.935,0.0,0,18,6,22.4971161,48.8400497
6/17/25 23:59,432,66.7945447098005,1.935,0.0,23,17,6,22.6221924,48.5958481
6/17/25 23:44,432,66.7945447098005,1.935,0.0,23,17,6,22.7472839,48.4493294
6/17/25 23:29,432,66.7945447098005,1.935,0.0,23,17,6,22.8098145,48.2295456
6/17/25 23:14,432,66.7945447098005,1.935,0.0,23,17,6,22.9348907,47.9853477
6/17/25 22:59,432,66.7945447098005,1.935,0.0,22,17,6,22.9974365,47.7167282
6/17/25 22:44,432,66.7945447098005,1.935,0.0,22,17,6,23.1850433,47.3748512
6/17/25 22:29,432,66.7945447098005,1.935,0.0,22,17,6,23.3726654,46.8864479
6/17/25 22:14,432,66.7945447098005,1.935,0.0,22,17,6,23.497757,46.568985
6/17/25 21:59,432,66.7945447098005,1.935,0.0,21,17,6,23.497757,46.2759438
6/17/25 21:44,432,66.7945447098005,1.935,0.0,21,17,6,23.5602875,46.2759438
6/17/25 21:29,432,66.7945447098005,1.935,0.0,21,17,6,23.5602875,46.2759438
6/17/25 21:14,432,66.7945447098005,1.935,0.0,21,17,6,23.6228333,46.3003693
6/17/25 20:59,432,66.7945447098005,1.935,0.0,20,17,6,23.6228333,46.2515259
6/17/25 20:44,432,66.7945447098005,1.935,0.0,20,17,6,23.6853638,46.227108
6/17/25 20:29,432,66.7945447098005,1.935,0.0,20,17,6,23.6853638,46.2515259
6/17/25 20:14,432,66.7945447098005,1.935,0.0,20,17,6,23.6853638,46.2515259
6/17/25 19:59,432,66.7945447098005,1.935,0.0,19,17,6,23.6853638,46.2515259
6/17/25 19:44,432,66.7945447098005,1.935,0.0,19,17,6,23.7479095,46.227108
6/17/25 19:29,432,66.7945447098005,1.935,0.0,19,17,6,23.7479095,46.1050072
6/17/25 19:14,432,66.7945447098005,1.935,0.0,19,17,6,23.7479095,46.1294289
6/17/25 18:59,432,66.7945447098005,1.935,0.0,18,17,6,23.7479095,46.3247871
6/17/25 18:44,432,66.7945447098005,1.935,0.0,18,17,6,23.7479095,46.3980484
6/17/25 18:29,432,66.7945447098005,1.935,0.0,18,17,6,23.6853638,46.5445671
6/17/25 18:14,432,66.7945447098005,1.935,0.0,18,17,6,23.6853638,46.6910896
6/17/25 17:59,432,66.7945447098005,1.935,0.0,17,17,6,23.6853638,46.8620262
6/17/25 17:44,432,66.7945447098005,1.935,0.0,17,17,6,23.5602875,47.1062279
6/17/25 17:29,432,66.7945447098005,1.935,0.0,17,17,6,23.497757,47.4399109
6/17/25 17:14,432,66.7945447098005,1.935,0.0,17,17,6,23.3726654,47.8144073
6/17/25 16:59,432,66.7945447098005,1.935,0.0,16,17,6,23.2475891,48.2295456
6/17/25 16:44,432,66.7945447098005,1.935,0.0,16,17,6,23.1850433,48.7912102
6/17/25 16:29,432,66.7945447098005,1.935,0.0,16,17,6,23.3726654,48.8400497
6/17/25 16:14,432,66.7945447098005,1.935,0.0,16,17,6,23.1850433,49.4261322
6/17/25 15:59,432,66.7945447098005,1.935,0.0,15,17,6,23.4352112,49.8412704
6/17/25 15:44,432,66.7945447098005,1.935,0.0,15,17,6,23.3101349,50.3628807
6/17/25 15:29,432,66.7945447098005,1.935,0.0,15,17,6,23.6853638,50.1098938
6/17/25 15:14,432,66.7945447098005,1.935,0.0,15,17,6,23.5602875,50.5738678
6/17/25 14:59,432,66.7945447098005,1.935,0.0,14,17,6,23.3101349,51.6239319
6/17/25 14:44,432,66.7945447098005,1.935,0.0,14,17,6,23.3726654,51.7704544
6/17/25 14:29,432,66.7945447098005,1.935,0.0,14,17,6,23.6853638,51.2820549
6/17/25 14:14,432,66.7945447098005,1.935,0.0,14,17,6,23.4352112,51.599514
6/17/25 13:59,432,66.7945447098005,1.935,0.0,13,17,6,23.497757,51.3553085
6/17/25 13:44,432,66.7945447098005,1.935,0.0,13,17,6,23.8104553,50.8424911
6/17/25 13:29,432,66.7945447098005,1.935,0.0,13,17,6,23.7479095,51.0036621
6/17/25 13:14,432,66.7945447098005,1.935,0.0,13,17,6,23.497757,51.5506706
6/17/25 12:59,432,66.7945447098005,1.935,0.0,12,17,6,23.6853638,50.8180733
6/17/25 12:44,432,66.7945447098005,1.935,0.0,12,17,6,23.8729858,50.3540916
6/17/25 12:29,432,66.7945447098005,1.935,0.0,12,17,6,23.7479095,50.866909
6/17/25 12:14,432,66.7945447098005,1.935,0.0,12,17,6,23.6853638,51.3553085
6/17/25 11:59,432,66.7945447098005,1.935,0.0,11,17,6,23.6228333,51.6483498
6/17/25 11:44,432,66.7945447098005,1.935,0.0,11,17,6,23.7479095,51.5506706
6/17/25 11:29,432,66.7945447098005,1.935,0.0,11,17,6,24.1231384,50.9890137
6/17/25 11:13,432,66.7945447098005,1.935,0.0,11,17,6,24.1231384,50.8913345
6/17/25 10:59,432,66.7945447098005,1.935,0.0,10,17,6,24.0606079,51.0622711
6/17/25 10:44,432,66.7945447098005,1.935,0.0,10,17,6,23.9980774,51.2212982
6/17/25 10:29,432,66.7945447098005,1.935,0.0,10,17,6,23.8729858,51.5018311
6/17/25 10:13,432,66.7945447098005,1.935,0.0,10,17,6,23.7479095,51.6483498
6/17/25 9:58,432,66.7945447098005,1.935,0.0,9,17,6,23.5602875,51.8681335
6/17/25 9:43,432,66.7945447098005,1.935,0.0,9,17,6,23.4352112,52.1367493
6/17/25 9:28,432,66.7945447098005,1.935,0.0,9,17,6,23.2475891,52.5274696
6/17/25 9:13,432,66.7945447098005,1.935,0.0,9,17,6,23.1225128,52.8693542
6/17/25 8:58,432,66.7945447098005,1.935,0.0,8,17,6,22.9974365,53.1135521
6/17/25 8:43,432,66.7945447098005,1.935,0.0,8,17,6,22.9348907,53.4554329
6/17/25 8:28,432,66.7945447098005,1.935,0.0,8,17,6,22.7472839,53.9096451
6/17/25 8:13,432,66.7945447098005,1.935,0.0,8,17,6,22.5596619,54.3589745
6/17/25 7:58,432,66.7945447098005,1.935,0.0,7,17,6,22.4345703,54.8329582
6/17/25 7:43,432,66.7945447098005,1.935,0.0,7,17,6,22.2469635,55.2625122
6/17/25 7:28,432,66.7945447098005,1.935,0.0,7,17,6,22.1218719,55.7264938
6/17/25 7:13,432,66.7945447098005,1.935,0.0,7,17,6,21.9803982,56.1416359
6/17/25 6:58,432,66.7945447098005,1.935,0.0,6,17,6,21.8717194,56.5079346
6/17/25 6:43,432,66.7945447098005,1.935,0.0,6,17,6,21.7466431,56.8253937
6/17/25 6:28,432,66.7945447098005,1.935,0.0,6,17,6,21.559021,57.3626366
6/17/25 6:13,432,66.7945447098005,1.935,0.0,6,17,6,21.3713989,58.1929169
6/17/25 5:59,432,66.7945447098005,1.935,0.0,5,17,6,20.99617,60.0488434
6/17/25 5:44,432,66.7945447098005,1.935,0.0,5,17,6,21.4964905,58.5347977
6/17/25 5:28,432,66.7945447098005,1.935,0.0,5,17,6,21.4964905,58.5836372
6/17/25 5:13,432,66.7945447098005,1.935,0.0,5,17,6,21.4964905,58.6080589
6/17/25 4:59,432,66.7945447098005,1.935,0.0,4,17,6,21.5221043,58.5836372
6/17/25 4:44,432,66.7945447098005,1.935,0.0,4,17,6,21.559021,58.6080589
6/17/25 4:29,432,66.7945447098005,1.935,0.0,4,17,6,21.559021,58.6324806
6/17/25 4:13,432,66.7945447098005,1.935,0.0,4,17,6,21.559021,58.6813164
6/17/25 3:59,432,66.7945447098005,1.935,0.0,3,17,6,21.6215515,58.6568985
6/17/25 3:44,432,66.7945447098005,1.935,0.0,3,17,6,21.6215515,58.6080589
6/17/25 3:29,432,66.7945447098005,1.935,0.0,3,17,6,21.6215515,58.6324806
6/17/25 3:14,432,66.7945447098005,1.935,0.0,3,17,6,21.6840973,58.6324806
6/17/25 2:59,432,66.7945447098005,1.935,0.0,2,17,6,21.6840973,58.6160622
6/17/25 2:44,432,66.7945447098005,1.935,0.0,2,17,6,21.7466431,58.3394394
6/17/25 2:29,432,66.7945447098005,1.935,0.0,2,17,6,21.7466431,58.4615364
6/17/25 2:14,432,66.7945447098005,1.935,0.0,2,17,6,21.8091736,58.0219803
6/17/25 1:59,432,66.7945447098005,1.935,0.0,1,17,6,21.8717194,57.7045174
6/17/25 1:44,432,66.7945447098005,1.935,0.0,1,17,6,21.9342499,57.5824165
6/17/25 1:29,432,66.7945447098005,1.935,0.0,1,17,6,21.9967957,57.3870583
6/17/25 1:14,432,66.7945447098005,1.935,0.0,1,17,6,22.0698318,57.2991447
6/17/25 0:59,432,66.7945447098005,1.935,0.0,0,17,6,22.1844177,57.216114
6/17/25 0:44,432,66.7945447098005,1.935,0.0,0,17,6,22.309494,57.1672783
6/17/25 0:28,432,66.7945447098005,1.935,0.0,0,17,6,22.4345703,57.0695992
6/17/25 0:13,432,66.7945447098005,1.935,0.0,0,17,6,22.5596619,56.9230766
6/16/25 23:59,432,66.7945447098005,1.935,0.0,23,16,6,22.6847229,56.8253937
6/16/25 23:44,432,66.7945447098005,1.935,0.0,23,16,6,22.8098145,56.6056175
6/16/25 23:29,432,66.7945447098005,1.935,0.0,23,16,6,22.9348907,56.5811958
6/16/25 23:14,432,66.7945447098005,1.935,0.0,23,16,6,23.059967,56.5079346
6/16/25 22:59,432,66.7945447098005,1.935,0.0,22,16,6,23.1450233,56.4590988
6/16/25 22:44,432,66.7945447098005,1.935,0.0,22,16,6,23.2475891,56.3858376
6/16/25 22:29,432,66.7945447098005,1.935,0.0,22,16,6,23.3726654,56.3125763
6/16/25 22:14,432,66.7945447098005,1.935,0.0,22,16,6,23.497757,56.2148972
6/16/25 21:59,432,66.7945447098005,1.935,0.0,21,16,6,23.5602875,56.4346733
6/16/25 21:44,432,66.7945447098005,1.935,0.0,21,16,6,23.6228333,56.4590988
6/16/25 21:29,432,66.7945447098005,1.935,0.0,21,16,6,23.6228333,56.5323563
6/16/25 21:13,432,66.7945447098005,1.935,0.0,21,16,6,23.6228333,56.6300354
6/16/25 20:59,432,66.7945447098005,1.935,0.0,20,16,6,23.6453438,56.7765579
6/16/25 20:44,432,66.7945447098005,1.935,0.0,20,16,6,23.5602875,57.1916962
6/16/25 20:29,432,66.7945447098005,1.935,0.0,20,16,6,23.5602875,57.2893753
6/16/25 20:13,432,66.7945447098005,1.935,0.0,20,16,6,23.5602875,57.5579987
6/16/25 19:59,432,66.7945447098005,1.935,0.0,19,16,6,23.497757,57.9243011
6/16/25 19:44,432,66.7945447098005,1.935,0.0,19,16,6,23.497757,58.2517624
6/16/25 19:29,432,66.7945447098005,1.935,0.0,19,16,6,23.4352112,58.7057419
6/16/25 19:14,432,66.7945447098005,1.935,0.0,19,16,6,23.3726654,59.1208801
6/16/25 18:59,432,66.7945447098005,1.935,0.0,18,16,6,23.3101349,59.5848618
6/16/25 18:44,432,66.7945447098005,1.935,0.0,18,16,6,23.1850433,60
6/16/25 18:29,432,66.7945447098005,1.935,0.0,18,16,6,22.9974365,60.6593437
6/16/25 18:14,432,66.7945447098005,1.935,0.0,18,16,6,22.872345,60.2686234
6/16/25 17:59,432,66.7945447098005,1.935,0.0,17,16,6,22.9348907,59.8534775
6/16/25 17:44,432,66.7945447098005,1.935,0.0,17,16,6,22.9348907,59.6092796
6/16/25 17:29,432,66.7945447098005,1.935,0.0,17,16,6,22.9974365,59.1572113
6/16/25 17:14,432,66.7945447098005,1.935,0.0,17,16,6,23.1225128,58.8766785
6/16/25 16:59,432,66.7945447098005,1.935,0.0,16,16,6,23.2155647,58.518795
6/16/25 16:44,432,66.7945447098005,1.935,0.0,16,16,6,23.4352112,57.8021965
6/16/25 16:29,432,66.7945447098005,1.935,0.0,16,16,6,23.6228333,56.7277145
6/16/25 16:14,432,66.7945447098005,1.935,0.0,16,16,6,23.6228333,56.3369942
6/16/25 15:59,432,66.7945447098005,1.935,0.0,15,16,6,23.5602875,56.5079346
6/16/25 15:44,432,66.7945447098005,1.935,0.0,15,16,6,23.497757,56.7277145
6/16/25 15:29,432,66.7945447098005,1.935,0.0,15,16,6,23.3726654,56.9719162
6/16/25 15:14,432,66.7945447098005,1.935,0.0,15,16,6,23.1850433,56.9318657
6/16/25 14:59,432,66.7945447098005,1.935,0.0,14,16,6,23.2475891,56.0195351
6/16/25 14:44,432,66.7945447098005,1.935,0.0,14,16,6,23.3101349,55.5147209
6/16/25 14:29,432,66.7945447098005,1.935,0.0,14,16,6,23.497757,54.7252769
6/16/25 14:14,432,66.7945447098005,1.935,0.0,14,16,6,23.6853638,53.6752129
6/16/25 13:59,432,66.7945447098005,1.935,0.0,13,16,6,23.8729858,52.6251526
6/16/25 13:44,432,66.7945447098005,1.935,0.0,13,16,6,23.8729858,52.3565331
6/16/25 13:29,432,66.7945447098005,1.935,0.0,13,16,6,23.8104553,52.2344322
6/16/25 13:14,432,66.7945447098005,1.935,0.0,13,16,6,23.8104553,52.1367493
6/16/25 12:59,432,66.7945447098005,1.935,0.0,12,16,6,23.7479095,52.0879135
6/16/25 12:44,432,66.7945447098005,1.935,0.0,12,16,6,23.6228333,51.9658127
6/16/25 12:29,432,66.7945447098005,1.935,0.0,12,16,6,23.5602875,51.905056
6/16/25 12:14,432,66.7945447098005,1.935,0.0,12,16,6,23.5602875,51.7460289
6/16/25 11:59,432,66.7945447098005,1.935,0.0,11,16,6,23.497757,51.721611
6/16/25 11:44,432,66.7945447098005,1.935,0.0,11,16,6,23.4352112,51.6239319
6/16/25 11:29,432,66.7945447098005,1.935,0.0,11,16,6,23.3726654,51.4774132
6/16/25 11:14,432,66.7945447098005,1.935,0.0,11,16,6,23.3726654,51.379734
6/16/25 10:59,432,66.7945447098005,1.935,0.0,10,16,6,23.3101349,51.2576294
6/16/25 10:44,432,66.7945447098005,1.935,0.0,10,16,6,23.3101349,51.1111107
6/16/25 10:29,432,66.7945447098005,1.935,0.0,10,16,6,23.2475891,50.9890137
6/16/25 10:14,432,66.7945447098005,1.935,0.0,10,16,6,23.1850433,50.8512802
6/16/25 9:59,432,66.7945447098005,1.935,0.0,9,16,6,23.1225128,50.744812
6/16/25 9:44,432,66.7945447098005,1.935,0.0,9,16,6,23.059967,50.6471291
6/16/25 9:29,432,66.7945447098005,1.935,0.0,9,16,6,22.9974365,50.6227112
6/16/25 9:14,432,66.7945447098005,1.935,0.0,9,16,6,22.9348907,50.6471291
6/16/25 8:59,432,66.7945447098005,1.935,0.0,8,16,6,22.872345,50.525032
6/16/25 8:44,432,66.7945447098005,1.935,0.0,8,16,6,22.872345,50.4761887
6/16/25 8:29,432,66.7945447098005,1.935,0.0,8,16,6,22.8098145,50.3785095
6/16/25 8:14,432,66.7945447098005,1.935,0.0,8,16,6,22.8098145,50.32967
6/16/25 7:59,432,66.7945447098005,1.935,0.0,7,16,6,22.6847229,50.4517708
6/16/25 7:44,432,66.7945447098005,1.935,0.0,7,16,6,22.5596619,50.6227112
6/16/25 7:29,432,66.7945447098005,1.935,0.0,7,16,6,22.4971161,50.7692299
6/16/25 7:13,432,66.7945447098005,1.935,0.0,7,16,6,22.3720398,50.9645882
6/16/25 6:58,432,66.7945447098005,1.935,0.0,6,16,6,22.2469635,51.2087936
6/16/25 6:43,432,66.7945447098005,1.935,0.0,6,16,6,22.1844177,51.4529915
6/16/25 6:28,432,66.7945447098005,1.935,0.0,6,16,6,22.0593414,51.9658127
6/16/25 6:13,432,66.7945447098005,1.935,0.0,6,16,6,21.8717194,52.4053726
6/16/25 5:59,432,66.7945447098005,1.935,0.0,5,16,6,21.559021,50.0854683
6/16/25 5:43,432,66.7945447098005,1.935,0.0,5,16,6,21.9342499,47.3504257
6/16/25 5:28,432,66.7945447098005,1.935,0.0,5,16,6,21.9342499,47.3260078
6/16/25 5:13,432,66.7945447098005,1.935,0.0,5,16,6,21.9967957,47.2771683
6/16/25 4:58,432,66.7945447098005,1.935,0.0,4,16,6,21.9967957,47.2527466
6/16/25 4:43,432,66.7945447098005,1.935,0.0,4,16,6,22.0593414,47.1550674
6/16/25 4:28,432,66.7945447098005,1.935,0.0,4,16,6,22.0593414,47.1355286
6/16/25 4:13,432,66.7945447098005,1.935,0.0,4,16,6,22.0593414,47.1062279
6/16/25 3:58,432,66.7945447098005,1.935,0.0,3,16,6,22.1218719,47.0573845
6/16/25 3:43,432,66.7945447098005,1.935,0.0,3,16,6,22.1218719,47.0329666
6/16/25 3:28,432,66.7945447098005,1.935,0.0,3,16,6,22.1639214,47.0329666
6/16/25 3:13,432,66.7945447098005,1.935,0.0,3,16,6,22.1844177,46.9108696
6/16/25 2:58,432,66.7945447098005,1.935,0.0,2,16,6,22.2469635,46.8131866
6/16/25 2:43,432,66.7945447098005,1.935,0.0,2,16,6,22.309494,46.7887688
6/16/25 2:28,432,66.7945447098005,1.935,0.0,2,16,6,22.309494,46.6910896
6/16/25 2:13,432,66.7945447098005,1.935,0.0,2,16,6,22.3720398,46.568985
6/16/25 1:58,432,66.7945447098005,1.935,0.0,1,16,6,22.4345703,46.4713058
6/16/25 1:43,432,66.7945447098005,1.935,0.0,1,16,6,22.4971161,46.4099617
6/16/25 1:28,432,66.7945447098005,1.935,0.0,1,16,6,22.5596619,46.3247871
6/16/25 1:13,432,66.7945447098005,1.935,0.0,1,16,6,22.5596619,46.1924477
6/16/25 0:58,432,66.7945447098005,1.935,0.0,0,16,6,22.6847229,46.0317459
6/16/25 0:43,432,66.7945447098005,1.935,0.0,0,16,6,22.7472839,45.9096489
6/16/25 0:28,432,66.7945447098005,1.935,0.0,0,16,6,22.8098145,45.7875443
6/16/25 0:13,432,66.7945447098005,1.935,0.0,0,16,6,22.872345,45.6166077
6/15/25 23:58,432,66.7945447098005,1.935,0.0,23,15,6,22.9974365,45.494503
6/15/25 23:43,432,66.7945447098005,1.935,0.0,23,15,6,23.059967,45.2991447
6/15/25 23:28,432,66.7945447098005,1.935,0.0,23,15,6,23.1850433,45.1282082
6/15/25 23:13,432,66.7945447098005,1.935,0.0,23,15,6,23.3101349,44.9328461
6/15/25 22:58,432,66.7945447098005,1.935,0.0,22,15,6,23.3726654,44.8451691
6/15/25 22:43,432,66.7945447098005,1.935,0.0,22,15,6,23.4352112,44.7863235
6/15/25 22:28,432,66.7945447098005,1.935,0.0,22,15,6,23.497757,44.6886444
6/15/25 22:13,432,66.7945447098005,1.935,0.0,22,15,6,23.6228333,44.3956032
6/15/25 21:58,432,66.7945447098005,1.935,0.0,21,15,6,23.497757,45.3479881
6/15/25 21:43,432,66.7945447098005,1.935,0.0,21,15,6,23.497757,45.2258873
6/15/25 21:28,432,66.7945447098005,1.935,0.0,21,15,6,23.497757,45.152626
6/15/25 21:13,432,66.7945447098005,1.935,0.0,21,15,6,23.497757,44.8840065
6/15/25 20:58,432,66.7945447098005,1.935,0.0,20,15,6,23.4352112,44.8595848
6/15/25 20:43,432,66.7945447098005,1.935,0.0,20,15,6,23.4352112,44.6886444
6/15/25 20:28,432,66.7945447098005,1.935,0.0,20,15,6,23.4352112,44.4932861
6/15/25 20:13,432,66.7945447098005,1.935,0.0,20,15,6,23.4352112,44.3467674
6/15/25 19:58,432,66.7945447098005,1.935,0.0,19,15,6,23.3726654,44.2002449
6/15/25 19:43,432,66.7945447098005,1.935,0.0,19,15,6,23.4352112,44.0048828
6/15/25 19:28,432,66.7945447098005,1.935,0.0,19,15,6,23.4352112,43.8339424
6/15/25 19:13,432,66.7945447098005,1.935,0.0,19,15,6,23.497757,43.6874237
6/15/25 18:58,432,66.7945447098005,1.935,0.0,18,15,6,23.497757,43.6141624
6/15/25 18:43,432,66.7945447098005,1.935,0.0,18,15,6,23.4352112,43.6630058
6/15/25 18:28,432,66.7945447098005,1.935,0.0,18,15,6,23.4352112,43.6874237
6/15/25 18:13,432,66.7945447098005,1.935,0.0,18,15,6,23.4352112,43.7362633
6/15/25 17:58,432,66.7945447098005,1.935,0.0,17,15,6,23.3726654,43.760685
6/15/25 17:43,432,66.7945447098005,1.935,0.0,17,15,6,23.3101349,43.760685
6/15/25 17:28,432,66.7945447098005,1.935,0.0,17,15,6,23.3726654,43.7118454
6/15/25 17:13,432,66.7945447098005,1.935,0.0,17,15,6,23.3726654,43.7118454
6/15/25 16:58,432,66.7945447098005,1.935,0.0,16,15,6,23.3726654,43.760685
6/15/25 16:43,432,66.7945447098005,1.935,0.0,16,15,6,23.3726654,43.8583679
6/15/25 16:28,432,66.7945447098005,1.935,0.0,16,15,6,23.3101349,44.0293045
6/15/25 16:13,432,66.7945447098005,1.935,0.0,16,15,6,23.1850433,44.4932861
6/15/25 15:58,432,66.7945447098005,1.935,0.0,15,15,6,23.4352112,43.6874237
6/15/25 15:43,432,66.7945447098005,1.935,0.0,15,15,6,23.1225128,44.3174591
6/15/25 15:28,432,66.7945447098005,1.935,0.0,15,15,6,23.3101349,44.0293045
6/15/25 15:13,432,66.7945447098005,1.935,0.0,15,15,6,23.4352112,43.5164833
6/15/25 14:58,432,66.7945447098005,1.935,0.0,14,15,6,23.3726654,43.8339424
6/15/25 14:43,432,66.7945447098005,1.935,0.0,14,15,6,23.5602875,43.3699646
6/15/25 14:28,432,66.7945447098005,1.935,0.0,14,15,6,23.497757,43.8339424
6/15/25 14:13,432,66.7945447098005,1.935,0.0,14,15,6,23.5602875,43.6385841
6/15/25 13:58,432,66.7945447098005,1.935,0.0,13,15,6,23.6853638,43.0036659
6/15/25 13:43,432,66.7945447098005,1.935,0.0,13,15,6,23.9355164,42.2222252
6/15/25 13:28,432,66.7945447098005,1.935,0.0,13,15,6,23.7479095,42.7106247
6/15/25 13:13,432,66.7945447098005,1.935,0.0,13,15,6,23.5602875,43.0280838
6/15/25 12:58,432,66.7945447098005,1.935,0.0,12,15,6,23.5602875,42.722538
6/15/25 12:43,432,66.7945447098005,1.935,0.0,12,15,6,23.6853638,42.0757027
6/15/25 12:28,432,66.7945447098005,1.935,0.0,12,15,6,23.8104553,41.0988998
6/15/25 12:13,432,66.7945447098005,1.935,0.0,12,15,6,23.9611416,40.0244179
6/15/25 11:58,432,66.7945447098005,1.935,0.0,11,15,6,24.1856842,38.6080589
6/15/25 11:43,432,66.7945447098005,1.935,0.0,11,15,6,24.0606079,38.388279
6/15/25 11:28,432,66.7945447098005,1.935,0.0,11,15,6,23.9355164,38.2661781
6/15/25 11:13,432,66.7945447098005,1.935,0.0,11,15,6,23.8104553,38.1929169
6/15/25 10:58,432,66.7945447098005,1.935,0.0,10,15,6,23.6853638,38.0952377
6/15/25 10:43,432,66.7945447098005,1.935,0.0,10,15,6,23.5602875,37.8754578
6/15/25 10:28,432,66.7945447098005,1.935,0.0,10,15,6,23.3726654,37.7533569
6/15/25 10:13,432,66.7945447098005,1.935,0.0,10,15,6,23.2475891,37.5255737
6/15/25 9:58,432,66.7945447098005,1.935,0.0,9,15,6,23.059967,37.3382149
6/15/25 9:43,432,66.7945447098005,1.935,0.0,9,15,6,22.872345,37.2161179
6/15/25 9:28,432,66.7945447098005,1.935,0.0,9,15,6,22.7472839,37.1672783
6/15/25 9:13,432,66.7945447098005,1.935,0.0,9,15,6,22.5596619,37.1916962
6/15/25 8:58,432,66.7945447098005,1.935,0.0,8,15,6,22.4345703,37.2161179
6/15/25 8:43,432,66.7945447098005,1.935,0.0,8,15,6,22.3720398,37.2161179
6/15/25 8:28,432,66.7945447098005,1.935,0.0,8,15,6,22.2469635,37.2161179
6/15/25 8:13,432,66.7945447098005,1.935,0.0,8,15,6,22.1218719,37.2649574
6/15/25 7:58,432,66.7945447098005,1.935,0.0,7,15,6,22.0593414,37.3294258
6/15/25 7:43,432,66.7945447098005,1.935,0.0,7,15,6,21.9967957,37.3870583
6/15/25 7:28,432,66.7945447098005,1.935,0.0,7,15,6,21.8717194,37.4603195
6/15/25 7:13,432,66.7945447098005,1.935,0.0,7,15,6,21.8091736,37.5579987
6/15/25 6:58,432,66.7945447098005,1.935,0.0,6,15,6,21.7466431,37.7289352
6/15/25 6:43,432,66.7945447098005,1.935,0.0,6,15,6,21.6215515,37.8754578
6/15/25 6:28,432,66.7945447098005,1.935,0.0,6,15,6,21.4339294,38.168499
6/15/25 6:13,432,66.7945447098005,1.935,0.0,6,15,6,21.2463226,38.7545776
6/15/25 5:58,432,66.7945447098005,1.935,0.0,5,15,6,20.9336243,40.1221008
6/15/25 5:43,432,66.7945447098005,1.935,0.0,5,15,6,21.4964905,39.4139214
6/15/25 5:28,432,66.7945447098005,1.935,0.0,5,15,6,21.4964905,39.3162384
6/15/25 5:13,432,66.7945447098005,1.935,0.0,5,15,6,21.559021,39.2918167
6/15/25 4:58,432,66.7945447098005,1.935,0.0,4,15,6,21.559021,39.2185593
6/15/25 4:43,432,66.7945447098005,1.935,0.0,4,15,6,21.559021,39.1697197
6/15/25 4:28,432,66.7945447098005,1.935,0.0,4,15,6,21.6215515,39.0720406
6/15/25 4:13,432,66.7945447098005,1.935,0.0,4,15,6,21.6215515,39.023201
6/15/25 3:58,432,66.7945447098005,1.935,0.0,3,15,6,21.6840973,38.9743576
6/15/25 3:43,432,66.7945447098005,1.935,0.0,3,15,6,21.6840973,38.925518
6/15/25 3:28,432,66.7945447098005,1.935,0.0,3,15,6,21.7466431,38.8522568
6/15/25 3:13,432,66.7945447098005,1.935,0.0,3,15,6,21.7466431,38.7301598
6/15/25 2:58,432,66.7945447098005,1.935,0.0,2,15,6,21.8091736,38.6568985
6/15/25 2:43,432,66.7945447098005,1.935,0.0,2,15,6,21.8091736,38.5836372
6/15/25 2:28,432,66.7945447098005,1.935,0.0,2,15,6,21.8717194,38.5347977
6/15/25 2:13,432,66.7945447098005,1.935,0.0,2,15,6,21.9342499,38.4615364
6/15/25 1:58,432,66.7945447098005,1.935,0.0,1,15,6,21.9342499,38.388279
6/15/25 1:43,432,66.7945447098005,1.935,0.0,1,15,6,21.9967957,38.2905998
6/15/25 1:28,432,66.7945447098005,1.935,0.0,1,15,6,22.0593414,38.168499
6/15/25 1:13,432,66.7945447098005,1.935,0.0,1,15,6,22.1218719,38.0952377
6/15/25 0:58,432,66.7945447098005,1.935,0.0,0,15,6,22.1844177,38.0219765
6/15/25 0:43,432,66.7945447098005,1.935,0.0,0,15,6,22.2469635,37.8998795
6/15/25 0:28,432,66.7945447098005,1.935,0.0,0,15,6,22.309494,37.7533569
6/15/25 0:13,432,66.7945447098005,1.935,0.0,0,15,6,22.3720398,37.6168404
6/14/25 23:58,432,66.7945447098005,1.935,0.0,23,14,6,22.4971161,37.4603195
6/14/25 23:43,432,66.7945447098005,1.935,0.0,23,14,6,22.5596619,37.3382149
6/14/25 23:28,432,66.7945447098005,1.935,0.0,23,14,6,22.6221924,37.094017
6/14/25 23:13,432,66.7945447098005,1.935,0.0,23,14,6,22.7472839,36.9230766
6/14/25 22:58,432,66.7945447098005,1.935,0.0,22,14,6,22.872345,36.6544571
6/14/25 22:43,432,66.7945447098005,1.935,0.0,22,14,6,22.9974365,36.459095
6/14/25 22:28,432,66.7945447098005,1.935,0.0,22,14,6,23.1850433,36.1660538
6/14/25 22:13,432,66.7945447098005,1.935,0.0,22,14,6,23.3726654,35.8241768
6/14/25 21:58,432,66.7945447098005,1.935,0.0,21,14,6,23.3726654,35.7509155
6/14/25 21:43,432,66.7945447098005,1.935,0.0,21,14,6,23.4352112,35.7509155
6/14/25 21:28,432,66.7945447098005,1.935,0.0,21,14,6,23.4352112,35.8241768
6/14/25 21:13,432,66.7945447098005,1.935,0.0,21,14,6,23.4352112,35.702076
6/14/25 20:58,432,66.7945447098005,1.935,0.0,20,14,6,23.4352112,35.7753334
6/14/25 20:43,432,66.7945447098005,1.935,0.0,20,14,6,23.4352112,35.7509155
6/14/25 20:28,432,66.7945447098005,1.935,0.0,20,14,6,23.497757,35.6776543
6/14/25 20:13,432,66.7945447098005,1.935,0.0,20,14,6,23.497757,35.6532364
6/14/25 19:58,432,66.7945447098005,1.935,0.0,19,14,6,23.4352112,35.6532364
6/14/25 19:43,432,66.7945447098005,1.935,0.0,19,14,6,23.4352112,35.702076
6/14/25 19:28,432,66.7945447098005,1.935,0.0,19,14,6,23.4352112,35.6043968
6/14/25 19:13,432,66.7945447098005,1.935,0.0,19,14,6,23.4352112,35.5555573
6/14/25 18:58,432,66.7945447098005,1.935,0.0,18,14,6,23.4352112,35.4578743
6/14/25 18:43,432,66.7945447098005,1.935,0.0,18,14,6,23.4352112,35.4334564
6/14/25 18:28,432,66.7945447098005,1.935,0.0,18,14,6,23.4352112,35.384613
6/14/25 18:13,432,66.7945447098005,1.935,0.0,18,14,6,23.3726654,35.3601952
6/14/25 17:58,432,66.7945447098005,1.935,0.0,17,14,6,23.4352112,35.3601952
6/14/25 17:43,432,66.7945447098005,1.935,0.0,17,14,6,23.3726654,35.3601952
6/14/25 17:28,432,66.7945447098005,1.935,0.0,17,14,6,23.3101349,35.384613
6/14/25 17:13,432,66.7945447098005,1.935,0.0,17,14,6,23.2475891,35.4090347
6/14/25 16:58,432,66.7945447098005,1.935,0.0,16,14,6,23.1850433,35.5555573
6/14/25 16:43,432,66.7945447098005,1.935,0.0,16,14,6,23.3931618,35.2869339
6/14/25 16:28,432,66.7945447098005,1.935,0.0,16,14,6,23.2475891,35.4090347
6/14/25 16:13,432,66.7945447098005,1.935,0.0,16,14,6,23.3101349,35.6532364
6/14/25 15:58,432,66.7945447098005,1.935,0.0,15,14,6,23.5602875,35.1648369
6/14/25 15:43,432,66.7945447098005,1.935,0.0,15,14,6,23.4352112,35.2869339
6/14/25 15:28,432,66.7945447098005,1.935,0.0,15,14,6,23.4352112,35.3113556
6/14/25 15:13,432,66.7945447098005,1.935,0.0,15,14,6,23.6853638,35.0915756
6/14/25 14:58,432,66.7945447098005,1.935,0.0,14,14,6,23.7479095,34.9450531
6/14/25 14:43,432,66.7945447098005,1.935,0.0,14,14,6,23.7479095,35.0671539
6/14/25 14:28,432,66.7945447098005,1.935,0.0,14,14,6,23.7479095,35.1648369
6/14/25 14:13,432,66.7945447098005,1.935,0.0,14,14,6,23.7479095,35.2380943
6/14/25 13:58,432,66.7945447098005,1.935,0.0,13,14,6,23.7479095,35.3357735
6/14/25 13:43,432,66.7945447098005,1.935,0.0,13,14,6,23.6853638,35.4334564
6/14/25 13:28,432,66.7945447098005,1.935,0.0,13,14,6,23.6853638,35.4578743
6/14/25 13:13,432,66.7945447098005,1.935,0.0,13,14,6,23.6853638,35.4578743
6/14/25 12:58,432,66.7945447098005,1.935,0.0,12,14,6,23.6853638,35.4578743
6/14/25 12:43,432,66.7945447098005,1.935,0.0,12,14,6,23.6853638,35.5067177
6/14/25 12:28,432,66.7945447098005,1.935,0.0,12,14,6,23.6853638,35.5799751
6/14/25 12:13,432,66.7945447098005,1.935,0.0,12,14,6,23.7479095,35.5311356
6/14/25 11:58,432,66.7945447098005,1.935,0.0,11,14,6,23.8104553,35.6043968
6/14/25 11:43,432,66.7945447098005,1.935,0.0,11,14,6,23.9980774,35.6043968
6/14/25 11:28,432,66.7945447098005,1.935,0.0,11,14,6,24.1856842,35.5655594
6/14/25 11:13,432,66.7945447098005,1.935,0.0,11,14,6,23.9980774,35.9706955
6/14/25 10:58,432,66.7945447098005,1.935,0.0,10,14,6,23.8104553,36.336998
6/14/25 10:43,432,66.7945447098005,1.935,0.0,10,14,6,23.6228333,36.7032967
6/14/25 10:28,432,66.7945447098005,1.935,0.0,10,14,6,23.4352112,37.0451775
6/14/25 10:13,432,66.7945447098005,1.935,0.0,10,14,6,23.3101349,37.3382149
6/14/25 9:58,432,66.7945447098005,1.935,0.0,9,14,6,23.1850433,37.6556778
6/14/25 9:43,432,66.7945447098005,1.935,0.0,9,14,6,22.9974365,37.948719
6/14/25 9:28,432,66.7945447098005,1.935,0.0,9,14,6,22.872345,38.168499
6/14/25 9:13,432,66.7945447098005,1.935,0.0,9,14,6,22.7472839,38.4371185
6/14/25 8:58,432,66.7945447098005,1.935,0.0,8,14,6,22.5596619,38.6813202
6/14/25 8:43,432,66.7945447098005,1.935,0.0,8,14,6,22.4971161,38.8894806
6/14/25 8:28,432,66.7945447098005,1.935,0.0,8,14,6,22.3720398,39.1941376
6/14/25 8:13,432,66.7945447098005,1.935,0.0,8,14,6,22.2469635,39.4627609
6/14/25 7:58,432,66.7945447098005,1.935,0.0,7,14,6,22.1218719,39.7069588
6/14/25 7:43,432,66.7945447098005,1.935,0.0,7,14,6,22.0593414,39.9023209
6/14/25 7:28,432,66.7945447098005,1.935,0.0,7,14,6,21.9342499,40.0488434
6/14/25 7:13,432,66.7945447098005,1.935,0.0,7,14,6,21.8717194,40.21978
6/14/25 6:58,432,66.7945447098005,1.935,0.0,6,14,6,21.8091736,40.4151382
6/14/25 6:43,432,66.7945447098005,1.935,0.0,6,14,6,21.6840973,40.6593437
6/14/25 6:28,432,66.7945447098005,1.935,0.0,6,14,6,21.559021,41.0012207
6/14/25 6:13,432,66.7945447098005,1.935,0.0,6,14,6,21.3088684,41.5872993
6/14/25 5:58,432,66.7945447098005,1.935,0.0,5,14,6,21.0587006,42.0024452
6/14/25 5:43,432,66.7945447098005,1.935,0.0,5,14,6,21.6215515,40.21978
6/14/25 5:28,432,66.7945447098005,1.935,0.0,5,14,6,21.6840973,40.1221008
6/14/25 5:13,432,66.7945447098005,1.935,0.0,5,14,6,21.6840973,40.0732613
6/14/25 4:58,432,66.7945447098005,1.935,0.0,4,14,6,21.7466431,39.9755783
6/14/25 4:43,432,66.7945447098005,1.935,0.0,4,14,6,21.7466431,39.9267387
6/14/25 4:28,432,66.7945447098005,1.935,0.0,4,14,6,21.8091736,39.78022
6/14/25 4:13,432,66.7945447098005,1.935,0.0,4,14,6,21.8717194,39.7069588
6/14/25 3:58,432,66.7945447098005,1.935,0.0,3,14,6,21.9342499,39.6092796
6/14/25 3:43,432,66.7945447098005,1.935,0.0,3,14,6,21.9342499,39.5360184
6/14/25 3:28,432,66.7945447098005,1.935,0.0,3,14,6,21.9967957,39.4139214
6/14/25 3:13,432,66.7945447098005,1.935,0.0,3,14,6,22.1218719,39.2673988
6/14/25 2:58,432,66.7945447098005,1.935,0.0,2,14,6,22.1218719,39.1697197
6/14/25 2:43,432,66.7945447098005,1.935,0.0,2,14,6,22.2469635,38.9987793
6/14/25 2:28,432,66.7945447098005,1.935,0.0,2,14,6,22.309494,38.8766785
6/14/25 2:13,432,66.7945447098005,1.935,0.0,2,14,6,22.3720398,38.6813202
6/14/25 1:58,432,66.7945447098005,1.935,0.0,1,14,6,22.4971161,38.5592194
6/14/25 1:43,432,66.7945447098005,1.935,0.0,1,14,6,22.6221924,38.3394394
6/14/25 1:28,432,66.7945447098005,1.935,0.0,1,14,6,22.6847229,38.2173386
6/14/25 1:13,432,66.7945447098005,1.935,0.0,1,14,6,22.7167549,38.168499
6/14/25 0:58,432,66.7945447098005,1.935,0.0,0,14,6,22.8098145,38.0219765
6/14/25 0:43,432,66.7945447098005,1.935,0.0,0,14,6,22.8098145,37.9731369
6/14/25 0:28,432,66.7945447098005,1.935,0.0,0,14,6,22.872345,37.8266182
6/14/25 0:13,432,66.7945447098005,1.935,0.0,0,14,6,22.9348907,37.7533569
6/13/25 23:58,432,66.7945447098005,1.935,0.0,23,13,6,22.9974365,37.6068382
6/13/25 23:43,432,66.7945447098005,1.935,0.0,23,13,6,22.9974365,37.5091591
6/13/25 23:28,432,66.7945447098005,1.935,0.0,23,13,6,23.059967,37.3870583
6/13/25 23:13,432,66.7945447098005,1.935,0.0,23,13,6,23.1225128,37.2405357
6/13/25 22:58,432,66.7945447098005,1.935,0.0,22,13,6,23.1850433,37.1184387
6/13/25 22:43,432,66.7945447098005,1.935,0.0,22,13,6,23.2475891,36.8986549
6/13/25 22:28,432,66.7945447098005,1.935,0.0,22,13,6,23.3726654,36.6300354
6/13/25 22:13,432,66.7945447098005,1.935,0.0,22,13,6,23.497757,36.2881584
6/13/25 21:58,432,66.7945447098005,1.935,0.0,21,13,6,23.4352112,36.3125763
6/13/25 21:43,432,66.7945447098005,1.935,0.0,21,13,6,23.4352112,36.2148972
6/13/25 21:28,432,66.7945447098005,1.935,0.0,21,13,6,23.497757,36.1172142
6/13/25 21:13,432,66.7945447098005,1.935,0.0,21,13,6,23.497757,35.9706955
6/13/25 20:58,432,66.7945447098005,1.935,0.0,20,13,6,23.497757,35.9706955
6/13/25 20:43,432,66.7945447098005,1.935,0.0,20,13,6,23.497757,35.7997551
6/13/25 20:28,432,66.7945447098005,1.935,0.0,20,13,6,23.5602875,35.6651497
6/13/25 20:13,432,66.7945447098005,1.935,0.0,20,13,6,23.6228333,35.6043968
6/13/25 19:58,432,66.7945447098005,1.935,0.0,19,13,6,23.6228333,35.6532364
6/13/25 19:43,432,66.7945447098005,1.935,0.0,19,13,6,23.6228333,35.6532364
6/13/25 19:28,432,66.7945447098005,1.935,0.0,19,13,6,23.5602875,35.7509155
6/13/25 19:13,432,66.7945447098005,1.935,0.0,19,13,6,23.5602875,35.8241768
6/13/25 18:58,432,66.7945447098005,1.935,0.0,18,13,6,23.6228333,36.1416359
6/13/25 18:43,432,66.7945447098005,1.935,0.0,18,13,6,23.497757,35.9706955
6/13/25 18:28,432,66.7945447098005,1.935,0.0,18,13,6,23.497757,36.1416359
6/13/25 18:13,432,66.7945447098005,1.935,0.0,18,13,6,23.497757,36.2881584
6/13/25 17:58,432,66.7945447098005,1.935,0.0,17,13,6,23.497757,36.4102554
6/13/25 17:43,432,66.7945447098005,1.935,0.0,17,13,6,23.4457054,36.5407715
6/13/25 17:28,432,66.7945447098005,1.935,0.0,17,13,6,23.4352112,36.6056175
6/13/25 17:13,432,66.7945447098005,1.935,0.0,17,13,6,23.3726654,36.6788788
6/13/25 16:58,432,66.7945447098005,1.935,0.0,16,13,6,23.2475891,36.7521362
6/13/25 16:43,432,66.7945447098005,1.935,0.0,16,13,6,23.059967,37.0695992
6/13/25 16:28,432,66.7945447098005,1.935,0.0,16,13,6,23.3726654,37.0451775
6/13/25 16:13,432,66.7945447098005,1.935,0.0,16,13,6,23.1225128,36.9474945
6/13/25 15:58,432,66.7945447098005,1.935,0.0,15,13,6,23.2475891,37.5579987
6/13/25 15:43,432,66.7945447098005,1.935,0.0,15,13,6,23.497757,37.8266182
6/13/25 15:28,432,66.7945447098005,1.935,0.0,15,13,6,23.3101349,38.2298431
6/13/25 15:13,432,66.7945447098005,1.935,0.0,15,13,6,23.4352112,38.3638573
6/13/25 14:58,432,66.7945447098005,1.935,0.0,14,13,6,23.6228333,38.2661781
6/13/25 14:43,432,66.7945447098005,1.935,0.0,14,13,6,23.6228333,38.6324806
6/13/25 14:28,432,66.7945447098005,1.935,0.0,14,13,6,23.6228333,38.7057381
6/13/25 14:13,432,66.7945447098005,1.935,0.0,14,13,6,23.6853638,38.7545776
6/13/25 13:58,432,66.7945447098005,1.935,0.0,13,13,6,23.6853638,38.8278389
6/13/25 13:43,432,66.7945447098005,1.935,0.0,13,13,6,23.7479095,39.1208801
6/13/25 13:28,432,66.7945447098005,1.935,0.0,13,13,6,23.7479095,39.4627609
6/13/25 13:13,432,66.7945447098005,1.935,0.0,13,13,6,23.6853638,39.8485985
6/13/25 12:58,432,66.7945447098005,1.935,0.0,12,13,6,23.6228333,40.3663025
6/13/25 12:43,432,66.7945447098005,1.935,0.0,12,13,6,23.6228333,40.854702
6/13/25 12:28,432,66.7945447098005,1.935,0.0,12,13,6,23.6853638,40.9279633
6/13/25 12:13,432,66.7945447098005,1.935,0.0,12,13,6,23.8104553,40.9035416
6/13/25 11:58,432,66.7945447098005,1.935,0.0,11,13,6,24.0606079,40.6837616
6/13/25 11:43,432,66.7945447098005,1.935,0.0,11,13,6,24.1231384,40.6837616
6/13/25 11:28,432,66.7945447098005,1.935,0.0,11,13,6,23.9980774,40.854702
6/13/25 11:13,432,66.7945447098005,1.935,0.0,11,13,6,23.8729858,40.9523811
6/13/25 10:58,432,66.7945447098005,1.935,0.0,10,13,6,23.7479095,41.1477432
6/13/25 10:43,432,66.7945447098005,1.935,0.0,10,13,6,23.6228333,41.3431015
6/13/25 10:28,432,66.7945447098005,1.935,0.0,10,13,6,23.4352112,41.4603195
6/13/25 10:13,432,66.7945447098005,1.935,0.0,10,13,6,23.3101349,41.5872993
6/13/25 9:58,432,66.7945447098005,1.935,0.0,9,13,6,23.1850433,41.7338219
6/13/25 9:43,432,66.7945447098005,1.935,0.0,9,13,6,22.9974365,41.929184
6/13/25 9:28,432,66.7945447098005,1.935,0.0,9,13,6,22.872345,42.0268631
6/13/25 9:13,432,66.7945447098005,1.935,0.0,9,13,6,22.6847229,42.2466431
6/13/25 8:58,432,66.7945447098005,1.935,0.0,8,13,6,22.5596619,42.3931656
6/13/25 8:43,432,66.7945447098005,1.935,0.0,8,13,6,22.4971161,42.3931656
6/13/25 8:28,432,66.7945447098005,1.935,0.0,8,13,6,22.3720398,42.4175835
6/13/25 8:13,432,66.7945447098005,1.935,0.0,8,13,6,22.309494,42.5152626
6/13/25 7:58,432,66.7945447098005,1.935,0.0,7,13,6,22.1844177,42.7106247
6/13/25 7:43,432,66.7945447098005,1.935,0.0,7,13,6,22.0593414,42.9304047
6/13/25 7:28,432,66.7945447098005,1.935,0.0,7,13,6,21.9342499,43.1501808
6/13/25 7:13,432,66.7945447098005,1.935,0.0,7,13,6,21.8091736,43.2967033
6/13/25 6:58,432,66.7945447098005,1.935,0.0,6,13,6,21.6840973,43.5409012
6/13/25 6:43,432,66.7945447098005,1.935,0.0,6,13,6,21.6215515,43.8095245
6/13/25 6:28,432,66.7945447098005,1.935,0.0,6,13,6,21.4339294,44.1514053
6/13/25 6:13,432,66.7945447098005,1.935,0.0,6,13,6,21.2463226,44.8595848
6/13/25 5:58,432,66.7945447098005,1.935,0.0,5,13,6,21.0217838,45.7387085
6/13/25 5:43,432,66.7945447098005,1.935,0.0,5,13,6,21.559021,44.2490883
6/13/25 5:28,432,66.7945447098005,1.935,0.0,5,13,6,21.6215515,44.1914558
6/13/25 5:13,432,66.7945447098005,1.935,0.0,5,13,6,21.6215515,44.1025658
6/13/25 4:58,432,66.7945447098005,1.935,0.0,4,13,6,21.6840973,44.0537262
6/13/25 4:43,432,66.7945447098005,1.935,0.0,4,13,6,21.6840973,44.0293045
6/13/25 4:28,432,66.7945447098005,1.935,0.0,4,13,6,21.6840973,43.9560471
6/13/25 4:13,432,66.7945447098005,1.935,0.0,4,13,6,21.7466431,43.9316216
6/13/25 3:58,432,66.7945447098005,1.935,0.0,3,13,6,21.8091736,43.8827858
6/13/25 3:43,432,66.7945447098005,1.935,0.0,3,13,6,21.8091736,43.8095245
6/13/25 3:28,432,66.7945447098005,1.935,0.0,3,13,6,21.8091736,43.760685
6/13/25 3:13,432,66.7945447098005,1.935,0.0,3,13,6,21.8717194,43.6385841
6/13/25 2:58,432,66.7945447098005,1.935,0.0,2,13,6,21.9342499,43.5897446
6/13/25 2:43,432,66.7945447098005,1.935,0.0,2,13,6,21.9967957,43.4676476
6/13/25 2:28,432,66.7945447098005,1.935,0.0,2,13,6,21.9967957,43.3699646
6/13/25 2:13,432,66.7945447098005,1.935,0.0,2,13,6,22.0593414,43.2967033
6/13/25 1:58,432,66.7945447098005,1.935,0.0,1,13,6,22.1218719,43.1990242
6/13/25 1:43,432,66.7945447098005,1.935,0.0,1,13,6,22.2469635,43.0036659
6/13/25 1:28,432,66.7945447098005,1.935,0.0,1,13,6,22.309494,42.9304047
6/13/25 1:13,432,66.7945447098005,1.935,0.0,1,13,6,22.3720398,42.7594604
6/13/25 0:58,432,66.7945447098005,1.935,0.0,0,13,6,22.4345703,42.6129456
6/13/25 0:43,432,66.7945447098005,1.935,0.0,0,13,6,22.4971161,42.466423
6/13/25 0:28,432,66.7945447098005,1.935,0.0,0,13,6,22.5596619,42.4175835
6/13/25 0:13,432,66.7945447098005,1.935,0.0,0,13,6,22.5680542,42.3443222
6/12/25 23:58,432,66.7945447098005,1.935,0.0,23,12,6,22.6221924,42.2954865
6/12/25 23:43,432,66.7945447098005,1.935,0.0,23,12,6,22.6221924,42.2222252
6/12/25 23:28,432,66.7945447098005,1.935,0.0,23,12,6,22.6847229,42.1489639
6/12/25 23:13,432,66.7945447098005,1.935,0.0,23,12,6,22.7472839,42.051281
6/12/25 22:58,432,66.7945447098005,1.935,0.0,22,12,6,22.8098145,41.8803406
6/12/25 22:43,432,66.7945447098005,1.935,0.0,22,12,6,22.9348907,41.6361427
6/12/25 22:28,432,66.7945447098005,1.935,0.0,22,12,6,23.059967,41.4163628
6/12/25 22:13,432,66.7945447098005,1.935,0.0,22,12,6,23.2475891,41.074482
6/12/25 21:58,432,66.7945447098005,1.935,0.0,21,12,6,23.3101349,41.2210045
6/12/25 21:43,432,66.7945447098005,1.935,0.0,21,12,6,23.3726654,41.0901108
6/12/25 21:28,432,66.7945447098005,1.935,0.0,21,12,6,23.3726654,40.9035416
6/12/25 21:13,432,66.7945447098005,1.935,0.0,21,12,6,23.3726654,40.7081795
6/12/25 20:58,432,66.7945447098005,1.935,0.0,20,12,6,23.4352112,40.6105003
6/12/25 20:43,432,66.7945447098005,1.935,0.0,20,12,6,23.4352112,40.4639816
6/12/25 20:28,432,66.7945447098005,1.935,0.0,20,12,6,23.4352112,40.3663025
6/12/25 20:13,432,66.7945447098005,1.935,0.0,20,12,6,23.497757,40.1221008
6/12/25 19:58,432,66.7945447098005,1.935,0.0,19,12,6,23.497757,39.9755783
6/12/25 19:43,432,66.7945447098005,1.935,0.0,19,12,6,23.5602875,39.8534813
6/12/25 19:28,432,66.7945447098005,1.935,0.0,19,12,6,23.497757,39.7069588
6/12/25 19:13,432,66.7945447098005,1.935,0.0,19,12,6,23.497757,39.4139214
6/12/25 18:58,432,66.7945447098005,1.935,0.0,18,12,6,23.5602875,39.0476189
6/12/25 18:43,432,66.7945447098005,1.935,0.0,18,12,6,23.5602875,38.9499397
6/12/25 18:28,432,66.7945447098005,1.935,0.0,18,12,6,23.497757,38.8766785
6/12/25 18:13,432,66.7945447098005,1.935,0.0,18,12,6,23.497757,38.6813202
6/12/25 17:58,432,66.7945447098005,1.935,0.0,17,12,6,23.497757,38.388279
6/12/25 17:43,432,66.7945447098005,1.935,0.0,17,12,6,23.4352112,38.1440773
6/12/25 17:28,432,66.7945447098005,1.935,0.0,17,12,6,23.3726654,38.070816
6/12/25 17:13,432,66.7945447098005,1.935,0.0,17,12,6,23.2475891,38.0952377
6/12/25 16:58,432,66.7945447098005,1.935,0.0,16,12,6,23.4352112,37.7289352
6/12/25 16:43,432,66.7945447098005,1.935,0.0,16,12,6,23.5602875,37.094017
6/12/25 16:28,432,66.7945447098005,1.935,0.0,16,12,6,23.4352112,37.0207558
6/12/25 16:13,432,66.7945447098005,1.935,0.0,16,12,6,23.1850433,37.1428566
6/12/25 15:58,432,66.7945447098005,1.935,0.0,15,12,6,23.3101349,37.5579987
6/12/25 15:43,432,66.7945447098005,1.935,0.0,15,12,6,23.3726654,37.313797
6/12/25 15:28,432,66.7945447098005,1.935,0.0,15,12,6,23.3101349,37.6800957
6/12/25 15:13,432,66.7945447098005,1.935,0.0,15,12,6,23.497757,37.5824165
6/12/25 14:58,432,66.7945447098005,1.935,0.0,14,12,6,23.2475891,37.948719
6/12/25 14:43,432,66.7945447098005,1.935,0.0,14,12,6,23.4352112,38.2417603
6/12/25 14:28,432,66.7945447098005,1.935,0.0,14,12,6,23.6853638,38.1440773
6/12/25 14:13,432,66.7945447098005,1.935,0.0,14,12,6,23.3726654,38.388279
6/12/25 13:58,432,66.7945447098005,1.935,0.0,13,12,6,23.4352112,38.8034172
6/12/25 13:43,432,66.7945447098005,1.935,0.0,13,12,6,23.6228333,38.7789993
6/12/25 13:28,432,66.7945447098005,1.935,0.0,13,12,6,23.8104553,38.510376
6/12/25 13:13,432,66.7945447098005,1.935,0.0,13,12,6,23.497757,38.8278389
6/12/25 12:58,432,66.7945447098005,1.935,0.0,12,12,6,23.5602875,39.145298
6/12/25 12:43,432,66.7945447098005,1.935,0.0,12,12,6,23.7479095,38.9010963
6/12/25 12:28,432,66.7945447098005,1.935,0.0,12,12,6,24.1856842,38.0219765
6/12/25 12:13,432,66.7945447098005,1.935,0.0,12,12,6,24.1231384,37.9731369
6/12/25 11:58,432,66.7945447098005,1.935,0.0,11,12,6,24.1231384,37.9731369
6/12/25 11:43,432,66.7945447098005,1.935,0.0,11,12,6,24.0606079,37.9975586
6/12/25 11:28,432,66.7945447098005,1.935,0.0,11,12,6,23.9980774,38.0219765
6/12/25 11:13,432,66.7945447098005,1.935,0.0,11,12,6,23.8729858,38.1440773
6/12/25 10:58,432,66.7945447098005,1.935,0.0,10,12,6,23.7479095,38.2661781
6/12/25 10:43,432,66.7945447098005,1.935,0.0,10,12,6,23.6228333,38.4615364
6/12/25 10:28,432,66.7945447098005,1.935,0.0,10,12,6,23.4772606,38.6568985
6/12/25 10:13,432,66.7945447098005,1.935,0.0,10,12,6,23.3101349,38.8034172
6/12/25 9:58,432,66.7945447098005,1.935,0.0,9,12,6,23.1225128,38.925518
6/12/25 9:43,432,66.7945447098005,1.935,0.0,9,12,6,22.9974365,39.0964584
6/12/25 9:28,432,66.7945447098005,1.935,0.0,9,12,6,22.8098145,39.2673988
6/12/25 9:13,432,66.7945447098005,1.935,0.0,9,12,6,22.6847229,39.4871788
6/12/25 8:58,432,66.7945447098005,1.935,0.0,8,12,6,22.5596619,39.6581192
6/12/25 8:43,432,66.7945447098005,1.935,0.0,8,12,6,22.4345703,39.9023209
6/12/25 8:28,432,66.7945447098005,1.935,0.0,8,12,6,22.2469635,40.1221008
6/12/25 8:13,432,66.7945447098005,1.935,0.0,8,12,6,22.1218719,40.3663025
6/12/25 7:58,432,66.7945447098005,1.935,0.0,7,12,6,21.9967957,40.6593437
6/12/25 7:43,432,66.7945447098005,1.935,0.0,7,12,6,21.8717194,40.8791199
6/12/25 7:28,432,66.7945447098005,1.935,0.0,7,12,6,21.6840973,41.1477432
6/12/25 7:13,432,66.7945447098005,1.935,0.0,7,12,6,21.559021,41.3919411
6/12/25 6:58,432,66.7945447098005,1.935,0.0,6,12,6,21.4964905,41.6361427
6/12/25 6:43,432,66.7945447098005,1.935,0.0,6,12,6,21.3713989,41.8803406
6/12/25 6:28,432,66.7945447098005,1.935,0.0,6,12,6,21.2463226,42.1733818
6/12/25 6:13,432,66.7945447098005,1.935,0.0,6,12,6,20.99617,42.783886
6/12/25 5:58,432,66.7945447098005,1.935,0.0,5,12,6,20.808548,43.9560471
6/12/25 5:43,432,66.7945447098005,1.935,0.0,5,12,6,21.3877907,43.0118599
6/12/25 5:28,432,66.7945447098005,1.935,0.0,5,12,6,21.4339294,42.9304047
6/12/25 5:13,432,66.7945447098005,1.935,0.0,5,12,6,21.4339294,42.8815651
6/12/25 4:58,432,66.7945447098005,1.935,0.0,4,12,6,21.4964905,42.8327217
6/12/25 4:43,432,66.7945447098005,1.935,0.0,4,12,6,21.4964905,42.8083038
6/12/25 4:28,432,66.7945447098005,1.935,0.0,4,12,6,21.4964905,42.6862068
6/12/25 4:13,432,66.7945447098005,1.935,0.0,4,12,6,21.559021,42.6617813
6/12/25 3:58,432,66.7945447098005,1.935,0.0,3,12,6,21.6215515,42.5641022
6/12/25 3:43,432,66.7945447098005,1.935,0.0,3,12,6,21.6215515,42.5152626
6/12/25 3:28,432,66.7945447098005,1.935,0.0,3,12,6,21.6840973,42.4420013
6/12/25 3:13,432,66.7945447098005,1.935,0.0,3,12,6,21.6840973,42.3687401
6/12/25 2:58,432,66.7945447098005,1.935,0.0,2,12,6,21.7466431,42.3443222
6/12/25 2:43,432,66.7945447098005,1.935,0.0,2,12,6,21.7466431,42.1978035
6/12/25 2:28,432,66.7945447098005,1.935,0.0,2,12,6,21.8091736,42.1733818
6/12/25 2:13,432,66.7945447098005,1.935,0.0,2,12,6,21.8717194,42.0757027
6/12/25 1:58,432,66.7945447098005,1.935,0.0,1,12,6,21.9342499,42.0024452
6/12/25 1:43,432,66.7945447098005,1.935,0.0,1,12,6,21.9967957,41.9536018
6/12/25 1:28,432,66.7945447098005,1.935,0.0,1,12,6,22.0593414,41.8070831
6/12/25 1:13,432,66.7945447098005,1.935,0.0,1,12,6,22.1218719,41.7582436
6/12/25 0:58,432,66.7945447098005,1.935,0.0,0,12,6,22.1844177,41.5628815
6/12/25 0:43,432,66.7945447098005,1.935,0.0,0,12,6,22.309494,41.4163628
6/12/25 0:28,432,66.7945447098005,1.935,0.0,0,12,6,22.3720398,41.3431015
6/12/25 0:13,432,66.7945447098005,1.935,0.0,0,12,6,22.4345703,41.0988998
6/11/25 23:58,432,66.7945447098005,1.935,0.0,23,11,6,22.5596619,40.9523811
6/11/25 23:43,432,66.7945447098005,1.935,0.0,23,11,6,22.6722164,40.7814407
6/11/25 23:28,432,66.7945447098005,1.935,0.0,23,11,6,22.8098145,40.5372429
6/11/25 23:13,432,66.7945447098005,1.935,0.0,23,11,6,22.872345,40.3418846
6/11/25 22:58,432,66.7945447098005,1.935,0.0,22,11,6,22.9974365,39.9843674
6/11/25 22:43,432,66.7945447098005,1.935,0.0,22,11,6,23.059967,39.8534813
6/11/25 22:28,432,66.7945447098005,1.935,0.0,22,11,6,23.1850433,39.6581192
6/11/25 22:13,432,66.7945447098005,1.935,0.0,22,11,6,23.3101349,39.365078
6/11/25 21:58,432,66.7945447098005,1.935,0.0,21,11,6,23.2475891,39.3162384
6/11/25 21:43,432,66.7945447098005,1.935,0.0,21,11,6,23.3101349,39.1941376
6/11/25 21:28,432,66.7945447098005,1.935,0.0,21,11,6,23.3726654,39.1208801
6/11/25 21:13,432,66.7945447098005,1.935,0.0,21,11,6,23.4352112,39.1208801
6/11/25 20:58,432,66.7945447098005,1.935,0.0,20,11,6,23.4352112,39.1697197
6/11/25 20:43,432,66.7945447098005,1.935,0.0,20,11,6,23.497757,38.8766785
6/11/25 20:28,432,66.7945447098005,1.935,0.0,20,11,6,23.497757,38.7545776
6/11/25 20:13,432,66.7945447098005,1.935,0.0,20,11,6,23.497757,38.8278389
6/11/25 19:58,432,66.7945447098005,1.935,0.0,19,11,6,23.5923119,38.6813202
6/11/25 19:43,432,66.7945447098005,1.935,0.0,19,11,6,23.5602875,38.6813202
6/11/25 19:28,432,66.7945447098005,1.935,0.0,19,11,6,23.5602875,38.7545776
6/11/25 19:13,432,66.7945447098005,1.935,0.0,19,11,6,23.5602875,38.5836372
6/11/25 18:58,432,66.7945447098005,1.935,0.0,18,11,6,23.6228333,38.5347977
6/11/25 18:43,432,66.7945447098005,1.935,0.0,18,11,6,23.6853638,38.510376
6/11/25 18:28,432,66.7945447098005,1.935,0.0,18,11,6,23.6228333,38.7301598
6/11/25 18:13,432,66.7945447098005,1.935,0.0,18,11,6,23.5602875,38.510376
6/11/25 17:58,432,66.7945447098005,1.935,0.0,17,11,6,23.6228333,38.4371185
6/11/25 17:43,432,66.7945447098005,1.935,0.0,17,11,6,23.6228333,38.4615364
6/11/25 17:28,432,66.7945447098005,1.935,0.0,17,11,6,23.6228333,38.6080589
6/11/25 17:13,432,66.7945447098005,1.935,0.0,17,11,6,23.6228333,38.7057381
6/11/25 16:58,432,66.7945447098005,1.935,0.0,16,11,6,23.6853638,38.7789993
6/11/25 16:43,432,66.7945447098005,1.935,0.0,16,11,6,23.7479095,38.8034172
6/11/25 16:28,432,66.7945447098005,1.935,0.0,16,11,6,23.7479095,39.2918167
6/11/25 16:13,432,66.7945447098005,1.935,0.0,16,11,6,23.6228333,39.1697197
6/11/25 15:58,432,66.7945447098005,1.935,0.0,15,11,6,23.6228333,39.2185593
6/11/25 15:43,432,66.7945447098005,1.935,0.0,15,11,6,23.5602875,39.3162384
6/11/25 15:28,432,66.7945447098005,1.935,0.0,15,11,6,23.4352112,39.4139214
6/11/25 15:13,432,66.7945447098005,1.935,0.0,15,11,6,23.7479095,39.8534813
6/11/25 14:58,432,66.7945447098005,1.935,0.0,14,11,6,23.6853638,39.6581192
6/11/25 14:43,432,66.7945447098005,1.935,0.0,14,11,6,23.4352112,39.915123
6/11/25 14:28,432,66.7945447098005,1.935,0.0,14,11,6,23.6228333,40.5128212
6/11/25 14:13,432,66.7945447098005,1.935,0.0,14,11,6,23.9355164,40.6593437
6/11/25 13:58,432,66.7945447098005,1.935,0.0,13,11,6,23.7479095,40.9768028
6/11/25 13:43,432,66.7945447098005,1.935,0.0,13,11,6,23.7479095,41.3675232
6/11/25 13:28,432,66.7945447098005,1.935,0.0,13,11,6,23.7479095,41.929184
6/11/25 13:13,432,66.7945447098005,1.935,0.0,13,11,6,23.6853638,42.2710609
6/11/25 12:58,432,66.7945447098005,1.935,0.0,12,11,6,23.6853638,42.466423
6/11/25 12:43,432,66.7945447098005,1.935,0.0,12,11,6,23.7479095,42.5885239
6/11/25 12:28,432,66.7945447098005,1.935,0.0,12,11,6,23.7479095,42.5805206
6/11/25 12:13,432,66.7945447098005,1.935,0.0,12,11,6,23.8104553,42.3687401
6/11/25 11:58,432,66.7945447098005,1.935,0.0,11,11,6,23.9980774,42.3931656
6/11/25 11:43,432,66.7945447098005,1.935,0.0,11,11,6,24.1231384,42.466423
6/11/25 11:28,432,66.7945447098005,1.935,0.0,11,11,6,23.9980774,42.7106247
6/11/25 11:13,432,66.7945447098005,1.935,0.0,11,11,6,23.8729858,42.8815651
6/11/25 10:58,432,66.7945447098005,1.935,0.0,10,11,6,23.6853638,43.1746063
6/11/25 10:43,432,66.7945447098005,1.935,0.0,10,11,6,23.5602875,43.4920654
6/11/25 10:28,432,66.7945447098005,1.935,0.0,10,11,6,23.4352112,43.8339424
6/11/25 10:13,432,66.7945447098005,1.935,0.0,10,11,6,23.2475891,44.2002449
6/11/25 9:58,432,66.7945447098005,1.935,0.0,9,11,6,23.059967,44.5421257
6/11/25 9:43,432,66.7945447098005,1.935,0.0,9,11,6,22.9348907,44.8431702
6/11/25 9:28,432,66.7945447098005,1.935,0.0,9,11,6,22.7472839,45.1770439
6/11/25 9:13,432,66.7945447098005,1.935,0.0,9,11,6,22.5596619,45.3968239
6/11/25 8:58,432,66.7945447098005,1.935,0.0,8,11,6,22.4345703,45.494503
6/11/25 8:43,432,66.7945447098005,1.935,0.0,8,11,6,22.296381,45.6898651
6/11/25 8:28,432,66.7945447098005,1.935,0.0,8,11,6,22.1218719,45.8852234
6/11/25 8:13,432,66.7945447098005,1.935,0.0,8,11,6,21.9967957,46.1294289
6/11/25 7:58,432,66.7945447098005,1.935,0.0,7,11,6,21.8717194,46.5201492
6/11/25 7:43,432,66.7945447098005,1.935,0.0,7,11,6,21.7466431,46.8620262
6/11/25 7:28,432,66.7945447098005,1.935,0.0,7,11,6,21.6215515,47.1894913
6/11/25 7:13,432,66.7945447098005,1.935,0.0,7,11,6,21.4964905,47.4481049
6/11/25 6:58,432,66.7945447098005,1.935,0.0,6,11,6,21.4339294,47.6678886
6/11/25 6:43,432,66.7945447098005,1.935,0.0,6,11,6,21.3713989,47.9365082
6/11/25 6:28,432,66.7945447098005,1.935,0.0,6,11,6,21.1837769,48.3272285
6/11/25 6:13,432,66.7945447098005,1.935,0.0,6,11,6,20.99617,49.0354118
6/11/25 5:58,432,66.7945447098005,1.935,0.0,5,11,6,20.808548,50.1098938
6/11/25 5:43,432,66.7945447098005,1.935,0.0,5,11,6,21.4339294,49.0354118
6/11/25 5:28,432,66.7945447098005,1.935,0.0,5,11,6,21.4964905,49.0354118
6/11/25 5:13,432,66.7945447098005,1.935,0.0,5,11,6,21.4964905,49.0109863
6/11/25 4:58,432,66.7945447098005,1.935,0.0,4,11,6,21.559021,48.9377327
6/11/25 4:43,432,66.7945447098005,1.935,0.0,4,11,6,21.559021,48.9133072
6/11/25 4:28,432,66.7945447098005,1.935,0.0,4,11,6,21.6215515,48.8888893
6/11/25 4:13,432,66.7945447098005,1.935,0.0,4,11,6,21.6215515,48.8644714
6/11/25 3:58,432,66.7945447098005,1.935,0.0,3,11,6,21.6215515,48.8644714
6/11/25 3:43,432,66.7945447098005,1.935,0.0,3,11,6,21.6840973,48.8400497
6/11/25 3:28,432,66.7945447098005,1.935,0.0,3,11,6,21.6840973,48.8156281
6/11/25 3:13,432,66.7945447098005,1.935,0.0,3,11,6,21.7466431,48.7667885
6/11/25 2:58,432,66.7945447098005,1.935,0.0,2,11,6,21.7466431,48.6935272
6/11/25 2:43,432,66.7945447098005,1.935,0.0,2,11,6,21.7786598,48.6935272
6/11/25 2:28,432,66.7945447098005,1.935,0.0,2,11,6,21.8091736,48.6691093
6/11/25 2:13,432,66.7945447098005,1.935,0.0,2,11,6,21.8091736,48.620266
6/11/25 1:58,432,66.7945447098005,1.935,0.0,1,11,6,21.8717194,48.5714302
6/11/25 1:43,432,66.7945447098005,1.935,0.0,1,11,6,21.9342499,48.4981689
6/11/25 1:28,432,66.7945447098005,1.935,0.0,1,11,6,21.9967957,48.4493294
6/11/25 1:13,432,66.7945447098005,1.935,0.0,1,11,6,21.9967957,48.3760681
6/11/25 0:58,432,66.7945447098005,1.935,0.0,0,11,6,22.0593414,48.2295456
6/11/25 0:43,432,66.7945447098005,1.935,0.0,0,11,6,22.1218719,48.1318665
6/11/25 0:28,432,66.7945447098005,1.935,0.0,0,11,6,22.1844177,48.0097694
6/11/25 0:13,432,66.7945447098005,1.935,0.0,0,11,6,22.2469635,47.9609299
6/10/25 23:58,432,66.7945447098005,1.935,0.0,23,10,6,22.309494,47.8632507
6/10/25 23:43,432,66.7945447098005,1.935,0.0,23,10,6,22.3720398,47.7575684
6/10/25 23:28,432,66.7945447098005,1.935,0.0,23,10,6,22.4345703,47.6190491
6/10/25 23:13,432,66.7945447098005,1.935,0.0,23,10,6,22.4971161,47.4481049
6/10/25 22:58,432,66.7945447098005,1.935,0.0,22,10,6,22.6221924,47.2771683
6/10/25 22:43,432,66.7945447098005,1.935,0.0,22,10,6,22.7472839,47.0573845
6/10/25 22:28,432,66.7945447098005,1.935,0.0,22,10,6,22.8098145,46.9352875
6/10/25 22:13,432,66.7945447098005,1.935,0.0,22,10,6,22.9348907,46.7399254
6/10/25 21:58,432,66.7945447098005,1.935,0.0,21,10,6,22.872345,46.8131866
6/10/25 21:43,432,66.7945447098005,1.935,0.0,21,10,6,22.872345,46.8620262
6/10/25 21:28,432,66.7945447098005,1.935,0.0,21,10,6,22.9348907,46.8620262
6/10/25 21:13,432,66.7945447098005,1.935,0.0,21,10,6,22.9348907,46.8131866
6/10/25 20:58,432,66.7945447098005,1.935,0.0,20,10,6,23.059967,46.7643471
6/10/25 20:43,432,66.7945447098005,1.935,0.0,20,10,6,23.1850433,46.6910896
6/10/25 20:28,432,66.7945447098005,1.935,0.0,20,10,6,23.2475891,46.6666641
6/10/25 20:13,432,66.7945447098005,1.935,0.0,20,10,6,23.2475891,46.7887688
6/10/25 19:58,432,66.7945447098005,1.935,0.0,19,10,6,23.3101349,46.8864479
6/10/25 19:43,432,66.7945447098005,1.935,0.0,19,10,6,23.3726654,47.0329666
6/10/25 19:28,432,66.7945447098005,1.935,0.0,19,10,6,23.3726654,47.2527466
6/10/25 19:13,432,66.7945447098005,1.935,0.0,19,10,6,23.4352112,47.2527466
6/10/25 18:58,432,66.7945447098005,1.935,0.0,18,10,6,23.4352112,47.3260078
6/10/25 18:43,432,66.7945447098005,1.935,0.0,18,10,6,23.4352112,47.3504257
6/10/25 18:28,432,66.7945447098005,1.935,0.0,18,10,6,23.4352112,47.3260078
6/10/25 18:13,432,66.7945447098005,1.935,0.0,18,10,6,23.497757,47.2527466
6/10/25 17:58,432,66.7945447098005,1.935,0.0,17,10,6,23.497757,47.203907
6/10/25 17:43,432,66.7945447098005,1.935,0.0,17,10,6,23.497757,47.1550674
6/10/25 17:28,432,66.7945447098005,1.935,0.0,17,10,6,23.497757,47.203907
6/10/25 17:13,432,66.7945447098005,1.935,0.0,17,10,6,23.497757,47.30159
6/10/25 16:58,432,66.7945447098005,1.935,0.0,16,10,6,23.3851738,47.6190491
6/10/25 16:43,432,66.7945447098005,1.935,0.0,16,10,6,23.3101349,47.6923103
6/10/25 16:28,432,66.7945447098005,1.935,0.0,16,10,6,23.5602875,46.4224663
6/10/25 16:13,432,66.7945447098005,1.935,0.0,16,10,6,23.3726654,46.7155075
6/10/25 15:58,432,66.7945447098005,1.935,0.0,15,10,6,23.2475891,46.9761276
6/10/25 15:43,432,66.7945447098005,1.935,0.0,15,10,6,23.5602875,45.592186
6/10/25 15:28,432,66.7945447098005,1.935,0.0,15,10,6,24.0474949,44.0781441
6/10/25 15:13,432,66.7945447098005,1.935,0.0,15,10,6,23.9980774,44.0781441
6/10/25 14:58,432,66.7945447098005,1.935,0.0,14,10,6,23.9980774,44.0293045
6/10/25 14:43,432,66.7945447098005,1.935,0.0,14,10,6,23.9980774,43.9072037
6/10/25 14:28,432,66.7945447098005,1.935,0.0,14,10,6,23.9980774,43.7851067
6/10/25 14:13,432,66.7945447098005,1.935,0.0,14,10,6,23.9980774,43.6630058
6/10/25 13:58,432,66.7945447098005,1.935,0.0,13,10,6,23.9980774,43.6630058
6/10/25 13:43,432,66.7945447098005,1.935,0.0,13,10,6,23.9355164,43.6630058
6/10/25 13:28,432,66.7945447098005,1.935,0.0,13,10,6,23.8729858,43.7118454
6/10/25 13:13,432,66.7945447098005,1.935,0.0,13,10,6,23.8104553,43.7118454
6/10/25 12:58,432,66.7945447098005,1.935,0.0,12,10,6,23.7479095,43.7118454
6/10/25 12:43,432,66.7945447098005,1.935,0.0,12,10,6,23.6228333,43.6874237
6/10/25 12:28,432,66.7945447098005,1.935,0.0,12,10,6,23.5602875,43.6874237
6/10/25 12:13,432,66.7945447098005,1.935,0.0,12,10,6,23.4352112,43.7118454
6/10/25 11:58,432,66.7945447098005,1.935,0.0,11,10,6,23.3726654,43.760685
6/10/25 11:43,432,66.7945447098005,1.935,0.0,11,10,6,23.2475891,43.8583679
6/10/25 11:28,432,66.7945447098005,1.935,0.0,11,10,6,23.059967,43.9404144
6/10/25 11:13,432,66.7945447098005,1.935,0.0,11,10,6,22.9348907,43.9804649
6/10/25 10:58,432,66.7945447098005,1.935,0.0,10,10,6,22.8098145,44.0537262
6/10/25 10:43,432,66.7945447098005,1.935,0.0,10,10,6,22.6221924,44.175827
6/10/25 10:28,432,66.7945447098005,1.935,0.0,10,10,6,22.4971161,44.1514053
6/10/25 10:13,432,66.7945447098005,1.935,0.0,10,10,6,22.3720398,44.1269836
6/10/25 9:58,432,66.7945447098005,1.935,0.0,9,10,6,22.2469635,44.0781441
6/10/25 9:43,432,66.7945447098005,1.935,0.0,9,10,6,22.0593414,44.1269836
6/10/25 9:28,432,66.7945447098005,1.935,0.0,9,10,6,21.9342499,44.0781441
6/10/25 9:13,432,66.7945447098005,1.935,0.0,9,10,6,21.8091736,44.0781441
6/10/25 8:58,432,66.7945447098005,1.935,0.0,8,10,6,21.6840973,44.175827
6/10/25 8:43,432,66.7945447098005,1.935,0.0,8,10,6,21.559021,44.1514053
6/10/25 8:28,432,66.7945447098005,1.935,0.0,8,10,6,21.4964905,44.1269836
6/10/25 8:13,432,66.7945447098005,1.935,0.0,8,10,6,21.3713989,44.2490883
6/10/25 7:58,432,66.7945447098005,1.935,0.0,7,10,6,21.2463226,44.4688644
6/10/25 7:43,432,66.7945447098005,1.935,0.0,7,10,6,21.1837769,44.6398087
6/10/25 7:28,432,66.7945447098005,1.935,0.0,7,10,6,21.0587006,44.7863235
6/10/25 7:13,432,66.7945447098005,1.935,0.0,7,10,6,20.9336243,44.9328461
6/10/25 6:58,432,66.7945447098005,1.935,0.0,6,10,6,20.8710785,45.1037827
6/10/25 6:43,432,66.7945447098005,1.935,0.0,6,10,6,20.808548,45.372406
6/10/25 6:28,432,66.7945447098005,1.935,0.0,6,10,6,20.6834564,45.7023697
6/10/25 6:13,432,66.7945447098005,1.935,0.0,6,10,6,20.4333038,46.349205
6/10/25 5:58,432,66.7945447098005,1.935,0.0,5,10,6,20.245697,47.1406479
6/10/25 5:43,432,66.7945447098005,1.935,0.0,5,10,6,20.808548,45.6654472
6/10/25 5:28,432,66.7945447098005,1.935,0.0,5,10,6,20.8310585,45.6410255
6/10/25 5:13,432,66.7945447098005,1.935,0.0,5,10,6,20.8710785,45.6166077
6/10/25 4:58,432,66.7945447098005,1.935,0.0,4,10,6,20.9336243,45.592186
6/10/25 4:43,432,66.7945447098005,1.935,0.0,4,10,6,20.9336243,45.5433464
6/10/25 4:28,432,66.7945447098005,1.935,0.0,4,10,6,20.9336243,45.5433464
6/10/25 4:13,432,66.7945447098005,1.935,0.0,4,10,6,20.9336243,45.5189285
6/10/25 3:58,432,66.7945447098005,1.935,0.0,3,10,6,20.99617,45.4700851
6/10/25 3:43,432,66.7945447098005,1.935,0.0,3,10,6,20.99617,45.4700851
6/10/25 3:28,432,66.7945447098005,1.935,0.0,3,10,6,20.99617,45.4456673
6/10/25 3:13,432,66.7945447098005,1.935,0.0,3,10,6,21.0587006,45.3479881
6/10/25 2:58,432,66.7945447098005,1.935,0.0,2,10,6,21.1212463,45.2747269
6/10/25 2:43,432,66.7945447098005,1.935,0.0,2,10,6,21.1837769,45.2503052
6/10/25 2:28,432,66.7945447098005,1.935,0.0,2,10,6,21.1837769,45.2014656
6/10/25 2:13,432,66.7945447098005,1.935,0.0,2,10,6,21.2463226,45.1770439
6/10/25 1:58,432,66.7945447098005,1.935,0.0,1,10,6,21.2463226,45.1037827
6/10/25 1:43,432,66.7945447098005,1.935,0.0,1,10,6,21.3088684,45.0793648
6/10/25 1:28,432,66.7945447098005,1.935,0.0,1,10,6,21.3088684,45.0793648
6/10/25 1:13,432,66.7945447098005,1.935,0.0,1,10,6,21.3713989,45.0549469
6/10/25 0:58,432,66.7945447098005,1.935,0.0,0,10,6,21.4339294,45.0061035
6/10/25 0:43,432,66.7945447098005,1.935,0.0,0,10,6,21.4964905,44.9816856
6/10/25 0:28,432,66.7945447098005,1.935,0.0,0,10,6,21.4964905,44.9572678
6/10/25 0:13,432,66.7945447098005,1.935,0.0,0,10,6,21.559021,44.8840065
6/9/25 23:58,432,66.7945447098005,1.935,0.0,23,9,6,21.6584778,44.8351669
6/9/25 23:43,432,66.7945447098005,1.935,0.0,23,9,6,21.7466431,44.7619057
6/9/25 23:28,432,66.7945447098005,1.935,0.0,23,9,6,21.8091736,44.6398087
6/9/25 23:13,432,66.7945447098005,1.935,0.0,23,9,6,21.9342499,44.4688644
6/9/25 22:58,432,66.7945447098005,1.935,0.0,22,9,6,21.9967957,44.3956032
6/9/25 22:43,432,66.7945447098005,1.935,0.0,22,9,6,22.1218719,44.1269836
6/9/25 22:28,432,66.7945447098005,1.935,0.0,22,9,6,22.2469635,43.8827858
6/9/25 22:13,432,66.7945447098005,1.935,0.0,22,9,6,22.4345703,43.4920654
6/9/25 21:58,432,66.7945447098005,1.935,0.0,21,9,6,22.4971161,43.4920654
6/9/25 21:43,432,66.7945447098005,1.935,0.0,21,9,6,22.5596619,43.3943863
6/9/25 21:28,432,66.7945447098005,1.935,0.0,21,9,6,22.5596619,43.4188042
6/9/25 21:13,432,66.7945447098005,1.935,0.0,21,9,6,22.6221924,43.4920654
6/9/25 20:58,432,66.7945447098005,1.935,0.0,20,9,6,22.6221924,43.5164833
6/9/25 20:43,432,66.7945447098005,1.935,0.0,20,9,6,22.6221924,43.5653267
6/9/25 20:28,432,66.7945447098005,1.935,0.0,20,9,6,22.6221924,43.4774132
6/9/25 20:13,432,66.7945447098005,1.935,0.0,20,9,6,22.6221924,43.443222
6/9/25 19:58,432,66.7945447098005,1.935,0.0,19,9,6,22.6221924,43.443222
6/9/25 19:43,432,66.7945447098005,1.935,0.0,19,9,6,22.6847229,43.4188042
6/9/25 19:28,432,66.7945447098005,1.935,0.0,19,9,6,22.6847229,43.3699646
6/9/25 19:13,432,66.7945447098005,1.935,0.0,19,9,6,22.6847229,43.2478638
6/9/25 18:58,432,66.7945447098005,1.935,0.0,18,9,6,22.7472839,43.2234421
6/9/25 18:43,432,66.7945447098005,1.935,0.0,18,9,6,22.7472839,43.1746063
6/9/25 18:28,432,66.7945447098005,1.935,0.0,18,9,6,22.8098145,43.3699646
6/9/25 18:13,432,66.7945447098005,1.935,0.0,18,9,6,22.7472839,43.1990242
6/9/25 17:58,432,66.7945447098005,1.935,0.0,17,9,6,22.7472839,43.1746063
6/9/25 17:43,432,66.7945447098005,1.935,0.0,17,9,6,22.7472839,43.1501808
6/9/25 17:28,432,66.7945447098005,1.935,0.0,17,9,6,22.7472839,43.1990242
6/9/25 17:13,432,66.7945447098005,1.935,0.0,17,9,6,22.6847229,43.1013451
6/9/25 16:58,432,66.7945447098005,1.935,0.0,16,9,6,22.6847229,43.0280838
6/9/25 16:43,432,66.7945447098005,1.935,0.0,16,9,6,22.6221924,42.8327217
6/9/25 16:28,432,66.7945447098005,1.935,0.0,16,9,6,22.6221924,43.0036659
6/9/25 16:13,432,66.7945447098005,1.935,0.0,16,9,6,22.5596619,42.6862068
6/9/25 15:58,432,66.7945447098005,1.935,0.0,15,9,6,22.5596619,42.7350426
6/9/25 15:43,432,66.7945447098005,1.935,0.0,15,9,6,22.4971161,42.6129456
6/9/25 15:28,432,66.7945447098005,1.935,0.0,15,9,6,22.4345703,42.6617813
6/9/25 15:13,432,66.7945447098005,1.935,0.0,15,9,6,22.4345703,42.6373634
6/9/25 14:58,432,66.7945447098005,1.935,0.0,14,9,6,22.4345703,42.6862068
6/9/25 14:43,432,66.7945447098005,1.935,0.0,14,9,6,22.3720398,42.6862068
6/9/25 14:28,432,66.7945447098005,1.935,0.0,14,9,6,22.3720398,42.6515388
6/9/25 14:13,432,66.7945447098005,1.935,0.0,14,9,6,22.3720398,42.5641022
6/9/25 13:58,432,66.7945447098005,1.935,0.0,13,9,6,22.3720398,42.4420013
6/9/25 13:43,432,66.7945447098005,1.935,0.0,13,9,6,22.309494,42.466423
6/9/25 13:28,432,66.7945447098005,1.935,0.0,13,9,6,22.309494,42.3931656
6/9/25 13:13,432,66.7945447098005,1.935,0.0,13,9,6,22.309494,42.3931656
6/9/25 12:58,432,66.7945447098005,1.935,0.0,12,9,6,22.309494,42.4420013
6/9/25 12:43,432,66.7945447098005,1.935,0.0,12,9,6,22.309494,42.4615402
6/9/25 12:28,432,66.7945447098005,1.935,0.0,12,9,6,22.2469635,42.4175835
6/9/25 12:13,432,66.7945447098005,1.935,0.0,12,9,6,22.2469635,42.3931656
6/9/25 11:58,432,66.7945447098005,1.935,0.0,11,9,6,22.1844177,42.4420013
6/9/25 11:43,432,66.7945447098005,1.935,0.0,11,9,6,22.1844177,42.4420013
6/9/25 11:28,432,66.7945447098005,1.935,0.0,11,9,6,22.1218719,42.466423
6/9/25 11:13,432,66.7945447098005,1.935,0.0,11,9,6,22.0593414,42.4908447
6/9/25 10:58,432,66.7945447098005,1.935,0.0,10,9,6,22.0593414,42.5885239
6/9/25 10:43,432,66.7945447098005,1.935,0.0,10,9,6,21.9967957,42.6617813
6/9/25 10:28,432,66.7945447098005,1.935,0.0,10,9,6,21.9342499,42.6910896
6/9/25 10:13,432,66.7945447098005,1.935,0.0,10,9,6,21.8717194,42.8327217
6/9/25 9:58,432,66.7945447098005,1.935,0.0,9,9,6,21.8316898,42.9548225
6/9/25 9:43,432,66.7945447098005,1.935,0.0,9,9,6,21.7466431,43.1013451
6/9/25 9:28,432,66.7945447098005,1.935,0.0,9,9,6,21.6840973,43.0769272
6/9/25 9:13,432,66.7945447098005,1.935,0.0,9,9,6,21.6215515,43.0769272
6/9/25 8:58,432,66.7945447098005,1.935,0.0,8,9,6,21.559021,43.1746063
6/9/25 8:43,432,66.7945447098005,1.935,0.0,8,9,6,21.4964905,43.2722855
6/9/25 8:28,432,66.7945447098005,1.935,0.0,8,9,6,21.4339294,43.3699646
6/9/25 8:13,432,66.7945447098005,1.935,0.0,8,9,6,21.4339294,43.4188042
6/9/25 7:58,432,66.7945447098005,1.935,0.0,7,9,6,21.4739685,43.4920654
6/9/25 7:43,432,66.7945447098005,1.935,0.0,7,9,6,21.4339294,43.5653267
6/9/25 7:28,432,66.7945447098005,1.935,0.0,7,9,6,21.4339294,43.7362633
6/9/25 7:13,432,66.7945447098005,1.935,0.0,7,9,6,21.3088684,44.0048828
6/9/25 6:58,432,66.7945447098005,1.935,0.0,6,9,6,21.1837769,44.2735062
6/9/25 6:43,432,66.7945447098005,1.935,0.0,6,9,6,21.0587006,44.5665474
6/9/25 6:28,432,66.7945447098005,1.935,0.0,6,9,6,20.8710785,45.0061035
6/9/25 6:13,432,66.7945447098005,1.935,0.0,6,9,6,20.6209259,45.6654472
6/9/25 5:58,432,66.7945447098005,1.935,0.0,5,9,6,20.4333038,46.6910896
6/9/25 5:43,432,66.7945447098005,1.935,0.0,5,9,6,21.0587006,45.3968239
6/9/25 5:28,432,66.7945447098005,1.935,0.0,5,9,6,21.1212463,45.372406
6/9/25 5:13,432,66.7945447098005,1.935,0.0,5,9,6,21.1212463,45.3479881
6/9/25 4:58,432,66.7945447098005,1.935,0.0,4,9,6,21.1212463,45.3479881
6/9/25 4:43,432,66.7945447098005,1.935,0.0,4,9,6,21.1212463,45.2991447
6/9/25 4:28,432,66.7945447098005,1.935,0.0,4,9,6,21.1212463,45.2747269
6/9/25 4:13,432,66.7945447098005,1.935,0.0,4,9,6,21.1837769,45.2503052
6/9/25 3:58,432,66.7945447098005,1.935,0.0,3,9,6,21.1837769,45.2258873
6/9/25 3:43,432,66.7945447098005,1.935,0.0,3,9,6,21.1837769,45.2014656
6/9/25 3:28,432,66.7945447098005,1.935,0.0,3,9,6,21.2463226,45.2258873
6/9/25 3:13,432,66.7945447098005,1.935,0.0,3,9,6,21.2463226,45.1770439
6/9/25 2:58,432,66.7945447098005,1.935,0.0,2,9,6,21.2463226,45.152626
6/9/25 2:43,432,66.7945447098005,1.935,0.0,2,9,6,21.2463226,45.152626
6/9/25 2:28,432,66.7945447098005,1.935,0.0,2,9,6,21.3088684,45.1282082
6/9/25 2:13,432,66.7945447098005,1.935,0.0,2,9,6,21.3088684,45.1282082
6/9/25 1:58,432,66.7945447098005,1.935,0.0,1,9,6,21.3713989,45.1282082
6/9/25 1:43,432,66.7945447098005,1.935,0.0,1,9,6,21.3713989,45.1282082
6/9/25 1:28,432,66.7945447098005,1.935,0.0,1,9,6,21.4339294,45.1037827
6/9/25 1:13,432,66.7945447098005,1.935,0.0,1,9,6,21.4339294,45.1037827
6/9/25 0:58,432,66.7945447098005,1.935,0.0,0,9,6,21.4339294,45.0793648
6/9/25 0:43,432,66.7945447098005,1.935,0.0,0,9,6,21.4964905,45.1037827
6/9/25 0:28,432,66.7945447098005,1.935,0.0,0,9,6,21.5048828,45.152626
6/9/25 0:13,432,66.7945447098005,1.935,0.0,0,9,6,21.559021,45.1037827
6/8/25 23:58,432,66.7945447098005,1.935,0.0,23,8,6,21.6215515,45.0793648
6/8/25 23:43,432,66.7945447098005,1.935,0.0,23,8,6,21.6215515,45.0549469
6/8/25 23:28,432,66.7945447098005,1.935,0.0,23,8,6,21.6840973,45.0061035
6/8/25 23:13,432,66.7945447098005,1.935,0.0,23,8,6,21.7466431,44.9816856
6/8/25 22:58,432,66.7945447098005,1.935,0.0,22,8,6,21.8091736,44.9328461
6/8/25 22:43,432,66.7945447098005,1.935,0.0,22,8,6,21.8717194,44.8595848
6/8/25 22:28,432,66.7945447098005,1.935,0.0,22,8,6,21.9967957,44.6153831
6/8/25 22:13,432,66.7945447098005,1.935,0.0,22,8,6,22.1474915,44.2735062
6/8/25 21:58,432,66.7945447098005,1.935,0.0,21,8,6,22.1844177,44.2490883
6/8/25 21:43,432,66.7945447098005,1.935,0.0,21,8,6,22.2469635,44.2246628
6/8/25 21:28,432,66.7945447098005,1.935,0.0,21,8,6,22.2469635,44.1514053
6/8/25 21:13,432,66.7945447098005,1.935,0.0,21,8,6,22.2469635,44.1414032
6/8/25 20:58,432,66.7945447098005,1.935,0.0,20,8,6,22.309494,44.1025658
6/8/25 20:43,432,66.7945447098005,1.935,0.0,20,8,6,22.309494,44.0781441
6/8/25 20:28,432,66.7945447098005,1.935,0.0,20,8,6,22.309494,44.0293045
6/8/25 20:13,432,66.7945447098005,1.935,0.0,20,8,6,22.309494,44.0293045
6/8/25 19:58,432,66.7945447098005,1.935,0.0,19,8,6,22.309494,44.0293045
6/8/25 19:43,432,66.7945447098005,1.935,0.0,19,8,6,22.309494,44.0293045
6/8/25 19:28,432,66.7945447098005,1.935,0.0,19,8,6,22.309494,44.0293045
6/8/25 19:13,432,66.7945447098005,1.935,0.0,19,8,6,22.2469635,44.0048828
6/8/25 18:58,432,66.7945447098005,1.935,0.0,18,8,6,22.2469635,44.0293045
6/8/25 18:43,432,66.7945447098005,1.935,0.0,18,8,6,22.2469635,44.0048828
6/8/25 18:28,432,66.7945447098005,1.935,0.0,18,8,6,22.2469635,43.9316216
6/8/25 18:13,432,66.7945447098005,1.935,0.0,18,8,6,22.1844177,43.8827858
6/8/25 17:58,432,66.7945447098005,1.935,0.0,17,8,6,22.1844177,43.8095245
6/8/25 17:43,432,66.7945447098005,1.935,0.0,17,8,6,22.1844177,43.7118454
6/8/25 17:28,432,66.7945447098005,1.935,0.0,17,8,6,22.1844177,43.6141624
6/8/25 17:13,432,66.7945447098005,1.935,0.0,17,8,6,22.1844177,43.4920654
6/8/25 16:58,432,66.7945447098005,1.935,0.0,16,8,6,22.1844177,43.3699646
6/8/25 16:43,432,66.7945447098005,1.935,0.0,16,8,6,22.2469635,43.2234421
6/8/25 16:28,432,66.7945447098005,1.935,0.0,16,8,6,22.2469635,43.1013451
6/8/25 16:13,432,66.7945447098005,1.935,0.0,16,8,6,22.2469635,43.0280838
6/8/25 15:58,432,66.7945447098005,1.935,0.0,15,8,6,22.309494,42.9792442
6/8/25 15:43,432,66.7945447098005,1.935,0.0,15,8,6,22.3720398,42.9548225
6/8/25 15:28,432,66.7945447098005,1.935,0.0,15,8,6,22.3720398,42.9304047
6/8/25 15:13,432,66.7945447098005,1.935,0.0,15,8,6,22.4345703,42.905983
6/8/25 14:58,432,66.7945447098005,1.935,0.0,14,8,6,22.4345703,42.8815651
6/8/25 14:43,432,66.7945447098005,1.935,0.0,14,8,6,22.4971161,42.905983
6/8/25 14:28,432,66.7945447098005,1.935,0.0,14,8,6,22.4971161,42.905983
6/8/25 14:13,432,66.7945447098005,1.935,0.0,14,8,6,22.4971161,42.8815651
6/8/25 13:58,432,66.7945447098005,1.935,0.0,13,8,6,22.5596619,42.8083038
6/8/25 13:43,432,66.7945447098005,1.935,0.0,13,8,6,22.5596619,42.7350426
6/8/25 13:28,432,66.7945447098005,1.935,0.0,13,8,6,22.5596619,42.6617813
6/8/25 13:13,432,66.7945447098005,1.935,0.0,13,8,6,22.5721684,42.5641022
6/8/25 12:58,432,66.7945447098005,1.935,0.0,12,8,6,22.5596619,42.5396843
6/8/25 12:43,432,66.7945447098005,1.935,0.0,12,8,6,22.5596619,42.4908447
6/8/25 12:28,432,66.7945447098005,1.935,0.0,12,8,6,22.4971161,42.4175835
6/8/25 12:13,432,66.7945447098005,1.935,0.0,12,8,6,22.4971161,42.3931656
6/8/25 11:58,432,66.7945447098005,1.935,0.0,11,8,6,22.4345703,42.3687401
6/8/25 11:43,432,66.7945447098005,1.935,0.0,11,8,6,22.3720398,42.4175835
6/8/25 11:28,432,66.7945447098005,1.935,0.0,11,8,6,22.309494,42.4420013
6/8/25 11:13,432,66.7945447098005,1.935,0.0,11,8,6,22.2469635,42.466423
6/8/25 10:58,432,66.7945447098005,1.935,0.0,10,8,6,22.1844177,42.5641022
6/8/25 10:43,432,66.7945447098005,1.935,0.0,10,8,6,22.1218719,42.7350426
6/8/25 10:28,432,66.7945447098005,1.935,0.0,10,8,6,21.9967957,42.8083038
6/8/25 10:13,432,66.7945447098005,1.935,0.0,10,8,6,21.9342499,42.905983
6/8/25 9:58,432,66.7945447098005,1.935,0.0,9,8,6,21.9342499,42.9792442
6/8/25 9:43,432,66.7945447098005,1.935,0.0,9,8,6,21.8717194,43.0280838
6/8/25 9:28,432,66.7945447098005,1.935,0.0,9,8,6,21.8717194,43.0769272
6/8/25 9:13,432,66.7945447098005,1.935,0.0,9,8,6,21.8091736,43.1257629
6/8/25 8:58,432,66.7945447098005,1.935,0.0,8,8,6,21.7466431,43.1746063
6/8/25 8:43,432,66.7945447098005,1.935,0.0,8,8,6,21.7466431,43.2478638
6/8/25 8:28,432,66.7945447098005,1.935,0.0,8,8,6,21.7466431,43.321125
6/8/25 8:13,432,66.7945447098005,1.935,0.0,8,8,6,21.6840973,43.3943863
6/8/25 7:58,432,66.7945447098005,1.935,0.0,7,8,6,21.6215515,43.443222
6/8/25 7:43,432,66.7945447098005,1.935,0.0,7,8,6,21.6215515,43.5409012
6/8/25 7:28,432,66.7945447098005,1.935,0.0,7,8,6,21.559021,43.6385841
6/8/25 7:13,432,66.7945447098005,1.935,0.0,7,8,6,21.559021,43.760685
6/8/25 6:58,432,66.7945447098005,1.935,0.0,6,8,6,21.4964905,43.9072037
6/8/25 6:43,432,66.7945447098005,1.935,0.0,6,8,6,21.4339294,44.0781441
6/8/25 6:28,432,66.7945447098005,1.935,0.0,6,8,6,21.2463226,44.3956032
6/8/25 6:13,432,66.7945447098005,1.935,0.0,6,8,6,21.0587006,45.030529
6/8/25 5:58,432,66.7945447098005,1.935,0.0,5,8,6,20.8710785,46.007328
6/8/25 5:43,432,66.7945447098005,1.935,0.0,5,8,6,21.4339294,45.1282082
6/8/25 5:28,432,66.7945447098005,1.935,0.0,5,8,6,21.4339294,45.1282082
6/8/25 5:13,432,66.7945447098005,1.935,0.0,5,8,6,21.4964905,45.1282082
6/8/25 4:58,432,66.7945447098005,1.935,0.0,4,8,6,21.4964905,45.1282082
6/8/25 4:43,432,66.7945447098005,1.935,0.0,4,8,6,21.4964905,45.152626
6/8/25 4:28,432,66.7945447098005,1.935,0.0,4,8,6,21.4964905,45.2503052
6/8/25 4:13,432,66.7945447098005,1.935,0.0,4,8,6,21.4964905,45.2747269
6/8/25 3:58,432,66.7945447098005,1.935,0.0,3,8,6,21.559021,45.2503052
6/8/25 3:43,432,66.7945447098005,1.935,0.0,3,8,6,21.559021,45.2747269
6/8/25 3:28,432,66.7945447098005,1.935,0.0,3,8,6,21.5815315,45.2258873
6/8/25 3:13,432,66.7945447098005,1.935,0.0,3,8,6,21.6215515,45.2014656
6/8/25 2:58,432,66.7945447098005,1.935,0.0,2,8,6,21.6840973,45.2014656
6/8/25 2:43,432,66.7945447098005,1.935,0.0,2,8,6,21.7466431,45.2014656
6/8/25 2:28,432,66.7945447098005,1.935,0.0,2,8,6,21.7466431,45.2258873
6/8/25 2:13,432,66.7945447098005,1.935,0.0,2,8,6,21.8091736,45.2503052
6/8/25 1:58,432,66.7945447098005,1.935,0.0,1,8,6,21.8717194,45.2503052
6/8/25 1:43,432,66.7945447098005,1.935,0.0,1,8,6,21.9342499,45.2014656
6/8/25 1:28,432,66.7945447098005,1.935,0.0,1,8,6,21.9342499,45.2503052
6/8/25 1:13,432,66.7945447098005,1.935,0.0,1,8,6,21.9967957,45.2170982
6/8/25 0:58,432,66.7945447098005,1.935,0.0,0,8,6,22.0593414,45.1770439
6/8/25 0:43,432,66.7945447098005,1.935,0.0,0,8,6,22.1218719,45.2258873
6/8/25 0:28,432,66.7945447098005,1.935,0.0,0,8,6,22.1844177,45.2258873
6/8/25 0:13,432,66.7945447098005,1.935,0.0,0,8,6,22.2469635,45.2014656
6/7/25 23:58,432,66.7945447098005,1.935,0.0,23,7,6,22.309494,45.1282082
6/7/25 23:43,432,66.7945447098005,1.935,0.0,23,7,6,22.3720398,45.1282082
6/7/25 23:28,432,66.7945447098005,1.935,0.0,23,7,6,22.4345703,45.0549469
6/7/25 23:13,432,66.7945447098005,1.935,0.0,23,7,6,22.5596619,44.9816856
6/7/25 22:58,432,66.7945447098005,1.935,0.0,22,7,6,22.6221924,44.9328461
6/7/25 22:43,432,66.7945447098005,1.935,0.0,22,7,6,22.7472839,44.8107452
6/7/25 22:28,432,66.7945447098005,1.935,0.0,22,7,6,22.872345,44.6886444
6/7/25 22:13,432,66.7945447098005,1.935,0.0,22,7,6,23.059967,44.297924
6/7/25 21:58,432,66.7945447098005,1.935,0.0,21,7,6,23.059967,44.6642265
6/7/25 21:43,432,66.7945447098005,1.935,0.0,21,7,6,23.1225128,44.5665474
6/7/25 21:28,432,66.7945447098005,1.935,0.0,21,7,6,23.1850433,44.3711853
6/7/25 21:13,432,66.7945447098005,1.935,0.0,21,7,6,23.2475891,44.2735062
6/7/25 20:58,432,66.7945447098005,1.935,0.0,20,7,6,23.2475891,44.2002449
6/7/25 20:43,432,66.7945447098005,1.935,0.0,20,7,6,23.2475891,44.175827
6/7/25 20:28,432,66.7945447098005,1.935,0.0,20,7,6,23.2475891,44.0781441
6/7/25 20:13,432,66.7945447098005,1.935,0.0,20,7,6,23.2475891,44.0293045
6/7/25 19:58,432,66.7945447098005,1.935,0.0,19,7,6,23.2475891,43.9560471
6/7/25 19:43,432,66.7945447098005,1.935,0.0,19,7,6,23.2475891,43.7462654
6/7/25 19:28,432,66.7945447098005,1.935,0.0,19,7,6,23.2475891,43.5164833
6/7/25 19:13,432,66.7945447098005,1.935,0.0,19,7,6,23.2475891,43.1990242
6/7/25 18:58,432,66.7945447098005,1.935,0.0,18,7,6,23.2475891,42.9792442
6/7/25 18:43,432,66.7945447098005,1.935,0.0,18,7,6,23.2475891,42.6862068
6/7/25 18:28,432,66.7945447098005,1.935,0.0,18,7,6,23.2475891,42.3931656
6/7/25 18:13,432,66.7945447098005,1.935,0.0,18,7,6,23.2475891,42.0268631
6/7/25 17:58,432,66.7945447098005,1.935,0.0,17,7,6,23.2475891,41.6117249
6/7/25 17:43,432,66.7945447098005,1.935,0.0,17,7,6,23.2796135,41.2210045
6/7/25 17:28,432,66.7945447098005,1.935,0.0,17,7,6,23.3726654,40.9279633
6/7/25 17:13,432,66.7945447098005,1.935,0.0,17,7,6,23.4352112,40.0488434
6/7/25 16:58,432,66.7945447098005,1.935,0.0,16,7,6,23.497757,39.5768547
6/7/25 16:43,432,66.7945447098005,1.935,0.0,16,7,6,23.5602875,38.9987793
6/7/25 16:28,432,66.7945447098005,1.935,0.0,16,7,6,23.497757,38.5592194
6/7/25 16:13,432,66.7945447098005,1.935,0.0,16,7,6,23.4352112,38.7545776
6/7/25 15:58,432,66.7945447098005,1.935,0.0,15,7,6,23.3890629,38.9499397
6/7/25 15:43,432,66.7945447098005,1.935,0.0,15,7,6,23.3726654,39.0476189
6/7/25 15:28,432,66.7945447098005,1.935,0.0,15,7,6,23.3726654,39.1941376
6/7/25 15:13,432,66.7945447098005,1.935,0.0,15,7,6,23.3726654,39.2185593
6/7/25 14:58,432,66.7945447098005,1.935,0.0,14,7,6,23.4352112,39.2673988
6/7/25 14:43,432,66.7945447098005,1.935,0.0,14,7,6,23.497757,39.3162384
6/7/25 14:28,432,66.7945447098005,1.935,0.0,14,7,6,23.497757,39.3406601
6/7/25 14:13,432,66.7945447098005,1.935,0.0,14,7,6,23.5602875,39.3406601
6/7/25 13:58,432,66.7945447098005,1.935,0.0,13,7,6,23.6228333,39.2918167
6/7/25 13:43,432,66.7945447098005,1.935,0.0,13,7,6,23.6853638,39.2429771
6/7/25 13:28,432,66.7945447098005,1.935,0.0,13,7,6,23.7479095,39.2185593
6/7/25 13:13,432,66.7945447098005,1.935,0.0,13,7,6,23.6853638,39.2429771
6/7/25 12:58,432,66.7945447098005,1.935,0.0,12,7,6,23.6853638,39.2673988
6/7/25 12:43,432,66.7945447098005,1.935,0.0,12,7,6,23.6853638,39.3406601
6/7/25 12:28,432,66.7945447098005,1.935,0.0,12,7,6,23.6228333,39.4295502
6/7/25 12:13,432,66.7945447098005,1.935,0.0,12,7,6,23.5602875,39.5360184
6/7/25 11:58,432,66.7945447098005,1.935,0.0,11,7,6,23.497757,39.6092796
6/7/25 11:43,432,66.7945447098005,1.935,0.0,11,7,6,23.4352112,39.6825371
6/7/25 11:28,432,66.7945447098005,1.935,0.0,11,7,6,23.3726654,39.5848579
6/7/25 11:13,432,66.7945447098005,1.935,0.0,11,7,6,23.2475891,39.5848579
6/7/25 10:58,432,66.7945447098005,1.935,0.0,10,7,6,23.1850433,39.5604401
6/7/25 10:43,432,66.7945447098005,1.935,0.0,10,7,6,23.1225128,39.4139214
6/7/25 10:28,432,66.7945447098005,1.935,0.0,10,7,6,22.9974365,39.2673988
6/7/25 10:13,432,66.7945447098005,1.935,0.0,10,7,6,22.9348907,39.0720406
6/7/25 9:58,432,66.7945447098005,1.935,0.0,9,7,6,22.872345,38.8522568
6/7/25 9:43,432,66.7945447098005,1.935,0.0,9,7,6,22.8098145,38.6568985
6/7/25 9:28,432,66.7945447098005,1.935,0.0,9,7,6,22.6847229,38.5592194
6/7/25 9:13,432,66.7945447098005,1.935,0.0,9,7,6,22.6221924,38.4371185
6/7/25 8:58,432,66.7945447098005,1.935,0.0,8,7,6,22.4971161,38.3638573
6/7/25 8:43,432,66.7945447098005,1.935,0.0,8,7,6,22.4345703,38.2173386
6/7/25 8:28,432,66.7945447098005,1.935,0.0,8,7,6,22.3464203,38.1196556
6/7/25 8:13,432,66.7945447098005,1.935,0.0,8,7,6,22.2469635,37.948719
6/7/25 7:58,432,66.7945447098005,1.935,0.0,7,7,6,22.1844177,37.8021965
6/7/25 7:43,432,66.7945447098005,1.935,0.0,7,7,6,22.1218719,37.5579987
6/7/25 7:28,432,66.7945447098005,1.935,0.0,7,7,6,21.9967957,37.4847374
6/7/25 7:13,432,66.7945447098005,1.935,0.0,7,7,6,21.9342499,37.4358978
6/7/25 6:58,432,66.7945447098005,1.935,0.0,6,7,6,21.8717194,37.401474
6/7/25 6:43,432,66.7945447098005,1.935,0.0,6,7,6,21.8091736,37.4114761
6/7/25 6:28,432,66.7945447098005,1.935,0.0,6,7,6,21.6840973,37.7777786
6/7/25 6:13,432,66.7945447098005,1.935,0.0,6,7,6,21.4339294,37.8021965
6/7/25 5:58,432,66.7945447098005,1.935,0.0,5,7,6,21.1212463,36.4346771
6/7/25 5:43,432,66.7945447098005,1.935,0.0,5,7,6,21.6215515,31.8437119
6/7/25 5:28,432,66.7945447098005,1.935,0.0,5,7,6,21.6215515,31.721611
6/7/25 5:13,432,66.7945447098005,1.935,0.0,5,7,6,21.6215515,31.5995121
6/7/25 4:58,432,66.7945447098005,1.935,0.0,4,7,6,21.6840973,31.4774113
6/7/25 4:43,432,66.7945447098005,1.935,0.0,4,7,6,21.6840973,31.2576313
6/7/25 4:28,432,66.7945447098005,1.935,0.0,4,7,6,21.7466431,31.2332115
6/7/25 4:13,432,66.7945447098005,1.935,0.0,4,7,6,21.7466431,31.0866909
6/7/25 3:58,432,66.7945447098005,1.935,0.0,3,7,6,21.8091736,30.9401703
6/7/25 3:43,432,66.7945447098005,1.935,0.0,3,7,6,21.8091736,30.7936497
6/7/25 3:28,432,66.7945447098005,1.935,0.0,3,7,6,21.8091736,30.7203922
6/7/25 3:13,432,66.7945447098005,1.935,0.0,3,7,6,21.8717194,30.5494499
6/7/25 2:58,432,66.7945447098005,1.935,0.0,2,7,6,21.9342499,30.427351
6/7/25 2:43,432,66.7945447098005,1.935,0.0,2,7,6,21.9342499,30.3540897
6/7/25 2:28,432,66.7945447098005,1.935,0.0,2,7,6,21.9342499,30.2075691
6/7/25 2:13,432,66.7945447098005,1.935,0.0,2,7,6,21.9967957,30.10989
6/7/25 1:58,432,66.7945447098005,1.935,0.0,1,7,6,22.0593414,29.9633694
6/7/25 1:43,432,66.7945447098005,1.935,0.0,1,7,6,22.0593414,29.9145298
6/7/25 1:28,432,66.7945447098005,1.935,0.0,1,7,6,22.1218719,29.7924309
6/7/25 1:13,432,66.7945447098005,1.935,0.0,1,7,6,22.1619015,29.7191696
6/7/25 0:58,432,66.7945447098005,1.935,0.0,0,7,6,22.1844177,29.6459103
6/7/25 0:43,432,66.7945447098005,1.935,0.0,0,7,6,22.2469635,29.5482311
6/7/25 0:28,432,66.7945447098005,1.935,0.0,0,7,6,22.309494,29.4749699
6/7/25 0:13,432,66.7945447098005,1.935,0.0,0,7,6,22.3720398,29.4017105
6/6/25 23:58,432,66.7945447098005,1.935,0.0,23,6,6,22.4345703,29.2551899
6/6/25 23:43,432,66.7945447098005,1.935,0.0,23,6,6,22.4971161,29.1330891
6/6/25 23:28,432,66.7945447098005,1.935,0.0,23,6,6,22.5596619,29.0598297
6/6/25 23:13,432,66.7945447098005,1.935,0.0,23,6,6,22.6221924,28.8888893
6/6/25 22:58,432,66.7945447098005,1.935,0.0,22,6,6,22.7472839,28.7179489
6/6/25 22:43,432,66.7945447098005,1.935,0.0,22,6,6,22.8098145,28.5470085
6/6/25 22:28,432,66.7945447098005,1.935,0.0,22,6,6,22.9348907,28.37607
6/6/25 22:13,432,66.7945447098005,1.935,0.0,22,6,6,23.059967,28.1807098
6/6/25 21:58,432,66.7945447098005,1.935,0.0,21,6,6,23.059967,28.1318684
6/6/25 21:43,432,66.7945447098005,1.935,0.0,21,6,6,23.1225128,27.9853497
6/6/25 21:28,432,66.7945447098005,1.935,0.0,21,6,6,23.1850433,27.838829
6/6/25 21:13,432,66.7945447098005,1.935,0.0,21,6,6,23.2475891,27.6434689
6/6/25 20:58,432,66.7945447098005,1.935,0.0,20,6,6,23.3101349,27.5088654
6/6/25 20:43,432,66.7945447098005,1.935,0.0,20,6,6,23.3726654,27.3992691
6/6/25 20:28,432,66.7945447098005,1.935,0.0,20,6,6,23.3726654,27.3260078
6/6/25 20:13,432,66.7945447098005,1.935,0.0,20,6,6,23.4352112,27.2527485
6/6/25 19:58,432,66.7945447098005,1.935,0.0,19,6,6,23.4352112,27.2039089
6/6/25 19:43,432,66.7945447098005,1.935,0.0,19,6,6,23.4220924,27.2039089
6/6/25 19:28,432,66.7945447098005,1.935,0.0,19,6,6,23.3726654,27.2771664
6/6/25 19:13,432,66.7945447098005,1.935,0.0,19,6,6,23.4352112,27.2283268
6/6/25 18:58,432,66.7945447098005,1.935,0.0,18,6,6,23.3726654,27.3260078
6/6/25 18:43,432,66.7945447098005,1.935,0.0,18,6,6,23.3726654,27.4481087
6/6/25 18:28,432,66.7945447098005,1.935,0.0,18,6,6,23.4352112,27.7899895
6/6/25 18:13,432,66.7945447098005,1.935,0.0,18,6,6,23.3726654,27.5702076
6/6/25 17:58,432,66.7945447098005,1.935,0.0,17,6,6,23.4352112,27.6434689
6/6/25 17:43,432,66.7945447098005,1.935,0.0,17,6,6,23.497757,27.6434689
6/6/25 17:28,432,66.7945447098005,1.935,0.0,17,6,6,23.5602875,27.7899895
6/6/25 17:13,432,66.7945447098005,1.935,0.0,17,6,6,23.5602875,27.9365082
6/6/25 16:58,432,66.7945447098005,1.935,0.0,16,6,6,23.5602875,28.0586071
6/6/25 16:43,432,66.7945447098005,1.935,0.0,16,6,6,23.5602875,28.1562881
6/6/25 16:28,432,66.7945447098005,1.935,0.0,16,6,6,23.6228333,28.297924
6/6/25 16:13,432,66.7945447098005,1.935,0.0,16,6,6,23.497757,28.4493275
6/6/25 15:58,432,66.7945447098005,1.935,0.0,15,6,6,23.3726654,29.2837124
6/6/25 15:43,432,66.7945447098005,1.935,0.0,15,6,6,23.497757,28.7423687
6/6/25 15:28,432,66.7945447098005,1.935,0.0,15,6,6,23.6228333,28.7667904
6/6/25 15:13,432,66.7945447098005,1.935,0.0,15,6,6,23.497757,28.8400478
6/6/25 14:58,432,66.7945447098005,1.935,0.0,14,6,6,23.4352112,29.0598297
6/6/25 14:43,432,66.7945447098005,1.935,0.0,14,6,6,23.7479095,28.7912083
6/6/25 14:28,432,66.7945447098005,1.935,0.0,14,6,6,23.6853638,28.7667904
6/6/25 14:13,432,66.7945447098005,1.935,0.0,14,6,6,23.4352112,28.8644695
6/6/25 13:58,432,66.7945447098005,1.935,0.0,13,6,6,23.3101349,29.1330891
6/6/25 13:43,432,66.7945447098005,1.935,0.0,13,6,6,23.5602875,29.2796097
6/6/25 13:28,432,66.7945447098005,1.935,0.0,13,6,6,23.8104553,29.2796097
6/6/25 13:13,432,66.7945447098005,1.935,0.0,13,6,6,23.6228333,29.4017105
6/6/25 12:58,432,66.7945447098005,1.935,0.0,12,6,6,23.497757,29.6947498
6/6/25 12:43,432,66.7945447098005,1.935,0.0,12,6,6,23.497757,29.8412704
6/6/25 12:28,432,66.7945447098005,1.935,0.0,12,6,6,23.6853638,30.10989
6/6/25 12:13,432,66.7945447098005,1.935,0.0,12,6,6,23.9980774,30.10989
6/6/25 11:58,432,66.7945447098005,1.935,0.0,11,6,6,23.9980774,30.1343117
6/6/25 11:43,432,66.7945447098005,1.935,0.0,11,6,6,23.9355164,30.2075691
6/6/25 11:28,432,66.7945447098005,1.935,0.0,11,6,6,23.8729858,30.2564106
6/6/25 11:13,432,66.7945447098005,1.935,0.0,11,6,6,23.7479095,30.2808304
6/6/25 10:58,432,66.7945447098005,1.935,0.0,10,6,6,23.6228333,30.4761906
6/6/25 10:43,432,66.7945447098005,1.935,0.0,10,6,6,23.497757,30.5494499
6/6/25 10:28,432,66.7945447098005,1.935,0.0,10,6,6,23.3101349,30.5006104
6/6/25 10:13,432,66.7945447098005,1.935,0.0,10,6,6,23.1225128,30.525032
6/6/25 9:58,432,66.7945447098005,1.935,0.0,9,6,6,22.9749203,30.525032
6/6/25 9:43,432,66.7945447098005,1.935,0.0,9,6,6,22.7472839,30.4761906
6/6/25 9:28,432,66.7945447098005,1.935,0.0,9,6,6,22.5596619,30.427351
6/6/25 9:13,432,66.7945447098005,1.935,0.0,9,6,6,22.3720398,30.3052502
6/6/25 8:58,432,66.7945447098005,1.935,0.0,8,6,6,22.1844177,30.2808304
6/6/25 8:43,432,66.7945447098005,1.935,0.0,8,6,6,22.0593414,30.3052502
6/6/25 8:28,432,66.7945447098005,1.935,0.0,8,6,6,21.9342499,30.2564106
6/6/25 8:13,432,66.7945447098005,1.935,0.0,8,6,6,21.7466431,30.3296719
6/6/25 7:58,432,66.7945447098005,1.935,0.0,7,6,6,21.6215515,30.427351
6/6/25 7:43,432,66.7945447098005,1.935,0.0,7,6,6,21.4964905,30.4761906
6/6/25 7:28,432,66.7945447098005,1.935,0.0,7,6,6,21.3713989,30.5494499
6/6/25 7:13,432,66.7945447098005,1.935,0.0,7,6,6,21.2463226,30.5982895
6/6/25 6:58,432,66.7945447098005,1.935,0.0,6,6,6,21.1212463,30.7203922
6/6/25 6:43,432,66.7945447098005,1.935,0.0,6,6,6,21.0587006,30.7936497
6/6/25 6:28,432,66.7945447098005,1.935,0.0,6,6,6,20.8710785,31.0622711
6/6/25 6:13,432,66.7945447098005,1.935,0.0,6,6,6,20.6834564,31.4774113
6/6/25 5:58,432,66.7945447098005,1.935,0.0,5,6,6,20.4333038,31.7460327
6/6/25 5:43,432,66.7945447098005,1.935,0.0,5,6,6,20.99617,30.3296719
6/6/25 5:28,432,66.7945447098005,1.935,0.0,5,6,6,21.0587006,30.2564106
6/6/25 5:13,432,66.7945447098005,1.935,0.0,5,6,6,21.0587006,30.2319908
6/6/25 4:58,432,66.7945447098005,1.935,0.0,4,6,6,21.1212463,30.0610504
6/6/25 4:43,432,66.7945447098005,1.935,0.0,4,6,6,21.1212463,30.0366306
6/6/25 4:28,432,66.7945447098005,1.935,0.0,4,6,6,21.1343594,29.9389515
6/6/25 4:13,432,66.7945447098005,1.935,0.0,4,6,6,21.1837769,29.9145298
6/6/25 3:58,432,66.7945447098005,1.935,0.0,3,6,6,21.2463226,29.8412704
6/6/25 3:43,432,66.7945447098005,1.935,0.0,3,6,6,21.2463226,29.7973137
6/6/25 3:28,432,66.7945447098005,1.935,0.0,3,6,6,21.3088684,29.6947498
6/6/25 3:13,432,66.7945447098005,1.935,0.0,3,6,6,21.3088684,29.5970707
6/6/25 2:58,432,66.7945447098005,1.935,0.0,2,6,6,21.3713989,29.572649
6/6/25 2:43,432,66.7945447098005,1.935,0.0,2,6,6,21.4339294,29.4993896
6/6/25 2:28,432,66.7945447098005,1.935,0.0,2,6,6,21.4964905,29.4749699
6/6/25 2:13,432,66.7945447098005,1.935,0.0,2,6,6,21.4964905,29.3528709
6/6/25 1:58,432,66.7945447098005,1.935,0.0,1,6,6,21.6215515,29.2796097
6/6/25 1:43,432,66.7945447098005,1.935,0.0,1,6,6,21.6840973,29.1819286
6/6/25 1:28,432,66.7945447098005,1.935,0.0,1,6,6,21.7466431,29.1086693
6/6/25 1:13,432,66.7945447098005,1.935,0.0,1,6,6,21.8091736,28.9621506
6/6/25 0:58,432,66.7945447098005,1.935,0.0,0,6,6,21.9342499,28.824419
6/6/25 0:43,432,66.7945447098005,1.935,0.0,0,6,6,21.9967957,28.6935291
6/6/25 0:28,432,66.7945447098005,1.935,0.0,0,6,6,22.1087589,28.5958481
6/6/25 0:13,432,66.7945447098005,1.935,0.0,0,6,6,22.1844177,28.5470085
6/5/25 23:58,432,66.7945447098005,1.935,0.0,23,5,6,22.309494,28.3516483
6/5/25 23:43,432,66.7945447098005,1.935,0.0,23,5,6,22.3720398,28.2539673
6/5/25 23:28,432,66.7945447098005,1.935,0.0,23,5,6,22.4345703,28.2539673
6/5/25 23:13,432,66.7945447098005,1.935,0.0,23,5,6,22.4345703,28.0586071
6/5/25 22:58,432,66.7945447098005,1.935,0.0,22,5,6,22.5596619,28.0097675
6/5/25 22:43,432,66.7945447098005,1.935,0.0,22,5,6,22.6221924,27.838829
6/5/25 22:28,432,66.7945447098005,1.935,0.0,22,5,6,22.7472839,27.5702076
6/5/25 22:13,432,66.7945447098005,1.935,0.0,22,5,6,22.9974365,27.3748474
6/5/25 21:58,432,66.7945447098005,1.935,0.0,21,5,6,22.9348907,27.2771664
6/5/25 21:43,432,66.7945447098005,1.935,0.0,21,5,6,22.9974365,27.3260078
6/5/25 21:28,432,66.7945447098005,1.935,0.0,21,5,6,22.9974365,27.2771664
6/5/25 21:13,432,66.7945447098005,1.935,0.0,21,5,6,23.059967,27.2527485
6/5/25 20:58,432,66.7945447098005,1.935,0.0,20,5,6,23.1225128,27.2039089
6/5/25 20:43,432,66.7945447098005,1.935,0.0,20,5,6,23.1850433,27.1062279
6/5/25 20:28,432,66.7945447098005,1.935,0.0,20,5,6,23.2937374,27.1062279
6/5/25 20:13,432,66.7945447098005,1.935,0.0,20,5,6,23.3101349,27.0573883
6/5/25 19:58,432,66.7945447098005,1.935,0.0,19,5,6,23.3726654,27.0769234
6/5/25 19:43,432,66.7945447098005,1.935,0.0,19,5,6,23.3726654,27.1306477
6/5/25 19:28,432,66.7945447098005,1.935,0.0,19,5,6,23.4352112,27.1550674
6/5/25 19:13,432,66.7945447098005,1.935,0.0,19,5,6,23.497757,27.1794872
6/5/25 18:58,432,66.7945447098005,1.935,0.0,18,5,6,23.5602875,27.1550674
6/5/25 18:43,432,66.7945447098005,1.935,0.0,18,5,6,23.497757,27.2527485
6/5/25 18:28,432,66.7945447098005,1.935,0.0,18,5,6,23.5602875,27.3504276
6/5/25 18:13,432,66.7945447098005,1.935,0.0,18,5,6,23.5727959,27.3992691
6/5/25 17:58,432,66.7945447098005,1.935,0.0,17,5,6,23.6228333,27.4725266
6/5/25 17:43,432,66.7945447098005,1.935,0.0,17,5,6,23.6228333,27.521368
6/5/25 17:28,432,66.7945447098005,1.935,0.0,17,5,6,23.6853638,27.5946293
6/5/25 17:13,432,66.7945447098005,1.935,0.0,17,5,6,23.6853638,27.6434689
6/5/25 16:58,432,66.7945447098005,1.935,0.0,16,5,6,23.6853638,27.6923084
6/5/25 16:43,432,66.7945447098005,1.935,0.0,16,5,6,23.6853638,27.7269707
6/5/25 16:28,432,66.7945447098005,1.935,0.0,16,5,6,23.7479095,27.8632469
6/5/25 16:13,432,66.7945447098005,1.935,0.0,16,5,6,23.8104553,28.0586071
6/5/25 15:58,432,66.7945447098005,1.935,0.0,15,5,6,23.8104553,28.0586071
6/5/25 15:43,432,66.7945447098005,1.935,0.0,15,5,6,23.7479095,27.9365082
6/5/25 15:28,432,66.7945447098005,1.935,0.0,15,5,6,23.8104553,27.8632469
6/5/25 15:13,432,66.7945447098005,1.935,0.0,15,5,6,23.7479095,27.9853497
6/5/25 14:58,432,66.7945447098005,1.935,0.0,14,5,6,23.7479095,28.0097675
6/5/25 14:43,432,66.7945447098005,1.935,0.0,14,5,6,23.7479095,27.8876686
6/5/25 14:28,432,66.7945447098005,1.935,0.0,14,5,6,23.6853638,27.9365082
6/5/25 14:13,432,66.7945447098005,1.935,0.0,14,5,6,23.6853638,27.8876686
6/5/25 13:58,432,66.7945447098005,1.935,0.0,13,5,6,23.6228333,27.9853497
6/5/25 13:43,432,66.7945447098005,1.935,0.0,13,5,6,23.5602875,28.0341892
6/5/25 13:28,432,66.7945447098005,1.935,0.0,13,5,6,23.4352112,28.0341892
6/5/25 13:13,432,66.7945447098005,1.935,0.0,13,5,6,23.3726654,27.9853497
6/5/25 12:58,432,66.7945447098005,1.935,0.0,12,5,6,23.2475891,28.0341892
6/5/25 12:43,432,66.7945447098005,1.935,0.0,12,5,6,23.1225128,28.0830288
6/5/25 12:28,432,66.7945447098005,1.935,0.0,12,5,6,23.0279503,28.1807098
6/5/25 12:13,432,66.7945447098005,1.935,0.0,12,5,6,22.9348907,28.3028088
6/5/25 11:58,432,66.7945447098005,1.935,0.0,11,5,6,22.8098145,28.278389
6/5/25 11:43,432,66.7945447098005,1.935,0.0,11,5,6,22.7472839,28.2051277
6/5/25 11:28,432,66.7945447098005,1.935,0.0,11,5,6,22.6847229,27.8876686
6/5/25 11:13,432,66.7945447098005,1.935,0.0,11,5,6,22.5596619,27.8876686
6/5/25 10:58,432,66.7945447098005,1.935,0.0,10,5,6,22.4971161,27.9853497
6/5/25 10:43,432,66.7945447098005,1.935,0.0,10,5,6,22.4509678,28.1074486
6/5/25 10:28,432,66.7945447098005,1.935,0.0,10,5,6,22.3720398,28.2051277
6/5/25 10:13,432,66.7945447098005,1.935,0.0,10,5,6,22.309494,28.1807098
6/5/25 9:58,432,66.7945447098005,1.935,0.0,9,5,6,22.1844177,28.2539673
6/5/25 9:43,432,66.7945447098005,1.935,0.0,9,5,6,22.1218719,28.3272285
6/5/25 9:28,432,66.7945447098005,1.935,0.0,9,5,6,21.9967957,28.4493275
6/5/25 9:13,432,66.7945447098005,1.935,0.0,9,5,6,21.8717194,28.5470085
6/5/25 8:58,432,66.7945447098005,1.935,0.0,8,5,6,21.7466431,28.6202698
6/5/25 8:43,432,66.7945447098005,1.935,0.0,8,5,6,21.6215515,28.6935291
6/5/25 8:28,432,66.7945447098005,1.935,0.0,8,5,6,21.5465145,28.7912083
6/5/25 8:13,432,66.7945447098005,1.935,0.0,8,5,6,21.4339294,28.9377289
6/5/25 7:58,432,66.7945447098005,1.935,0.0,7,5,6,21.3088684,29.0842495
6/5/25 7:43,432,66.7945447098005,1.935,0.0,7,5,6,21.1837769,29.2307682
6/5/25 7:28,432,66.7945447098005,1.935,0.0,7,5,6,21.0587006,29.3284492
6/5/25 7:13,432,66.7945447098005,1.935,0.0,7,5,6,20.9336243,29.4505501
6/5/25 6:58,432,66.7945447098005,1.935,0.0,6,5,6,20.8001518,29.572649
6/5/25 6:43,432,66.7945447098005,1.935,0.0,6,5,6,20.6209259,29.7191696
6/5/25 6:28,432,66.7945447098005,1.935,0.0,6,5,6,20.3707581,29.9389515
6/5/25 6:13,432,66.7945447098005,1.935,0.0,6,5,6,20.1206055,30.427351
6/5/25 5:58,432,66.7945447098005,1.935,0.0,5,5,6,19.8704529,31.2576313
6/5/25 5:43,432,66.7945447098005,1.935,0.0,5,5,6,20.4958496,30.4517708
6/5/25 5:28,432,66.7945447098005,1.935,0.0,5,5,6,20.4958496,30.3296719
6/5/25 5:13,432,66.7945447098005,1.935,0.0,5,5,6,20.4958496,30.2808304
6/5/25 4:58,432,66.7945447098005,1.935,0.0,4,5,6,20.5583801,30.2319908
6/5/25 4:43,432,66.7945447098005,1.935,0.0,4,5,6,20.5583801,30.10989
6/5/25 4:28,432,66.7945447098005,1.935,0.0,4,5,6,20.6209259,29.9633694
6/5/25 4:13,432,66.7945447098005,1.935,0.0,4,5,6,20.6209259,29.8656902
6/5/25 3:58,432,66.7945447098005,1.935,0.0,3,5,6,20.6834564,29.8412704
6/5/25 3:43,432,66.7945447098005,1.935,0.0,3,5,6,20.6834564,29.67033
6/5/25 3:28,432,66.7945447098005,1.935,0.0,3,5,6,20.7460022,29.5970707
6/5/25 3:13,432,66.7945447098005,1.935,0.0,3,5,6,20.7460022,29.5238094
6/5/25 2:58,432,66.7945447098005,1.935,0.0,2,5,6,20.8710785,29.4505501
6/5/25 2:43,432,66.7945447098005,1.935,0.0,2,5,6,20.8710785,29.3040295
6/5/25 2:28,432,66.7945447098005,1.935,0.0,2,5,6,20.9336243,29.2063503
6/5/25 2:13,432,66.7945447098005,1.935,0.0,2,5,6,20.99617,29.1700134
6/5/25 1:58,432,66.7945447098005,1.935,0.0,1,5,6,21.0587006,29.0109901
6/5/25 1:43,432,66.7945447098005,1.935,0.0,1,5,6,21.1212463,28.8772717
6/5/25 1:28,432,66.7945447098005,1.935,0.0,1,5,6,21.1837769,28.7912083
6/5/25 1:13,432,66.7945447098005,1.935,0.0,1,5,6,21.2463226,28.6446877
6/5/25 0:58,432,66.7945447098005,1.935,0.0,0,5,6,21.3088684,28.5470085
6/5/25 0:43,432,66.7945447098005,1.935,0.0,0,5,6,21.4339294,28.37607
6/5/25 0:28,432,66.7945447098005,1.935,0.0,0,5,6,21.4964905,28.2295494
6/5/25 0:13,432,66.7945447098005,1.935,0.0,0,5,6,21.559021,28.0830288
6/4/25 23:58,432,66.7945447098005,1.935,0.0,23,4,6,21.6840973,27.8876686
6/4/25 23:43,432,66.7945447098005,1.935,0.0,23,4,6,21.8091736,27.7167282
6/4/25 23:28,432,66.7945447098005,1.935,0.0,23,4,6,21.9342499,27.521368
6/4/25 23:13,432,66.7945447098005,1.935,0.0,23,4,6,21.9967957,27.3992691
6/4/25 22:58,432,66.7945447098005,1.935,0.0,22,4,6,22.0593414,27.2283268
6/4/25 22:43,432,66.7945447098005,1.935,0.0,22,4,6,22.1218719,27.1062279
6/4/25 22:28,432,66.7945447098005,1.935,0.0,22,4,6,22.2338448,26.9108677
6/4/25 22:13,432,66.7945447098005,1.935,0.0,22,4,6,22.3720398,26.4713078
6/4/25 21:58,432,66.7945447098005,1.935,0.0,21,4,6,22.3720398,26.227108
6/4/25 21:43,432,66.7945447098005,1.935,0.0,21,4,6,22.309494,26.1782665
6/4/25 21:28,432,66.7945447098005,1.935,0.0,21,4,6,22.2469635,26.2759476
6/4/25 21:13,432,66.7945447098005,1.935,0.0,21,4,6,22.2469635,26.2759476
6/4/25 20:58,432,66.7945447098005,1.935,0.0,20,4,6,22.2469635,26.129427
6/4/25 20:43,432,66.7945447098005,1.935,0.0,20,4,6,22.2469635,26.0317478
6/4/25 20:28,432,66.7945447098005,1.935,0.0,20,4,6,22.2469635,26.0317478
6/4/25 20:13,432,66.7945447098005,1.935,0.0,20,4,6,22.2469635,25.9829063
6/4/25 19:58,432,66.7945447098005,1.935,0.0,19,4,6,22.1844177,25.9096451
6/4/25 19:43,432,66.7945447098005,1.935,0.0,19,4,6,22.1218719,25.9096451
6/4/25 19:28,432,66.7945447098005,1.935,0.0,19,4,6,21.9967957,25.9340668
6/4/25 19:13,432,66.7945447098005,1.935,0.0,19,4,6,21.7466431,26.1782665
6/4/25 18:58,432,66.7945447098005,1.935,0.0,18,4,6,21.9342499,26.0317478
6/4/25 18:43,432,66.7945447098005,1.935,0.0,18,4,6,22.1844177,25.6166058
6/4/25 18:28,432,66.7945447098005,1.935,0.0,18,4,6,21.9967957,26.0317478
6/4/25 18:13,432,66.7945447098005,1.935,0.0,18,4,6,21.8091736,25.7142849
6/4/25 17:58,432,66.7945447098005,1.935,0.0,17,4,6,21.9342499,25.5677662
6/4/25 17:43,432,66.7945447098005,1.935,0.0,17,4,6,22.1218719,25.0793648
6/4/25 17:28,432,66.7945447098005,1.935,0.0,17,4,6,21.8717194,25.152626
6/4/25 17:13,432,66.7945447098005,1.935,0.0,17,4,6,21.8717194,25.0549469
6/4/25 16:58,432,66.7945447098005,1.935,0.0,16,4,6,22.1218719,24.7863255
6/4/25 16:43,432,66.7945447098005,1.935,0.0,16,4,6,22.221344,24.4200249
6/4/25 16:28,432,66.7945447098005,1.935,0.0,16,4,6,21.8842258,24.6398048
6/4/25 16:13,432,66.7945447098005,1.935,0.0,16,4,6,21.9342499,24.6642265
6/4/25 15:58,432,66.7945447098005,1.935,0.0,15,4,6,21.9967957,24.7249813
6/4/25 15:43,432,66.7945447098005,1.935,0.0,15,4,6,21.9967957,24.5421238
6/4/25 15:28,432,66.7945447098005,1.935,0.0,15,4,6,21.9967957,24.5177059
6/4/25 15:13,432,66.7945447098005,1.935,0.0,15,4,6,21.9342499,24.737484
6/4/25 14:58,432,66.7945447098005,1.935,0.0,14,4,6,21.9967957,24.9572659
6/4/25 14:43,432,66.7945447098005,1.935,0.0,14,4,6,21.9967957,25.2503071
6/4/25 14:28,432,66.7945447098005,1.935,0.0,14,4,6,22.0593414,25.2258854
6/4/25 14:13,432,66.7945447098005,1.935,0.0,14,4,6,22.0593414,25.2503071
6/4/25 13:58,432,66.7945447098005,1.935,0.0,13,4,6,21.9967957,25.2991467
6/4/25 13:43,432,66.7945447098005,1.935,0.0,13,4,6,21.9967957,25.3479862
6/4/25 13:28,432,66.7945447098005,1.935,0.0,13,4,6,21.9342499,25.592186
6/4/25 13:13,432,66.7945447098005,1.935,0.0,13,4,6,21.9967957,25.8199673
6/4/25 12:58,432,66.7945447098005,1.935,0.0,12,4,6,22.0131931,26.1538467
6/4/25 12:43,432,66.7945447098005,1.935,0.0,12,4,6,22.0593414,26.7643471
6/4/25 12:28,432,66.7945447098005,1.935,0.0,12,4,6,21.9967957,27.2771664
6/4/25 12:13,432,66.7945447098005,1.935,0.0,12,4,6,22.0593414,28.278389
6/4/25 11:58,432,66.7945447098005,1.935,0.0,11,4,6,22.0593414,29.3284492
6/4/25 11:43,432,66.7945447098005,1.935,0.0,11,4,6,22.1218719,30.964592
6/4/25 11:28,432,66.7945447098005,1.935,0.0,11,4,6,22.3720398,32.7716751
6/4/25 11:13,432,66.7945447098005,1.935,0.0,11,4,6,22.3720398,33.1379738
6/4/25 10:58,432,66.7945447098005,1.935,0.0,10,4,6,22.2469635,33.2844925
6/4/25 10:43,432,66.7945447098005,1.935,0.0,10,4,6,22.0718479,33.9438362
6/4/25 10:28,432,66.7945447098005,1.935,0.0,10,4,6,22.1218719,34.3833961
6/4/25 10:13,432,66.7945447098005,1.935,0.0,10,4,6,22.1844177,34.627594
6/4/25 9:58,432,66.7945447098005,1.935,0.0,9,4,6,22.2469635,34.2857132
6/4/25 9:43,432,66.7945447098005,1.935,0.0,9,4,6,22.1844177,33.9926758
6/4/25 9:28,432,66.7945447098005,1.935,0.0,9,4,6,21.9967957,33.8949928
6/4/25 9:13,432,66.7945447098005,1.935,0.0,9,4,6,21.8091736,33.7973137
6/4/25 8:58,432,66.7945447098005,1.935,0.0,8,4,6,21.6215515,33.9194145
6/4/25 8:43,432,66.7945447098005,1.935,0.0,8,4,6,21.559021,33.9194145
6/4/25 8:28,432,66.7945447098005,1.935,0.0,8,4,6,21.4339294,33.8949928
6/4/25 8:13,432,66.7945447098005,1.935,0.0,8,4,6,21.3088684,34.0315132
6/4/25 7:58,432,66.7945447098005,1.935,0.0,7,4,6,21.1837769,34.1636124
6/4/25 7:43,432,66.7945447098005,1.935,0.0,7,4,6,20.99617,34.3345566
6/4/25 7:28,432,66.7945447098005,1.935,0.0,7,4,6,20.8710785,34.4810753
6/4/25 7:13,432,66.7945447098005,1.935,0.0,7,4,6,20.7460022,34.627594
6/4/25 6:58,432,66.7945447098005,1.935,0.0,6,4,6,20.5583801,34.7985344
6/4/25 6:43,432,66.7945447098005,1.935,0.0,6,4,6,20.4333038,34.9694748
6/4/25 6:28,432,66.7945447098005,1.935,0.0,6,4,6,20.245697,35.2380943
6/4/25 6:13,432,66.7945447098005,1.935,0.0,6,4,6,20.058075,35.8241768
6/4/25 5:58,432,66.7945447098005,1.935,0.0,5,4,6,19.8079071,36.7101364
6/4/25 5:43,432,66.7945447098005,1.935,0.0,5,4,6,20.4333038,35.6288147
6/4/25 5:28,432,66.7945447098005,1.935,0.0,5,4,6,20.4958496,35.5311356
6/4/25 5:13,432,66.7945447098005,1.935,0.0,5,4,6,20.4958496,35.4578743
6/4/25 4:58,432,66.7945447098005,1.935,0.0,4,4,6,20.4958496,35.3601952
6/4/25 4:43,432,66.7945447098005,1.935,0.0,4,4,6,20.5583801,35.262516
6/4/25 4:28,432,66.7945447098005,1.935,0.0,4,4,6,20.5583801,35.1892548
6/4/25 4:13,432,66.7945447098005,1.935,0.0,4,4,6,20.6209259,35.0427361
6/4/25 3:58,432,66.7945447098005,1.935,0.0,3,4,6,20.6209259,34.9938927
6/4/25 3:43,432,66.7945447098005,1.935,0.0,3,4,6,20.6834564,34.8229561
6/4/25 3:28,432,66.7945447098005,1.935,0.0,3,4,6,20.6834564,34.7496948
6/4/25 3:13,432,66.7945447098005,1.935,0.0,3,4,6,20.7460022,34.6031723
6/4/25 2:58,432,66.7945447098005,1.935,0.0,2,4,6,20.808548,34.5787544
6/4/25 2:43,432,66.7945447098005,1.935,0.0,2,4,6,20.808548,34.407814
6/4/25 2:28,432,66.7945447098005,1.935,0.0,2,4,6,20.8710785,34.3589745
6/4/25 2:13,432,66.7945447098005,1.935,0.0,2,4,6,20.9336243,34.2368736
6/4/25 1:58,432,66.7945447098005,1.935,0.0,1,4,6,20.99617,34.1391945
6/4/25 1:43,432,66.7945447098005,1.935,0.0,1,4,6,21.0587006,34.0659332
6/4/25 1:28,432,66.7945447098005,1.935,0.0,1,4,6,21.1212463,33.870575
6/4/25 1:13,432,66.7945447098005,1.935,0.0,1,4,6,21.2463226,33.7240524
6/4/25 0:58,432,66.7945447098005,1.935,0.0,0,4,6,21.3088684,33.5531158
6/4/25 0:43,432,66.7945447098005,1.935,0.0,0,4,6,21.4339294,33.3333321
6/4/25 0:28,432,66.7945447098005,1.935,0.0,0,4,6,21.4964905,33.1543922
6/4/25 0:13,432,66.7945447098005,1.935,0.0,0,4,6,21.559021,32.9670334
6/3/25 23:58,432,66.7945447098005,1.935,0.0,23,3,6,21.6215515,32.9181938
6/3/25 23:43,432,66.7945447098005,1.935,0.0,23,3,6,21.6215515,32.796093
6/3/25 23:28,432,66.7945447098005,1.935,0.0,23,3,6,21.6840973,32.6251526
6/3/25 23:13,432,66.7945447098005,1.935,0.0,23,3,6,21.6840973,32.5274734
6/3/25 22:58,432,66.7945447098005,1.935,0.0,22,3,6,21.7691536,32.3565331
6/3/25 22:43,432,66.7945447098005,1.935,0.0,22,3,6,21.8091736,32.1855927
6/3/25 22:28,432,66.7945447098005,1.935,0.0,22,3,6,21.9342499,31.8681316
6/3/25 22:13,432,66.7945447098005,1.935,0.0,22,3,6,22.0593414,31.501833
6/3/25 21:58,432,66.7945447098005,1.935,0.0,21,3,6,22.0593414,31.0866909
6/3/25 21:43,432,66.7945447098005,1.935,0.0,21,3,6,22.1218719,30.8913307
6/3/25 21:28,432,66.7945447098005,1.935,0.0,21,3,6,22.1844177,30.6227112
6/3/25 21:13,432,66.7945447098005,1.935,0.0,21,3,6,22.1844177,30.427351
6/3/25 20:58,432,66.7945447098005,1.935,0.0,20,3,6,22.1844177,30.2564106
6/3/25 20:43,432,66.7945447098005,1.935,0.0,20,3,6,22.1218719,30.0854702
6/3/25 20:28,432,66.7945447098005,1.935,0.0,20,3,6,22.0593414,29.9633694
6/3/25 20:13,432,66.7945447098005,1.935,0.0,20,3,6,21.9342499,29.8168488
6/3/25 19:58,432,66.7945447098005,1.935,0.0,19,3,6,21.7466431,29.7484741
6/3/25 19:43,432,66.7945447098005,1.935,0.0,19,3,6,21.4964905,29.9633694
6/3/25 19:28,432,66.7945447098005,1.935,0.0,19,3,6,21.6215515,30.4193497
6/3/25 19:13,432,66.7945447098005,1.935,0.0,19,3,6,21.6840973,30.2564106
6/3/25 18:58,432,66.7945447098005,1.935,0.0,18,3,6,21.559021,30.5494499
6/3/25 18:43,432,66.7945447098005,1.935,0.0,18,3,6,21.8091736,30.7692318
6/3/25 18:28,432,66.7945447098005,1.935,0.0,18,3,6,21.7466431,30.6715508
6/3/25 18:13,432,66.7945447098005,1.935,0.0,18,3,6,21.559021,31.0622711
6/3/25 17:58,432,66.7945447098005,1.935,0.0,17,3,6,21.6840973,31.0622711
6/3/25 17:43,432,66.7945447098005,1.935,0.0,17,3,6,21.8091736,30.7203922
6/3/25 17:28,432,66.7945447098005,1.935,0.0,17,3,6,21.6840973,30.6227112
6/3/25 17:13,432,66.7945447098005,1.935,0.0,17,3,6,21.6840973,30.3910141
6/3/25 16:58,432,66.7945447098005,1.935,0.0,16,3,6,21.8717194,30.4029293
6/3/25 16:43,432,66.7945447098005,1.935,0.0,16,3,6,21.7466431,30.0122089
6/3/25 16:28,432,66.7945447098005,1.935,0.0,16,3,6,21.7466431,30.3785114
6/3/25 16:13,432,66.7945447098005,1.935,0.0,16,3,6,21.6840973,31.0622711
6/3/25 15:58,432,66.7945447098005,1.935,0.0,15,3,6,21.8091736,31.501833
6/3/25 15:43,432,66.7945447098005,1.935,0.0,15,3,6,21.9967957,31.6239319
6/3/25 15:28,432,66.7945447098005,1.935,0.0,15,3,6,21.7466431,31.6239319
6/3/25 15:13,432,66.7945447098005,1.935,0.0,15,3,6,21.7466431,31.8437119
6/3/25 14:58,432,66.7945447098005,1.935,0.0,14,3,6,21.9967957,31.7460327
6/3/25 14:43,432,66.7945447098005,1.935,0.0,14,3,6,21.8717194,31.6727715
6/3/25 14:28,432,66.7945447098005,1.935,0.0,14,3,6,21.7466431,32.2996902
6/3/25 14:13,432,66.7945447098005,1.935,0.0,14,3,6,21.8717194,32.7716751
6/3/25 13:58,432,66.7945447098005,1.935,0.0,13,3,6,21.9342499,33.2703171
6/3/25 13:43,432,66.7945447098005,1.935,0.0,13,3,6,21.9967957,33.6752129
6/3/25 13:28,432,66.7945447098005,1.935,0.0,13,3,6,22.0593414,33.9194145
6/3/25 13:13,432,66.7945447098005,1.935,0.0,13,3,6,22.0593414,34.4810753
6/3/25 12:58,432,66.7945447098005,1.935,0.0,12,3,6,22.0593414,34.9938927
6/3/25 12:43,432,66.7945447098005,1.935,0.0,12,3,6,22.0593414,35.6776543
6/3/25 12:28,432,66.7945447098005,1.935,0.0,12,3,6,22.0593414,36.8009758
6/3/25 12:13,432,66.7945447098005,1.935,0.0,12,3,6,22.0593414,37.569912
6/3/25 11:58,432,66.7945447098005,1.935,0.0,11,3,6,22.0593414,38.3150177
6/3/25 11:43,432,66.7945447098005,1.935,0.0,11,3,6,22.0593414,39.0964584
6/3/25 11:28,432,66.7945447098005,1.935,0.0,11,3,6,22.0593414,39.5604401
6/3/25 11:13,432,66.7945447098005,1.935,0.0,11,3,6,22.1218719,39.9755783
6/3/25 10:58,432,66.7945447098005,1.935,0.0,10,3,6,22.2469635,40.1221008
6/3/25 10:43,432,66.7945447098005,1.935,0.0,10,3,6,22.1218719,40.634922
6/3/25 10:28,432,66.7945447098005,1.935,0.0,10,3,6,22.1844177,41.196579
6/3/25 10:13,432,66.7945447098005,1.935,0.0,10,3,6,22.2469635,41.6605606
6/3/25 9:58,432,66.7945447098005,1.935,0.0,9,3,6,22.4345703,41.4652023
6/3/25 9:43,432,66.7945447098005,1.935,0.0,9,3,6,22.309494,41.7338219
6/3/25 9:28,432,66.7945447098005,1.935,0.0,9,3,6,22.1218719,41.9047661
6/3/25 9:13,432,66.7945447098005,1.935,0.0,9,3,6,21.8717194,42.0757027
6/3/25 8:58,432,66.7945447098005,1.935,0.0,8,3,6,21.7466431,42.2466431
6/3/25 8:43,432,66.7945447098005,1.935,0.0,8,3,6,21.6215515,42.5152626
6/3/25 8:28,432,66.7945447098005,1.935,0.0,8,3,6,21.4964905,42.8083038
6/3/25 8:13,432,66.7945447098005,1.935,0.0,8,3,6,21.4339294,43.2234421
6/3/25 7:58,432,66.7945447098005,1.935,0.0,7,3,6,21.2463226,43.6630058
6/3/25 7:43,432,66.7945447098005,1.935,0.0,7,3,6,21.0587006,44.0781441
6/3/25 7:28,432,66.7945447098005,1.935,0.0,7,3,6,20.9336243,44.517704
6/3/25 7:13,432,66.7945447098005,1.935,0.0,7,3,6,20.7460022,44.9484787
6/3/25 6:58,432,66.7945447098005,1.935,0.0,6,3,6,20.6834564,45.2503052
6/3/25 6:43,432,66.7945447098005,1.935,0.0,6,3,6,20.5583801,45.592186
6/3/25 6:28,432,66.7945447098005,1.935,0.0,6,3,6,20.3707581,46.0317459
6/3/25 6:13,432,66.7945447098005,1.935,0.0,6,3,6,20.183136,46.9108696
6/3/25 5:58,432,66.7945447098005,1.935,0.0,5,3,6,19.9329834,49.1819305
6/3/25 5:43,432,66.7945447098005,1.935,0.0,5,3,6,20.5583801,49.3528709
6/3/25 5:28,432,66.7945447098005,1.935,0.0,5,3,6,20.5583801,49.3772888
6/3/25 5:13,432,66.7945447098005,1.935,0.0,5,3,6,20.5583801,49.3528709
6/3/25 4:58,432,66.7945447098005,1.935,0.0,4,3,6,20.6209259,49.3284531
6/3/25 4:43,432,66.7945447098005,1.935,0.0,4,3,6,20.6209259,49.3284531
6/3/25 4:28,432,66.7945447098005,1.935,0.0,4,3,6,20.6834564,49.3772888
6/3/25 4:13,432,66.7945447098005,1.935,0.0,4,3,6,20.6834564,49.4261322
6/3/25 3:58,432,66.7945447098005,1.935,0.0,3,3,6,20.7460022,49.4993896
6/3/25 3:43,432,66.7945447098005,1.935,0.0,3,3,6,20.7460022,49.4017067
6/3/25 3:28,432,66.7945447098005,1.935,0.0,3,3,6,20.7460022,49.4505501
6/3/25 3:13,432,66.7945447098005,1.935,0.0,3,3,6,20.808548,49.4017067
6/3/25 2:58,432,66.7945447098005,1.935,0.0,2,3,6,20.8710785,49.3528709
6/3/25 2:43,432,66.7945447098005,1.935,0.0,2,3,6,20.8710785,49.3040276
6/3/25 2:28,432,66.7945447098005,1.935,0.0,2,3,6,20.9336243,49.2796097
6/3/25 2:13,432,66.7945447098005,1.935,0.0,2,3,6,20.99617,49.2395592
6/3/25 1:58,432,66.7945447098005,1.935,0.0,1,3,6,21.0587006,49.1819305
6/3/25 1:43,432,66.7945447098005,1.935,0.0,1,3,6,21.1087379,49.1250877
6/3/25 1:28,432,66.7945447098005,1.935,0.0,1,3,6,21.1837769,49.133091
6/3/25 1:13,432,66.7945447098005,1.935,0.0,1,3,6,21.2463226,49.0598297
6/3/25 0:58,432,66.7945447098005,1.935,0.0,0,3,6,21.2463226,48.8888893
6/3/25 0:43,432,66.7945447098005,1.935,0.0,0,3,6,21.3713989,48.8400497
6/3/25 0:28,432,66.7945447098005,1.935,0.0,0,3,6,21.4339294,48.6691093
6/3/25 0:13,432,66.7945447098005,1.935,0.0,0,3,6,21.559021,48.4981689
6/2/25 23:58,432,66.7945447098005,1.935,0.0,23,2,6,21.6215515,48.278389
6/2/25 23:43,432,66.7945447098005,1.935,0.0,23,2,6,21.7466431,48.058609
6/2/25 23:28,432,66.7945447098005,1.935,0.0,23,2,6,21.8091736,47.8632507
6/2/25 23:13,432,66.7945447098005,1.935,0.0,23,2,6,21.9342499,47.7411461
6/2/25 22:58,432,66.7945447098005,1.935,0.0,22,2,6,21.9342499,47.6434669
6/2/25 22:43,432,66.7945447098005,1.935,0.0,22,2,6,21.9967957,47.4725304
6/2/25 22:28,432,66.7945447098005,1.935,0.0,22,2,6,22.0593414,47.1550674
6/2/25 22:13,432,66.7945447098005,1.935,0.0,22,2,6,22.1844177,46.8131866
6/2/25 21:58,432,66.7945447098005,1.935,0.0,21,2,6,22.1844177,46.5201492
6/2/25 21:43,432,66.7945447098005,1.935,0.0,21,2,6,22.1844177,46.6178284
6/2/25 21:28,432,66.7945447098005,1.935,0.0,21,2,6,22.1218719,46.6910896
6/2/25 21:13,432,66.7945447098005,1.935,0.0,21,2,6,22.1218719,46.7887688
6/2/25 20:58,432,66.7945447098005,1.935,0.0,20,2,6,22.0593414,47.08181
6/2/25 20:43,432,66.7945447098005,1.935,0.0,20,2,6,22.0593414,47.2363319
6/2/25 20:28,432,66.7945447098005,1.935,0.0,20,2,6,22.0593414,47.5457878
6/2/25 20:13,432,66.7945447098005,1.935,0.0,20,2,6,21.9967957,47.9609299
6/2/25 19:58,432,66.7945447098005,1.935,0.0,19,2,6,21.8553219,48.3516502
6/2/25 19:43,432,66.7945447098005,1.935,0.0,19,2,6,21.8091736,49.2307701
6/2/25 19:28,432,66.7945447098005,1.935,0.0,19,2,6,22.0593414,49.1819305
6/2/25 19:13,432,66.7945447098005,1.935,0.0,19,2,6,21.8717194,49.6947479
6/2/25 18:58,432,66.7945447098005,1.935,0.0,18,2,6,21.8091736,50.8180733
6/2/25 18:43,432,66.7945447098005,1.935,0.0,18,2,6,22.1218719,50.1098938
6/2/25 18:28,432,66.7945447098005,1.935,0.0,18,2,6,22.0593414,50.2075729
6/2/25 18:13,432,66.7945447098005,1.935,0.0,18,2,6,21.8633232,50.9157524
6/2/25 17:58,432,66.7945447098005,1.935,0.0,17,2,6,21.9967957,49.7796249
6/2/25 17:43,432,66.7945447098005,1.935,0.0,17,2,6,22.309494,48.2295456
6/2/25 17:28,432,66.7945447098005,1.935,0.0,17,2,6,22.309494,48.3272285
6/2/25 17:13,432,66.7945447098005,1.935,0.0,17,2,6,22.309494,48.5225868
6/2/25 16:58,432,66.7945447098005,1.935,0.0,16,2,6,22.1844177,48.9621506
6/2/25 16:43,432,66.7945447098005,1.935,0.0,16,2,6,21.8717194,49.67033
6/2/25 16:28,432,66.7945447098005,1.935,0.0,16,2,6,22.2469635,48.6691093
6/2/25 16:13,432,66.7945447098005,1.935,0.0,16,2,6,22.309494,48.3028069
6/2/25 15:58,432,66.7945447098005,1.935,0.0,15,2,6,22.1844177,48.5714302
6/2/25 15:43,432,66.7945447098005,1.935,0.0,15,2,6,21.9967957,48.9258118
6/2/25 15:28,432,66.7945447098005,1.935,0.0,15,2,6,21.8717194,49.6459122
6/2/25 15:13,432,66.7945447098005,1.935,0.0,15,2,6,22.1844177,48.9621506
6/2/25 14:58,432,66.7945447098005,1.935,0.0,14,2,6,22.2469635,48.8888893
6/2/25 14:43,432,66.7945447098005,1.935,0.0,14,2,6,22.0593414,49.2551918
6/2/25 14:28,432,66.7945447098005,1.935,0.0,14,2,6,21.8091736,49.9877892
6/2/25 14:13,432,66.7945447098005,1.935,0.0,14,2,6,22.1218719,49.3040276
6/2/25 13:58,432,66.7945447098005,1.935,0.0,13,2,6,22.3720398,48.4737511
6/2/25 13:43,432,66.7945447098005,1.935,0.0,13,2,6,22.309494,48.5225868
6/2/25 13:28,432,66.7945447098005,1.935,0.0,13,2,6,22.2469635,48.5714302
6/2/25 13:13,432,66.7945447098005,1.935,0.0,13,2,6,22.2469635,48.7179489
6/2/25 12:58,432,66.7945447098005,1.935,0.0,12,2,6,22.1218719,48.9701538
6/2/25 12:43,432,66.7945447098005,1.935,0.0,12,2,6,21.9342499,49.4261322
6/2/25 12:28,432,66.7945447098005,1.935,0.0,12,2,6,22.309494,48.2295456
6/2/25 12:13,432,66.7945447098005,1.935,0.0,12,2,6,22.3720398,47.9609299
6/2/25 11:58,432,66.7945447098005,1.935,0.0,11,2,6,22.1218719,48.4493294
6/2/25 11:43,432,66.7945447098005,1.935,0.0,11,2,6,21.8091736,49.1575089
6/2/25 11:28,432,66.7945447098005,1.935,0.0,11,2,6,22.1218719,47.4969482
6/2/25 11:13,432,66.7945447098005,1.935,0.0,11,2,6,22.3720398,46.2515259
6/2/25 10:58,432,66.7945447098005,1.935,0.0,10,2,6,22.309494,46.007328
6/2/25 10:43,432,66.7945447098005,1.935,0.0,10,2,6,22.309494,45.8363876
6/2/25 10:28,432,66.7945447098005,1.935,0.0,10,2,6,22.309494,45.8119698
6/2/25 10:13,432,66.7945447098005,1.935,0.0,10,2,6,22.2469635,45.7387085
6/2/25 9:58,432,66.7945447098005,1.935,0.0,9,2,6,22.2469635,45.6654472
6/2/25 9:43,432,66.7945447098005,1.935,0.0,9,2,6,22.1844177,45.3479881
6/2/25 9:28,432,66.7945447098005,1.935,0.0,9,2,6,22.1218719,45.2747269
6/2/25 9:13,432,66.7945447098005,1.935,0.0,9,2,6,22.0593414,44.8351669
6/2/25 8:58,432,66.7945447098005,1.935,0.0,8,2,6,21.9342499,44.6642265
6/2/25 8:43,432,66.7945447098005,1.935,0.0,8,2,6,21.8717194,44.6886444
6/2/25 8:28,432,66.7945447098005,1.935,0.0,8,2,6,21.8091736,44.7042732
6/2/25 8:13,432,66.7945447098005,1.935,0.0,8,2,6,21.6840973,44.9084244
6/2/25 7:58,432,66.7945447098005,1.935,0.0,7,2,6,21.6215515,45.2258873
6/2/25 7:43,432,66.7945447098005,1.935,0.0,7,2,6,21.559021,45.4700851
6/2/25 7:28,432,66.7945447098005,1.935,0.0,7,2,6,21.4964905,45.6898651
6/2/25 7:13,432,66.7945447098005,1.935,0.0,7,2,6,21.4339294,45.8363876
6/2/25 6:58,432,66.7945447098005,1.935,0.0,6,2,6,21.4339294,46.1050072
6/2/25 6:43,432,66.7945447098005,1.935,0.0,6,2,6,21.3088684,46.3736267
6/2/25 6:28,432,66.7945447098005,1.935,0.0,6,2,6,21.2463226,46.7887688
6/2/25 6:13,432,66.7945447098005,1.935,0.0,6,2,6,20.99617,47.3992691
6/2/25 5:58,432,66.7945447098005,1.935,0.0,5,2,6,20.6209259,46.2759438
6/2/25 5:43,432,66.7945447098005,1.935,0.0,5,2,6,20.99617,44.9816856
6/2/25 5:28,432,66.7945447098005,1.935,0.0,5,2,6,20.99617,44.9572678
6/2/25 5:13,432,66.7945447098005,1.935,0.0,5,2,6,20.99617,44.9328461
6/2/25 4:58,432,66.7945447098005,1.935,0.0,4,2,6,20.99617,44.8840065
6/2/25 4:43,432,66.7945447098005,1.935,0.0,4,2,6,21.0587006,44.8595848
6/2/25 4:28,432,66.7945447098005,1.935,0.0,4,2,6,21.0587006,44.7863235
6/2/25 4:13,432,66.7945447098005,1.935,0.0,4,2,6,21.0587006,44.7863235
6/2/25 3:58,432,66.7945447098005,1.935,0.0,3,2,6,21.1212463,44.7374878
6/2/25 3:43,432,66.7945447098005,1.935,0.0,3,2,6,21.1212463,44.6886444
6/2/25 3:28,432,66.7945447098005,1.935,0.0,3,2,6,21.1212463,44.6642265
6/2/25 3:13,432,66.7945447098005,1.935,0.0,3,2,6,21.1837769,44.6642265
6/2/25 2:58,432,66.7945447098005,1.935,0.0,2,2,6,21.1837769,44.5909653
6/2/25 2:43,432,66.7945447098005,1.935,0.0,2,2,6,21.1837769,44.5421257
6/2/25 2:28,432,66.7945447098005,1.935,0.0,2,2,6,21.2463226,44.4688644
6/2/25 2:13,432,66.7945447098005,1.935,0.0,2,2,6,21.2463226,44.4200249
6/2/25 1:58,432,66.7945447098005,1.935,0.0,1,2,6,21.2463226,44.3711853
6/2/25 1:43,432,66.7945447098005,1.935,0.0,1,2,6,21.3088684,44.3467674
6/2/25 1:28,432,66.7945447098005,1.935,0.0,1,2,6,21.3713989,44.2735062
6/2/25 1:13,432,66.7945447098005,1.935,0.0,1,2,6,21.3713989,44.2246628
6/2/25 0:58,432,66.7945447098005,1.935,0.0,0,2,6,21.3713989,44.175827
6/2/25 0:43,432,66.7945447098005,1.935,0.0,0,2,6,21.4339294,44.1514053
6/2/25 0:28,432,66.7945447098005,1.935,0.0,0,2,6,21.4339294,44.1269836
6/2/25 0:13,432,66.7945447098005,1.935,0.0,0,2,6,21.4964905,44.0293045
6/1/25 23:58,432,66.7945447098005,1.935,0.0,23,1,6,21.559021,43.9072037
6/1/25 23:43,432,66.7945447098005,1.935,0.0,23,1,6,21.6215515,43.8095245
6/1/25 23:28,432,66.7945447098005,1.935,0.0,23,1,6,21.6840973,43.7118454
6/1/25 23:13,432,66.7945447098005,1.935,0.0,23,1,6,21.7466431,43.5653267
6/1/25 22:58,432,66.7945447098005,1.935,0.0,22,1,6,21.8091736,43.3455429
6/1/25 22:43,432,66.7945447098005,1.935,0.0,22,1,6,21.9342499,43.1501808
6/1/25 22:28,432,66.7945447098005,1.935,0.0,22,1,6,21.9967957,42.9792442
6/1/25 22:13,432,66.7945447098005,1.935,0.0,22,1,6,22.1218719,42.8083038
6/1/25 21:58,432,66.7945447098005,1.935,0.0,21,1,6,21.9967957,43.1746063
6/1/25 21:43,432,66.7945447098005,1.935,0.0,21,1,6,21.9342499,43.1013451
6/1/25 21:28,432,66.7945447098005,1.935,0.0,21,1,6,21.9342499,43.0769272
6/1/25 21:13,432,66.7945447098005,1.935,0.0,21,1,6,21.8717194,43.0036659
6/1/25 20:58,432,66.7945447098005,1.935,0.0,20,1,6,21.8717194,42.9304047
6/1/25 20:43,432,66.7945447098005,1.935,0.0,20,1,6,21.7466431,42.9792442
6/1/25 20:28,432,66.7945447098005,1.935,0.0,20,1,6,21.6215515,43.2478638
6/1/25 20:13,432,66.7945447098005,1.935,0.0,20,1,6,21.3713989,43.7118454
6/1/25 19:58,432,66.7945447098005,1.935,0.0,19,1,6,21.3713989,43.5653267
6/1/25 19:43,432,66.7945447098005,1.935,0.0,19,1,6,21.6215515,42.8815651
6/1/25 19:28,432,66.7945447098005,1.935,0.0,19,1,6,21.6840973,42.5008469
6/1/25 19:13,432,66.7945447098005,1.935,0.0,19,1,6,21.3713989,42.9548225
6/1/25 18:58,432,66.7945447098005,1.935,0.0,18,1,6,21.4339294,42.8815651
6/1/25 18:43,432,66.7945447098005,1.935,0.0,18,1,6,21.6215515,42.8327217
6/1/25 18:28,432,66.7945447098005,1.935,0.0,18,1,6,21.4964905,43.2234421
6/1/25 18:13,432,66.7945447098005,1.935,0.0,18,1,6,21.4339294,43.7851067
6/1/25 17:58,432,66.7945447098005,1.935,0.0,17,1,6,21.4964905,44.5421257
6/1/25 17:43,432,66.7945447098005,1.935,0.0,17,1,6,21.6840973,44.7863235
6/1/25 17:28,432,66.7945447098005,1.935,0.0,17,1,6,21.4964905,45.4700851
6/1/25 17:13,432,66.7945447098005,1.935,0.0,17,1,6,21.3713989,46.3980484
6/1/25 16:58,432,66.7945447098005,1.935,0.0,16,1,6,21.4964905,46.6666641
6/1/25 16:43,432,66.7945447098005,1.935,0.0,16,1,6,21.6840973,46.8376083
6/1/25 16:28,432,66.7945447098005,1.935,0.0,16,1,6,21.559021,47.4725304
6/1/25 16:13,432,66.7945447098005,1.935,0.0,16,1,6,21.4964905,48.3516502
6/1/25 15:58,432,66.7945447098005,1.935,0.0,15,1,6,21.4964905,49.2307701
6/1/25 15:43,432,66.7945447098005,1.935,0.0,15,1,6,21.4339294,49.7924271
6/1/25 15:28,432,66.7945447098005,1.935,0.0,15,1,6,21.4964905,50.3785095
6/1/25 15:13,432,66.7945447098005,1.935,0.0,15,1,6,21.559021,50.9890137
6/1/25 14:58,432,66.7945447098005,1.935,0.0,14,1,6,21.6215515,50.5445671
6/1/25 14:43,432,66.7945447098005,1.935,0.0,14,1,6,21.6840973,49.9145317
6/1/25 14:28,432,66.7945447098005,1.935,0.0,14,1,6,21.6840973,49.7924271
6/1/25 14:13,432,66.7945447098005,1.935,0.0,14,1,6,21.7466431,49.7680092
6/1/25 13:58,432,66.7945447098005,1.935,0.0,13,1,6,21.8717194,49.8656883
6/1/25 13:43,432,66.7945447098005,1.935,0.0,13,1,6,21.9967957,50.1831474
6/1/25 13:28,432,66.7945447098005,1.935,0.0,13,1,6,21.9967957,50.2319908
6/1/25 13:13,432,66.7945447098005,1.935,0.0,13,1,6,22.0593414,50.5006142
6/1/25 12:58,432,66.7945447098005,1.935,0.0,12,1,6,21.9967957,50.6959724
6/1/25 12:43,432,66.7945447098005,1.935,0.0,12,1,6,21.9342499,50.7936516
6/1/25 12:28,432,66.7945447098005,1.935,0.0,12,1,6,21.9342499,50.7692299
6/1/25 12:13,432,66.7945447098005,1.935,0.0,12,1,6,21.9342499,50.5863724
6/1/25 11:58,432,66.7945447098005,1.935,0.0,11,1,6,21.9967957,50.0854683
6/1/25 11:43,432,66.7945447098005,1.935,0.0,11,1,6,22.0593414,49.4993896
6/1/25 11:28,432,66.7945447098005,1.935,0.0,11,1,6,22.1218719,48.9133072
6/1/25 11:13,432,66.7945447098005,1.935,0.0,11,1,6,22.1844177,47.9365082
6/1/25 10:58,432,66.7945447098005,1.935,0.0,10,1,6,22.2469635,46.8376083
6/1/25 10:43,432,66.7945447098005,1.935,0.0,10,1,6,22.2469635,45.8119698
6/1/25 10:28,432,66.7945447098005,1.935,0.0,10,1,6,22.2469635,44.8840065
6/1/25 10:13,432,66.7945447098005,1.935,0.0,10,1,6,22.3720398,43.6141624
6/1/25 9:58,432,66.7945447098005,1.935,0.0,9,1,6,22.309494,42.8571434
6/1/25 9:43,432,66.7945447098005,1.935,0.0,9,1,6,22.1844177,42.8327217
6/1/25 9:28,432,66.7945447098005,1.935,0.0,9,1,6,21.9967957,42.905983
6/1/25 9:13,432,66.7945447098005,1.935,0.0,9,1,6,21.8717194,42.905983
6/1/25 8:58,432,66.7945447098005,1.935,0.0,8,1,6,21.7466431,42.9406471
6/1/25 8:43,432,66.7945447098005,1.935,0.0,8,1,6,21.6840973,42.905983
6/1/25 8:28,432,66.7945447098005,1.935,0.0,8,1,6,21.6215515,42.8571434
6/1/25 8:13,432,66.7945447098005,1.935,0.0,8,1,6,21.4964905,42.905983
6/1/25 7:58,432,66.7945447098005,1.935,0.0,7,1,6,21.4339294,42.9548225
6/1/25 7:43,432,66.7945447098005,1.935,0.0,7,1,6,21.4339294,43.0036659
6/1/25 7:28,432,66.7945447098005,1.935,0.0,7,1,6,21.3088684,43.1257629
6/1/25 7:13,432,66.7945447098005,1.935,0.0,7,1,6,21.2463226,43.2478638
6/1/25 6:58,432,66.7945447098005,1.935,0.0,6,1,6,21.2463226,43.3943863
6/1/25 6:43,432,66.7945447098005,1.935,0.0,6,1,6,21.1212463,43.6385841
6/1/25 6:28,432,66.7945447098005,1.935,0.0,6,1,6,20.99617,44.0048828
6/1/25 6:13,432,66.7945447098005,1.935,0.0,6,1,6,20.7460022,44.5909653
6/1/25 5:58,432,66.7945447098005,1.935,0.0,5,1,6,20.4958496,45.2258873
6/1/25 5:43,432,66.7945447098005,1.935,0.0,5,1,6,20.9336243,44.1025658
6/1/25 5:28,432,66.7945447098005,1.935,0.0,5,1,6,20.9336243,44.0293045
6/1/25 5:13,432,66.7945447098005,1.935,0.0,5,1,6,20.9336243,44.0537262
6/1/25 4:58,432,66.7945447098005,1.935,0.0,4,1,6,20.99617,44.0293045
6/1/25 4:43,432,66.7945447098005,1.935,0.0,4,1,6,20.99617,44.0048828
6/1/25 4:28,432,66.7945447098005,1.935,0.0,4,1,6,20.99617,44.0293045
6/1/25 4:13,432,66.7945447098005,1.935,0.0,4,1,6,20.99617,44.0537262
6/1/25 3:58,432,66.7945447098005,1.935,0.0,3,1,6,21.0587006,44.0293045
6/1/25 3:43,432,66.7945447098005,1.935,0.0,3,1,6,21.0587006,43.9560471
6/1/25 3:28,432,66.7945447098005,1.935,0.0,3,1,6,21.1212463,43.9560471
6/1/25 3:13,432,66.7945447098005,1.935,0.0,3,1,6,21.1212463,43.9560471
6/1/25 2:58,432,66.7945447098005,1.935,0.0,2,1,6,21.1212463,43.9316216
6/1/25 2:43,432,66.7945447098005,1.935,0.0,2,1,6,21.1837769,43.8583679
6/1/25 2:28,432,66.7945447098005,1.935,0.0,2,1,6,21.1837769,43.8339424
6/1/25 2:13,432,66.7945447098005,1.935,0.0,2,1,6,21.2463226,43.7851067
6/1/25 1:58,432,66.7945447098005,1.935,0.0,1,1,6,21.3088684,43.760685
6/1/25 1:43,432,66.7945447098005,1.935,0.0,1,1,6,21.3088684,43.760685
6/1/25 1:28,432,66.7945447098005,1.935,0.0,1,1,6,21.3713989,43.7118454
6/1/25 1:13,432,66.7945447098005,1.935,0.0,1,1,6,21.3845119,43.6385841
6/1/25 0:58,432,66.7945447098005,1.935,0.0,0,1,6,21.4339294,43.6385841
6/1/25 0:43,432,66.7945447098005,1.935,0.0,0,1,6,21.4339294,43.6141624
6/1/25 0:28,432,66.7945447098005,1.935,0.0,0,1,6,21.4964905,43.5897446
6/1/25 0:13,432,66.7945447098005,1.935,0.0,0,1,6,21.559021,43.5897446
5/31/25 23:58,432,66.7945447098005,1.935,0.0,23,31,5,21.559021,43.5164833
5/31/25 23:43,432,66.7945447098005,1.935,0.0,23,31,5,21.6215515,43.443222
5/31/25 23:28,432,66.7945447098005,1.935,0.0,23,31,5,21.6840973,43.3455429
5/31/25 23:13,432,66.7945447098005,1.935,0.0,23,31,5,21.7466431,43.2722855
5/31/25 22:58,432,66.7945447098005,1.935,0.0,22,31,5,21.8091736,43.1501808
5/31/25 22:43,432,66.7945447098005,1.935,0.0,22,31,5,21.8717194,43.0280838
5/31/25 22:28,432,66.7945447098005,1.935,0.0,22,31,5,21.9967957,42.8083038
5/31/25 22:13,432,66.7945447098005,1.935,0.0,22,31,5,22.0593414,42.6373634
5/31/25 21:58,432,66.7945447098005,1.935,0.0,21,31,5,21.9967957,43.1990242
5/31/25 21:43,432,66.7945447098005,1.935,0.0,21,31,5,21.9342499,43.3455429
5/31/25 21:28,432,66.7945447098005,1.935,0.0,21,31,5,21.8091736,43.6874237
5/31/25 21:13,432,66.7945447098005,1.935,0.0,21,31,5,21.9342499,43.08181
5/31/25 20:58,432,66.7945447098005,1.935,0.0,20,31,5,21.9342499,42.9792442
5/31/25 20:43,432,66.7945447098005,1.935,0.0,20,31,5,21.7466431,43.3699646
5/31/25 20:28,432,66.7945447098005,1.935,0.0,20,31,5,21.8091736,43.1013451
5/31/25 20:13,432,66.7945447098005,1.935,0.0,20,31,5,21.559021,43.6141624
5/31/25 19:58,432,66.7945447098005,1.935,0.0,19,31,5,21.3713989,44.0537262
5/31/25 19:43,432,66.7945447098005,1.935,0.0,19,31,5,21.6840973,43.6385841
5/31/25 19:28,432,66.7945447098005,1.935,0.0,19,31,5,21.6215515,43.7851067
5/31/25 19:13,432,66.7945447098005,1.935,0.0,19,31,5,21.6215515,43.8339424
5/31/25 18:58,432,66.7945447098005,1.935,0.0,18,31,5,21.6215515,43.6874237
5/31/25 18:43,432,66.7945447098005,1.935,0.0,18,31,5,21.6215515,43.5653267
5/31/25 18:28,432,66.7945447098005,1.935,0.0,18,31,5,21.6840973,43.846447
5/31/25 18:13,432,66.7945447098005,1.935,0.0,18,31,5,21.6215515,44.175827
5/31/25 17:58,432,66.7945447098005,1.935,0.0,17,31,5,21.6215515,44.297924
5/31/25 17:43,432,66.7945447098005,1.935,0.0,17,31,5,21.559021,44.4688644
5/31/25 17:28,432,66.7945447098005,1.935,0.0,17,31,5,21.559021,44.4688644
5/31/25 17:13,432,66.7945447098005,1.935,0.0,17,31,5,21.559021,44.7130623
5/31/25 16:58,432,66.7945447098005,1.935,0.0,16,31,5,21.559021,45.1282082
5/31/25 16:43,432,66.7945447098005,1.935,0.0,16,31,5,21.559021,45.2747269
5/31/25 16:28,432,66.7945447098005,1.935,0.0,16,31,5,21.559021,45.372406
5/31/25 16:13,432,66.7945447098005,1.935,0.0,16,31,5,21.559021,45.4456673
5/31/25 15:58,432,66.7945447098005,1.935,0.0,15,31,5,21.6215515,45.372406
5/31/25 15:43,432,66.7945447098005,1.935,0.0,15,31,5,21.6840973,45.2991447
5/31/25 15:28,432,66.7945447098005,1.935,0.0,15,31,5,21.7466431,45.4456673
5/31/25 15:13,432,66.7945447098005,1.935,0.0,15,31,5,21.7466431,45.6898651
5/31/25 14:58,432,66.7945447098005,1.935,0.0,14,31,5,21.7466431,45.8119698
5/31/25 14:43,432,66.7945447098005,1.935,0.0,14,31,5,21.7466431,45.7631264
5/31/25 14:28,432,66.7945447098005,1.935,0.0,14,31,5,21.8717194,45.2747269
5/31/25 14:13,432,66.7945447098005,1.935,0.0,14,31,5,21.9342499,45.1282082
5/31/25 13:58,432,66.7945447098005,1.935,0.0,13,31,5,21.9967957,45.1282082
5/31/25 13:43,432,66.7945447098005,1.935,0.0,13,31,5,21.9967957,44.9572678
5/31/25 13:28,432,66.7945447098005,1.935,0.0,13,31,5,21.9342499,44.9328461
5/31/25 13:13,432,66.7945447098005,1.935,0.0,13,31,5,21.9967957,44.9328461
5/31/25 12:58,432,66.7945447098005,1.935,0.0,12,31,5,21.9967957,44.8351669
5/31/25 12:43,432,66.7945447098005,1.935,0.0,12,31,5,21.9967957,44.7130623
5/31/25 12:28,432,66.7945447098005,1.935,0.0,12,31,5,22.0593414,44.4688644
5/31/25 12:13,432,66.7945447098005,1.935,0.0,12,31,5,22.1218719,43.9560471
5/31/25 11:58,432,66.7945447098005,1.935,0.0,11,31,5,22.1844177,43.4676476
5/31/25 11:43,432,66.7945447098005,1.935,0.0,11,31,5,22.1844177,43.0036659
5/31/25 11:28,432,66.7945447098005,1.935,0.0,11,31,5,22.1844177,42.5396843
5/31/25 11:13,432,66.7945447098005,1.935,0.0,11,31,5,22.1844177,42.1245422
5/31/25 10:58,432,66.7945447098005,1.935,0.0,10,31,5,22.1218719,41.8803406
5/31/25 10:43,432,66.7945447098005,1.935,0.0,10,31,5,22.1844177,41.5040436
5/31/25 10:28,432,66.7945447098005,1.935,0.0,10,31,5,22.1844177,40.7081795
5/31/25 10:13,432,66.7945447098005,1.935,0.0,10,31,5,22.309494,39.6581192
5/31/25 9:58,432,66.7945447098005,1.935,0.0,9,31,5,22.3720398,38.8278389
5/31/25 9:43,432,66.7945447098005,1.935,0.0,9,31,5,22.2469635,38.7545776
5/31/25 9:28,432,66.7945447098005,1.935,0.0,9,31,5,22.1218719,38.7789993
5/31/25 9:13,432,66.7945447098005,1.935,0.0,9,31,5,21.9967957,38.7545776
5/31/25 8:58,432,66.7945447098005,1.935,0.0,8,31,5,21.9342499,38.7301598
5/31/25 8:43,432,66.7945447098005,1.935,0.0,8,31,5,21.8091736,38.7057381
5/31/25 8:28,432,66.7945447098005,1.935,0.0,8,31,5,21.7466431,38.6901093
5/31/25 8:13,432,66.7945447098005,1.935,0.0,8,31,5,21.6709785,38.6324806
5/31/25 7:58,432,66.7945447098005,1.935,0.0,7,31,5,21.5895348,38.6568985
5/31/25 7:43,432,66.7945447098005,1.935,0.0,7,31,5,21.4964905,38.7301598
5/31/25 7:28,432,66.7945447098005,1.935,0.0,7,31,5,21.4339294,38.8278389
5/31/25 7:13,432,66.7945447098005,1.935,0.0,7,31,5,21.3713989,38.925518
5/31/25 6:58,432,66.7945447098005,1.935,0.0,6,31,5,21.3088684,39.0720406
5/31/25 6:43,432,66.7945447098005,1.935,0.0,6,31,5,21.2463226,39.3406601
5/31/25 6:28,432,66.7945447098005,1.935,0.0,6,31,5,21.1212463,39.7313805
5/31/25 6:13,432,66.7945447098005,1.935,0.0,6,31,5,20.8841972,40.0048828
5/31/25 5:58,432,66.7945447098005,1.935,0.0,5,31,5,20.5583801,38.9743576
5/31/25 5:43,432,66.7945447098005,1.935,0.0,5,31,5,20.99617,37.2649574
5/31/25 5:28,432,66.7945447098005,1.935,0.0,5,31,5,20.99617,37.2649574
5/31/25 5:13,432,66.7945447098005,1.935,0.0,5,31,5,20.99617,37.1916962
5/31/25 4:58,432,66.7945447098005,1.935,0.0,4,31,5,21.0587006,37.1916962
5/31/25 4:43,432,66.7945447098005,1.935,0.0,4,31,5,21.0587006,37.1672783
5/31/25 4:28,432,66.7945447098005,1.935,0.0,4,31,5,21.0587006,37.1672783
5/31/25 4:13,432,66.7945447098005,1.935,0.0,4,31,5,21.1212463,37.130352
5/31/25 3:58,432,66.7945447098005,1.935,0.0,3,31,5,21.1212463,37.1184387
5/31/25 3:43,432,66.7945447098005,1.935,0.0,3,31,5,21.1212463,37.1184387
5/31/25 3:28,432,66.7945447098005,1.935,0.0,3,31,5,21.1837769,37.0695992
5/31/25 3:13,432,66.7945447098005,1.935,0.0,3,31,5,21.1837769,37.0695992
5/31/25 2:58,432,66.7945447098005,1.935,0.0,2,31,5,21.1837769,36.9719162
5/31/25 2:43,432,66.7945447098005,1.935,0.0,2,31,5,21.2463226,36.8986549
5/31/25 2:28,432,66.7945447098005,1.935,0.0,2,31,5,21.3088684,36.8498154
5/31/25 2:13,432,66.7945447098005,1.935,0.0,2,31,5,21.3088684,36.8009758
5/31/25 1:58,432,66.7945447098005,1.935,0.0,1,31,5,21.3713989,36.7032967
5/31/25 1:43,432,66.7945447098005,1.935,0.0,1,31,5,21.4339294,36.6056175
5/31/25 1:28,432,66.7945447098005,1.935,0.0,1,31,5,21.4964905,36.4779282
5/31/25 1:13,432,66.7945447098005,1.935,0.0,1,31,5,21.559021,36.3614159
5/31/25 0:58,432,66.7945447098005,1.935,0.0,0,31,5,21.6215515,36.2637367
5/31/25 0:43,432,66.7945447098005,1.935,0.0,0,31,5,21.6840973,36.0927963
5/31/25 0:28,432,66.7945447098005,1.935,0.0,0,31,5,21.7466431,35.9706955
5/31/25 0:13,432,66.7945447098005,1.935,0.0,0,31,5,21.8091736,35.7997551
5/30/25 23:58,432,66.7945447098005,1.935,0.0,23,30,5,21.9342499,35.6532364
5/30/25 23:43,432,66.7945447098005,1.935,0.0,23,30,5,21.9967957,35.4578743
5/30/25 23:28,432,66.7945447098005,1.935,0.0,23,30,5,22.0593414,35.3357735
5/30/25 23:13,432,66.7945447098005,1.935,0.0,23,30,5,22.1218719,35.262516
5/30/25 22:58,432,66.7945447098005,1.935,0.0,22,30,5,22.1218719,35.2136765
5/30/25 22:43,432,66.7945447098005,1.935,0.0,22,30,5,22.1218719,35.1892548
5/30/25 22:28,432,66.7945447098005,1.935,0.0,22,30,5,22.1844177,35.0427361
5/30/25 22:13,432,66.7945447098005,1.935,0.0,22,30,5,22.309494,34.9206352
5/30/25 21:58,432,66.7945447098005,1.935,0.0,21,30,5,22.1218719,35.384613
5/30/25 21:43,432,66.7945447098005,1.935,0.0,21,30,5,22.1844177,35.1159973
5/30/25 21:28,432,66.7945447098005,1.935,0.0,21,30,5,22.1218719,35.2380943
5/30/25 21:13,432,66.7945447098005,1.935,0.0,21,30,5,21.9967957,35.4334564
5/30/25 20:58,432,66.7945447098005,1.935,0.0,20,30,5,21.8717194,35.702076
5/30/25 20:43,432,66.7945447098005,1.935,0.0,20,30,5,21.559021,36.0439568
5/30/25 20:28,432,66.7945447098005,1.935,0.0,20,30,5,21.4964905,36.3125763
5/30/25 20:13,432,66.7945447098005,1.935,0.0,20,30,5,21.6840973,35.9706955
5/30/25 19:58,432,66.7945447098005,1.935,0.0,19,30,5,21.4339294,36.4346771
5/30/25 19:43,432,66.7945447098005,1.935,0.0,19,30,5,21.559021,35.9951172
5/30/25 19:28,432,66.7945447098005,1.935,0.0,19,30,5,21.7466431,35.384613
5/30/25 19:13,432,66.7945447098005,1.935,0.0,19,30,5,21.6215515,35.7509155
5/30/25 18:58,432,66.7945447098005,1.935,0.0,18,30,5,21.7466431,35.6288147
5/30/25 18:43,432,66.7945447098005,1.935,0.0,18,30,5,21.7466431,35.702076
5/30/25 18:28,432,66.7945447098005,1.935,0.0,18,30,5,21.7466431,35.7509155
5/30/25 18:13,432,66.7945447098005,1.935,0.0,18,30,5,21.8091736,35.6776543
5/30/25 17:58,432,66.7945447098005,1.935,0.0,17,30,5,21.8717194,35.5555573
5/30/25 17:43,432,66.7945447098005,1.935,0.0,17,30,5,21.8091736,35.7753334
5/30/25 17:28,432,66.7945447098005,1.935,0.0,17,30,5,21.8091736,35.8241768
5/30/25 17:13,432,66.7945447098005,1.935,0.0,17,30,5,21.7466431,35.9218559
5/30/25 16:58,432,66.7945447098005,1.935,0.0,16,30,5,21.7466431,35.9218559
5/30/25 16:43,432,66.7945447098005,1.935,0.0,16,30,5,21.7466431,36.0439568
5/30/25 16:28,432,66.7945447098005,1.935,0.0,16,30,5,21.7466431,36.1172142
5/30/25 16:13,432,66.7945447098005,1.935,0.0,16,30,5,21.7466431,36.1416359
5/30/25 15:58,432,66.7945447098005,1.935,0.0,15,30,5,21.7466431,36.239315
5/30/25 15:43,432,66.7945447098005,1.935,0.0,15,30,5,21.8091736,36.2148972
5/30/25 15:28,432,66.7945447098005,1.935,0.0,15,30,5,21.9342499,36.0763779
5/30/25 15:13,432,66.7945447098005,1.935,0.0,15,30,5,21.9342499,35.9462776
5/30/25 14:58,432,66.7945447098005,1.935,0.0,14,30,5,21.9342499,35.897438
5/30/25 14:43,432,66.7945447098005,1.935,0.0,14,30,5,21.9967957,35.8485947
5/30/25 14:28,432,66.7945447098005,1.935,0.0,14,30,5,22.0593414,35.8485947
5/30/25 14:13,432,66.7945447098005,1.935,0.0,14,30,5,22.0593414,35.897438
5/30/25 13:58,432,66.7945447098005,1.935,0.0,13,30,5,22.0593414,35.8730164
5/30/25 13:43,432,66.7945447098005,1.935,0.0,13,30,5,21.9967957,35.897438
5/30/25 13:28,432,66.7945447098005,1.935,0.0,13,30,5,21.9967957,35.9706955
5/30/25 13:13,432,66.7945447098005,1.935,0.0,13,30,5,21.9967957,36.0195351
5/30/25 12:58,432,66.7945447098005,1.935,0.0,12,30,5,22.0593414,36.0439568
5/30/25 12:43,432,66.7945447098005,1.935,0.0,12,30,5,22.0593414,35.9462776
5/30/25 12:28,432,66.7945447098005,1.935,0.0,12,30,5,22.1218719,35.7997551
5/30/25 12:13,432,66.7945447098005,1.935,0.0,12,30,5,22.0593414,35.7997551
5/30/25 11:58,432,66.7945447098005,1.935,0.0,11,30,5,22.0593414,35.702076
5/30/25 11:43,432,66.7945447098005,1.935,0.0,11,30,5,22.0593414,35.4578743
5/30/25 11:28,432,66.7945447098005,1.935,0.0,11,30,5,22.0593414,35.3113556
5/30/25 11:13,432,66.7945447098005,1.935,0.0,11,30,5,22.1218719,35.2869339
5/30/25 10:58,432,66.7945447098005,1.935,0.0,10,30,5,22.1218719,35.1892548
5/30/25 10:43,432,66.7945447098005,1.935,0.0,10,30,5,22.1844177,35.1404152
5/30/25 10:28,432,66.7945447098005,1.935,0.0,10,30,5,22.1349907,35.0427361
5/30/25 10:13,432,66.7945447098005,1.935,0.0,10,30,5,22.1844177,34.8717957
5/30/25 9:58,432,66.7945447098005,1.935,0.0,9,30,5,22.1844177,34.3833961
5/30/25 9:43,432,66.7945447098005,1.935,0.0,9,30,5,22.2469635,33.7973137
5/30/25 9:28,432,66.7945447098005,1.935,0.0,9,30,5,22.309494,33.1135521
5/30/25 9:13,432,66.7945447098005,1.935,0.0,9,30,5,22.1844177,32.8937721
5/30/25 8:58,432,66.7945447098005,1.935,0.0,8,30,5,22.0593414,32.9914513
5/30/25 8:43,432,66.7945447098005,1.935,0.0,8,30,5,21.9342499,32.9719162
5/30/25 8:28,432,66.7945447098005,1.935,0.0,8,30,5,21.8717194,32.9426117
5/30/25 8:13,432,66.7945447098005,1.935,0.0,8,30,5,21.8091736,32.983448
5/30/25 7:58,432,66.7945447098005,1.935,0.0,7,30,5,21.6840973,33.0402908
5/30/25 7:43,432,66.7945447098005,1.935,0.0,7,30,5,21.559021,33.1135521
5/30/25 7:28,432,66.7945447098005,1.935,0.0,7,30,5,21.4339294,33.211235
5/30/25 7:13,432,66.7945447098005,1.935,0.0,7,30,5,21.3088684,33.3089142
5/30/25 6:58,432,66.7945447098005,1.935,0.0,6,30,5,21.2463226,33.4065933
5/30/25 6:43,432,66.7945447098005,1.935,0.0,6,30,5,21.1212463,33.5775337
5/30/25 6:28,432,66.7945447098005,1.935,0.0,6,30,5,20.99617,33.8461533
5/30/25 6:13,432,66.7945447098005,1.935,0.0,6,30,5,20.808548,34.0415154
5/30/25 5:58,432,66.7945447098005,1.935,0.0,5,30,5,20.4958496,34.1100845
5/30/25 5:43,432,66.7945447098005,1.935,0.0,5,30,5,20.9336243,32.3809547
5/30/25 5:28,432,66.7945447098005,1.935,0.0,5,30,5,20.9336243,32.3239174
5/30/25 5:13,432,66.7945447098005,1.935,0.0,5,30,5,20.9336243,32.3076935
5/30/25 4:58,432,66.7945447098005,1.935,0.0,4,30,5,20.9336243,32.2344322
5/30/25 4:43,432,66.7945447098005,1.935,0.0,4,30,5,20.99617,32.1855927
5/30/25 4:28,432,66.7945447098005,1.935,0.0,4,30,5,20.99617,32.2100105
5/30/25 4:13,432,66.7945447098005,1.935,0.0,4,30,5,20.99617,32.0879135
5/30/25 3:58,432,66.7945447098005,1.935,0.0,3,30,5,21.0587006,32.0879135
5/30/25 3:43,432,66.7945447098005,1.935,0.0,3,30,5,21.0587006,32.1123314
5/30/25 3:28,432,66.7945447098005,1.935,0.0,3,30,5,21.1212463,32.0879135
5/30/25 3:13,432,66.7945447098005,1.935,0.0,3,30,5,21.1212463,32.0146523
5/30/25 2:58,432,66.7945447098005,1.935,0.0,2,30,5,21.1837769,31.9413929
5/30/25 2:43,432,66.7945447098005,1.935,0.0,2,30,5,21.2463226,31.8925533
5/30/25 2:28,432,66.7945447098005,1.935,0.0,2,30,5,21.2594414,31.8192921
5/30/25 2:13,432,66.7945447098005,1.935,0.0,2,30,5,21.3088684,31.7704506
5/30/25 1:58,432,66.7945447098005,1.935,0.0,1,30,5,21.3713989,31.6483517
5/30/25 1:43,432,66.7945447098005,1.935,0.0,1,30,5,21.4339294,31.5506725
5/30/25 1:28,432,66.7945447098005,1.935,0.0,1,30,5,21.4964905,31.4041519
5/30/25 1:13,432,66.7945447098005,1.935,0.0,1,30,5,21.559021,31.3064728
5/30/25 0:58,432,66.7945447098005,1.935,0.0,0,30,5,21.6215515,31.1599522
5/30/25 0:43,432,66.7945447098005,1.935,0.0,0,30,5,21.6840973,31.0378513
5/30/25 0:28,432,66.7945447098005,1.935,0.0,0,30,5,21.7597561,30.8180714
5/30/25 0:13,432,66.7945447098005,1.935,0.0,0,30,5,21.8717194,30.525032
5/29/25 23:58,432,66.7945447098005,1.935,0.0,23,29,5,21.9967957,30.3540897
5/29/25 23:43,432,66.7945447098005,1.935,0.0,23,29,5,22.0593414,30.2075691
5/29/25 23:28,432,66.7945447098005,1.935,0.0,23,29,5,22.1218719,30.0610504
5/29/25 23:13,432,66.7945447098005,1.935,0.0,23,29,5,22.1218719,30.0122089
5/29/25 22:58,432,66.7945447098005,1.935,0.0,22,29,5,22.1218719,29.9877911
5/29/25 22:43,432,66.7945447098005,1.935,0.0,22,29,5,22.0593414,29.9877911
5/29/25 22:28,432,66.7945447098005,1.935,0.0,22,29,5,22.0593414,30.0122089
5/29/25 22:13,432,66.7945447098005,1.935,0.0,22,29,5,21.9967957,30.0610504
5/29/25 21:58,432,66.7945447098005,1.935,0.0,21,29,5,21.8091736,30.5982895
5/29/25 21:43,432,66.7945447098005,1.935,0.0,21,29,5,21.9342499,30.3296719
5/29/25 21:28,432,66.7945447098005,1.935,0.0,21,29,5,22.1218719,29.8656902
5/29/25 21:13,432,66.7945447098005,1.935,0.0,21,29,5,22.0593414,29.9389515
5/29/25 20:58,432,66.7945447098005,1.935,0.0,20,29,5,21.9342499,30.0854702
5/29/25 20:43,432,66.7945447098005,1.935,0.0,20,29,5,21.6840973,30.4029293
5/29/25 20:28,432,66.7945447098005,1.935,0.0,20,29,5,21.8881111,29.9389515
5/29/25 20:13,432,66.7945447098005,1.935,0.0,20,29,5,21.8091736,29.8412704
5/29/25 19:58,432,66.7945447098005,1.935,0.0,19,29,5,21.559021,30.2075691
5/29/25 19:43,432,66.7945447098005,1.935,0.0,19,29,5,21.7466431,29.9145298
5/29/25 19:28,432,66.7945447098005,1.935,0.0,19,29,5,21.6215515,29.9389515
5/29/25 19:13,432,66.7945447098005,1.935,0.0,19,29,5,21.6840973,29.67033
5/29/25 18:58,432,66.7945447098005,1.935,0.0,18,29,5,21.6840973,29.4749699
5/29/25 18:43,432,66.7945447098005,1.935,0.0,18,29,5,21.6840973,29.2307682
5/29/25 18:28,432,66.7945447098005,1.935,0.0,18,29,5,21.6840973,29.1819286
5/29/25 18:13,432,66.7945447098005,1.935,0.0,18,29,5,21.6215515,29.0109901
5/29/25 17:58,432,66.7945447098005,1.935,0.0,17,29,5,21.559021,28.7423687
5/29/25 17:43,432,66.7945447098005,1.935,0.0,17,29,5,21.559021,28.7179489
5/29/25 17:28,432,66.7945447098005,1.935,0.0,17,29,5,21.4964905,28.9377289
5/29/25 17:13,432,66.7945447098005,1.935,0.0,17,29,5,21.4339294,29.2307682
5/29/25 16:58,432,66.7945447098005,1.935,0.0,16,29,5,21.4964905,29.3528709
5/29/25 16:43,432,66.7945447098005,1.935,0.0,16,29,5,21.559021,29.4749699
5/29/25 16:28,432,66.7945447098005,1.935,0.0,16,29,5,21.6215515,29.6214886
5/29/25 16:13,432,66.7945447098005,1.935,0.0,16,29,5,21.7466431,29.4993896
5/29/25 15:58,432,66.7945447098005,1.935,0.0,15,29,5,21.7466431,29.4505501
5/29/25 15:43,432,66.7945447098005,1.935,0.0,15,29,5,21.8091736,29.4993896
5/29/25 15:28,432,66.7945447098005,1.935,0.0,15,29,5,21.8717194,29.5482311
5/29/25 15:13,432,66.7945447098005,1.935,0.0,15,29,5,21.9342499,29.7924309
5/29/25 14:58,432,66.7945447098005,1.935,0.0,14,29,5,21.9342499,30.0202103
5/29/25 14:43,432,66.7945447098005,1.935,0.0,14,29,5,21.9342499,30.1343117
5/29/25 14:28,432,66.7945447098005,1.935,0.0,14,29,5,22.0593414,30.3540897
5/29/25 14:13,432,66.7945447098005,1.935,0.0,14,29,5,22.1218719,30.4517708
5/29/25 13:58,432,66.7945447098005,1.935,0.0,13,29,5,22.1844177,30.6227112
5/29/25 13:43,432,66.7945447098005,1.935,0.0,13,29,5,22.2469635,31.3064728
5/29/25 13:28,432,66.7945447098005,1.935,0.0,13,29,5,22.1218719,32.1855927
5/29/25 13:13,432,66.7945447098005,1.935,0.0,13,29,5,21.9342499,33.2942619
5/29/25 12:58,432,66.7945447098005,1.935,0.0,12,29,5,22.0593414,33.650795
5/29/25 12:43,432,66.7945447098005,1.935,0.0,12,29,5,23.1225128,32.5507202
5/29/25 12:28,432,66.7945447098005,1.935,0.0,12,29,5,23.9980774,31.3797302
5/29/25 12:13,432,66.7945447098005,1.935,0.0,12,29,5,23.9355164,31.4285717
5/29/25 11:58,432,66.7945447098005,1.935,0.0,11,29,5,23.8729858,31.4774113
5/29/25 11:43,432,66.7945447098005,1.935,0.0,11,29,5,23.8104553,31.501833
5/29/25 11:28,432,66.7945447098005,1.935,0.0,11,29,5,23.7479095,31.5262508
5/29/25 11:13,432,66.7945447098005,1.935,0.0,11,29,5,23.6853638,31.501833
5/29/25 10:58,432,66.7945447098005,1.935,0.0,10,29,5,23.6228333,31.4285717
5/29/25 10:43,432,66.7945447098005,1.935,0.0,10,29,5,23.5602875,31.3553123
5/29/25 10:28,432,66.7945447098005,1.935,0.0,10,29,5,23.4352112,31.0134315
5/29/25 10:13,432,66.7945447098005,1.935,0.0,10,29,5,23.3101349,31.0866909
5/29/25 9:58,432,66.7945447098005,1.935,0.0,9,29,5,23.1850433,31.2087917
5/29/25 9:43,432,66.7945447098005,1.935,0.0,9,29,5,22.9348907,31.3064728
5/29/25 9:28,432,66.7945447098005,1.935,0.0,9,29,5,22.7777977,31.3064728
5/29/25 9:13,432,66.7945447098005,1.935,0.0,9,29,5,22.6221924,31.3308907
5/29/25 8:58,432,66.7945447098005,1.935,0.0,8,29,5,22.5596619,31.4041519
5/29/25 8:43,432,66.7945447098005,1.935,0.0,8,29,5,22.4971161,31.4285717
5/29/25 8:28,432,66.7945447098005,1.935,0.0,8,29,5,22.3720398,31.4529915
5/29/25 8:13,432,66.7945447098005,1.935,0.0,8,29,5,22.309494,31.501833
5/29/25 7:58,432,66.7945447098005,1.935,0.0,7,29,5,22.1844177,31.6727715
5/29/25 7:43,432,66.7945447098005,1.935,0.0,7,29,5,22.0593414,31.7948723
5/29/25 7:28,432,66.7945447098005,1.935,0.0,7,29,5,21.9342499,31.9169712
5/29/25 7:13,432,66.7945447098005,1.935,0.0,7,29,5,21.8091736,32.0390739
5/29/25 6:58,432,66.7945447098005,1.935,0.0,6,29,5,21.6840973,32.1123314
5/29/25 6:43,432,66.7945447098005,1.935,0.0,6,29,5,21.6215515,32.2832718
5/29/25 6:28,432,66.7945447098005,1.935,0.0,6,29,5,21.4964905,32.5518913
5/29/25 6:13,432,66.7945447098005,1.935,0.0,6,29,5,21.3088684,32.9181938
5/29/25 5:58,432,66.7945447098005,1.935,0.0,5,29,5,20.99617,33.1868134
5/29/25 5:43,432,66.7945447098005,1.935,0.0,5,29,5,21.5128822,31.5995121
5/29/25 5:28,432,66.7945447098005,1.935,0.0,5,29,5,21.559021,31.5506725
5/29/25 5:13,432,66.7945447098005,1.935,0.0,5,29,5,21.559021,31.5262508
5/29/25 4:58,432,66.7945447098005,1.935,0.0,4,29,5,21.6215515,31.501833
5/29/25 4:43,432,66.7945447098005,1.935,0.0,4,29,5,21.6215515,31.4285717
5/29/25 4:28,432,66.7945447098005,1.935,0.0,4,29,5,21.6840973,31.4041519
5/29/25 4:13,432,66.7945447098005,1.935,0.0,4,29,5,21.6840973,31.4041519
5/29/25 3:58,432,66.7945447098005,1.935,0.0,3,29,5,21.6840973,31.3308907
5/29/25 3:43,432,66.7945447098005,1.935,0.0,3,29,5,21.7466431,31.3064728
5/29/25 3:28,432,66.7945447098005,1.935,0.0,3,29,5,21.8091736,31.2576313
5/29/25 3:13,432,66.7945447098005,1.935,0.0,3,29,5,21.8717194,31.18437
5/29/25 2:58,432,66.7945447098005,1.935,0.0,2,29,5,21.8717194,31.1355305
5/29/25 2:43,432,66.7945447098005,1.935,0.0,2,29,5,21.9342499,31.0622711
5/29/25 2:28,432,66.7945447098005,1.935,0.0,2,29,5,21.9342499,30.9890099
5/29/25 2:13,432,66.7945447098005,1.935,0.0,2,29,5,21.9967957,30.9313812
5/29/25 1:58,432,66.7945447098005,1.935,0.0,1,29,5,22.0593414,30.8913307
5/29/25 1:43,432,66.7945447098005,1.935,0.0,1,29,5,22.1218719,30.8669109
5/29/25 1:28,432,66.7945447098005,1.935,0.0,1,29,5,22.1844177,30.6959705
5/29/25 1:13,432,66.7945447098005,1.935,0.0,1,29,5,22.309494,30.5982895
5/29/25 0:58,432,66.7945447098005,1.935,0.0,0,29,5,22.3720398,30.5494499
5/29/25 0:43,432,66.7945447098005,1.935,0.0,0,29,5,22.4971161,30.427351
5/29/25 0:28,432,66.7945447098005,1.935,0.0,0,29,5,22.5596619,30.2808304
5/29/25 0:13,432,66.7945447098005,1.935,0.0,0,29,5,22.6847229,30.1343117
5/28/25 23:58,432,66.7945447098005,1.935,0.0,23,28,5,22.8098145,29.9877911
5/28/25 23:43,432,66.7945447098005,1.935,0.0,23,28,5,22.872345,29.8656902
5/28/25 23:28,432,66.7945447098005,1.935,0.0,23,28,5,22.9348907,29.8168488
5/28/25 23:13,432,66.7945447098005,1.935,0.0,23,28,5,22.9974365,29.7191696
5/28/25 22:58,432,66.7945447098005,1.935,0.0,22,28,5,23.059967,29.6214886
5/28/25 22:43,432,66.7945447098005,1.935,0.0,22,28,5,23.1225128,29.5238094
5/28/25 22:28,432,66.7945447098005,1.935,0.0,22,28,5,23.1850433,29.2551899
5/28/25 22:13,432,66.7945447098005,1.935,0.0,22,28,5,23.3726654,29.035408
5/28/25 21:58,432,66.7945447098005,1.935,0.0,21,28,5,23.2475891,29.1575108
5/28/25 21:43,432,66.7945447098005,1.935,0.0,21,28,5,23.2701054,29.1575108
5/28/25 21:28,432,66.7945447098005,1.935,0.0,21,28,5,23.2475891,29.2063503
5/28/25 21:13,432,66.7945447098005,1.935,0.0,21,28,5,23.2475891,29.1819286
5/28/25 20:58,432,66.7945447098005,1.935,0.0,20,28,5,23.3101349,29.1330891
5/28/25 20:43,432,66.7945447098005,1.935,0.0,20,28,5,23.3101349,29.1086693
5/28/25 20:28,432,66.7945447098005,1.935,0.0,20,28,5,23.3726654,29.1330891
5/28/25 20:13,432,66.7945447098005,1.935,0.0,20,28,5,23.3726654,29.1575108
5/28/25 19:58,432,66.7945447098005,1.935,0.0,19,28,5,23.4147148,29.1819286
5/28/25 19:43,432,66.7945447098005,1.935,0.0,19,28,5,23.4352112,29.2551899
5/28/25 19:28,432,66.7945447098005,1.935,0.0,19,28,5,23.4352112,29.1819286
5/28/25 19:13,432,66.7945447098005,1.935,0.0,19,28,5,23.4352112,29.2063503
5/28/25 18:58,432,66.7945447098005,1.935,0.0,18,28,5,23.497757,29.2796097
5/28/25 18:43,432,66.7945447098005,1.935,0.0,18,28,5,23.5602875,29.5970707
5/28/25 18:28,432,66.7945447098005,1.935,0.0,18,28,5,23.497757,29.1086693
5/28/25 18:13,432,66.7945447098005,1.935,0.0,18,28,5,23.4872627,29.1819286
5/28/25 17:58,432,66.7945447098005,1.935,0.0,17,28,5,23.4557076,29.3284492
5/28/25 17:43,432,66.7945447098005,1.935,0.0,17,28,5,23.3726654,29.4993896
5/28/25 17:28,432,66.7945447098005,1.935,0.0,17,28,5,23.2475891,29.67033
5/28/25 17:13,432,66.7945447098005,1.935,0.0,17,28,5,23.497757,29.7435913
5/28/25 16:58,432,66.7945447098005,1.935,0.0,16,28,5,23.6853638,29.6459103
5/28/25 16:43,432,66.7945447098005,1.935,0.0,16,28,5,23.6853638,29.6459103
5/28/25 16:28,432,66.7945447098005,1.935,0.0,16,28,5,23.497757,29.5970707
5/28/25 16:13,432,66.7945447098005,1.935,0.0,16,28,5,23.3726654,29.6898651
5/28/25 15:58,432,66.7945447098005,1.935,0.0,15,28,5,23.1225128,29.8656902
5/28/25 15:43,432,66.7945447098005,1.935,0.0,15,28,5,23.059967,30.1587296
5/28/25 15:28,432,66.7945447098005,1.935,0.0,15,28,5,23.1225128,30.3540897
5/28/25 15:13,432,66.7945447098005,1.935,0.0,15,28,5,23.1850433,30.525032
5/28/25 14:58,432,66.7945447098005,1.935,0.0,14,28,5,23.1850433,30.6715508
5/28/25 14:43,432,66.7945447098005,1.935,0.0,14,28,5,23.2475891,30.6959705
5/28/25 14:28,432,66.7945447098005,1.935,0.0,14,28,5,23.4352112,30.7448101
5/28/25 14:13,432,66.7945447098005,1.935,0.0,14,28,5,23.3726654,30.7203922
5/28/25 13:58,432,66.7945447098005,1.935,0.0,13,28,5,23.3726654,30.964592
5/28/25 13:43,432,66.7945447098005,1.935,0.0,13,28,5,23.4352112,31.0866909
5/28/25 13:28,432,66.7945447098005,1.935,0.0,13,28,5,23.6228333,30.9157524
5/28/25 13:13,432,66.7945447098005,1.935,0.0,13,28,5,23.6228333,31.0378513
5/28/25 12:58,432,66.7945447098005,1.935,0.0,12,28,5,23.6228333,31.1599522
5/28/25 12:43,432,66.7945447098005,1.935,0.0,12,28,5,23.6228333,31.2820511
5/28/25 12:28,432,66.7945447098005,1.935,0.0,12,28,5,23.5602875,31.5750904
5/28/25 12:13,432,66.7945447098005,1.935,0.0,12,28,5,23.5602875,31.8192921
5/28/25 11:58,432,66.7945447098005,1.935,0.0,11,28,5,23.6228333,31.8925533
5/28/25 11:43,432,66.7945447098005,1.935,0.0,11,28,5,23.8104553,31.5262508
5/28/25 11:28,432,66.7945447098005,1.935,0.0,11,28,5,24.0606079,31.0378513
5/28/25 11:13,432,66.7945447098005,1.935,0.0,11,28,5,23.9980774,30.8229561
5/28/25 10:58,432,66.7945447098005,1.935,0.0,10,28,5,23.8729858,30.7448101
5/28/25 10:43,432,66.7945447098005,1.935,0.0,10,28,5,23.7479095,30.6859684
5/28/25 10:28,432,66.7945447098005,1.935,0.0,10,28,5,23.6228333,30.525032
5/28/25 10:13,432,66.7945447098005,1.935,0.0,10,28,5,23.497757,30.427351
5/28/25 9:58,432,66.7945447098005,1.935,0.0,9,28,5,23.3726654,30.2808304
5/28/25 9:43,432,66.7945447098005,1.935,0.0,9,28,5,23.1225128,30.3296719
5/28/25 9:28,432,66.7945447098005,1.935,0.0,9,28,5,22.9348907,30.1587296
5/28/25 9:13,432,66.7945447098005,1.935,0.0,9,28,5,22.7472839,29.9145298
5/28/25 8:58,432,66.7945447098005,1.935,0.0,8,28,5,22.5596619,29.89011
5/28/25 8:43,432,66.7945447098005,1.935,0.0,8,28,5,22.3720398,29.9389515
5/28/25 8:28,432,66.7945447098005,1.935,0.0,8,28,5,22.2469635,29.9877911
5/28/25 8:13,432,66.7945447098005,1.935,0.0,8,28,5,22.0593414,30.0366306
5/28/25 7:58,432,66.7945447098005,1.935,0.0,7,28,5,21.9342499,30.1343117
5/28/25 7:43,432,66.7945447098005,1.935,0.0,7,28,5,21.8091736,30.1587296
5/28/25 7:28,432,66.7945447098005,1.935,0.0,7,28,5,21.7466431,30.1587296
5/28/25 7:13,432,66.7945447098005,1.935,0.0,7,28,5,21.6215515,30.2808304
5/28/25 6:58,432,66.7945447098005,1.935,0.0,6,28,5,21.559021,30.3785114
5/28/25 6:43,432,66.7945447098005,1.935,0.0,6,28,5,21.4964905,30.525032
5/28/25 6:28,432,66.7945447098005,1.935,0.0,6,28,5,21.3088684,30.7692318
5/28/25 6:13,432,66.7945447098005,1.935,0.0,6,28,5,21.1212463,31.2332115
5/28/25 5:58,432,66.7945447098005,1.935,0.0,5,28,5,20.8710785,30.8424911
5/28/25 5:43,432,66.7945447098005,1.935,0.0,5,28,5,21.4339294,28.4493275
5/28/25 5:28,432,66.7945447098005,1.935,0.0,5,28,5,21.4339294,28.4004879
5/28/25 5:13,432,66.7945447098005,1.935,0.0,5,28,5,21.4964905,28.3272285
5/28/25 4:58,432,66.7945447098005,1.935,0.0,4,28,5,21.4964905,28.3272285
5/28/25 4:43,432,66.7945447098005,1.935,0.0,4,28,5,21.559021,28.2539673
5/28/25 4:28,432,66.7945447098005,1.935,0.0,4,28,5,21.559021,28.2539673
5/28/25 4:13,432,66.7945447098005,1.935,0.0,4,28,5,21.6215515,28.2051277
5/28/25 3:58,432,66.7945447098005,1.935,0.0,3,28,5,21.6215515,28.1318684
5/28/25 3:43,432,66.7945447098005,1.935,0.0,3,28,5,21.6840973,28.0586071
5/28/25 3:28,432,66.7945447098005,1.935,0.0,3,28,5,21.6840973,27.9853497
5/28/25 3:13,432,66.7945447098005,1.935,0.0,3,28,5,21.7466431,27.960928
5/28/25 2:58,432,66.7945447098005,1.935,0.0,2,28,5,21.8091736,27.8876686
5/28/25 2:43,432,66.7945447098005,1.935,0.0,2,28,5,21.8717194,27.8144073
5/28/25 2:28,432,66.7945447098005,1.935,0.0,2,28,5,21.9342499,27.741148
5/28/25 2:13,432,66.7945447098005,1.935,0.0,2,28,5,21.9967957,27.6434689
5/28/25 1:58,432,66.7945447098005,1.935,0.0,1,28,5,22.0593414,27.5946293
5/28/25 1:43,432,66.7945447098005,1.935,0.0,1,28,5,22.1218719,27.4969482
5/28/25 1:28,432,66.7945447098005,1.935,0.0,1,28,5,22.1844177,27.3992691
5/28/25 1:13,432,66.7945447098005,1.935,0.0,1,28,5,22.309494,27.3015881
5/28/25 0:58,432,66.7945447098005,1.935,0.0,0,28,5,22.4345703,27.1794872
5/28/25 0:43,432,66.7945447098005,1.935,0.0,0,28,5,22.4971161,27.0818062
5/28/25 0:28,432,66.7945447098005,1.935,0.0,0,28,5,22.6221924,26.9597073
5/28/25 0:13,432,66.7945447098005,1.935,0.0,0,28,5,22.7472839,26.8376064
5/27/25 23:58,432,66.7945447098005,1.935,0.0,23,27,5,22.8098145,26.7155075
5/27/25 23:43,432,66.7945447098005,1.935,0.0,23,27,5,22.872345,26.6666679
5/27/25 23:28,432,66.7945447098005,1.935,0.0,23,27,5,22.9348907,26.6178284
5/27/25 23:13,432,66.7945447098005,1.935,0.0,23,27,5,22.9974365,26.5445671
5/27/25 22:58,432,66.7945447098005,1.935,0.0,22,27,5,23.059967,26.3736267
5/27/25 22:43,432,66.7945447098005,1.935,0.0,22,27,5,23.1225128,26.2759476
5/27/25 22:28,432,66.7945447098005,1.935,0.0,22,27,5,23.2475891,26.207571
5/27/25 22:13,432,66.7945447098005,1.935,0.0,22,27,5,23.3101349,25.9829063
5/27/25 21:58,432,66.7945447098005,1.935,0.0,21,27,5,23.3101349,26.1926842
5/27/25 21:43,432,66.7945447098005,1.935,0.0,21,27,5,23.3101349,26.0561657
5/27/25 21:28,432,66.7945447098005,1.935,0.0,21,27,5,23.3101349,25.9584866
5/27/25 21:13,432,66.7945447098005,1.935,0.0,21,27,5,23.3726654,25.8119659
5/27/25 20:58,432,66.7945447098005,1.935,0.0,20,27,5,23.3726654,25.689867
5/27/25 20:43,432,66.7945447098005,1.935,0.0,20,27,5,23.3726654,25.592186
5/27/25 20:28,432,66.7945447098005,1.935,0.0,20,27,5,23.4352112,25.4456673
5/27/25 20:13,432,66.7945447098005,1.935,0.0,20,27,5,23.3726654,25.3479862
5/27/25 19:58,432,66.7945447098005,1.935,0.0,19,27,5,23.4352112,25.2258854
5/27/25 19:43,432,66.7945447098005,1.935,0.0,19,27,5,23.4352112,25.2258854
5/27/25 19:28,432,66.7945447098005,1.935,0.0,19,27,5,23.3726654,25.274725
5/27/25 19:13,432,66.7945447098005,1.935,0.0,19,27,5,23.4352112,25.152626
5/27/25 18:58,432,66.7945447098005,1.935,0.0,18,27,5,23.4352112,25.1282043
5/27/25 18:43,432,66.7945447098005,1.935,0.0,18,27,5,23.4657326,25.0061054
5/27/25 18:28,432,66.7945447098005,1.935,0.0,18,27,5,23.4352112,24.9328442
5/27/25 18:13,432,66.7945447098005,1.935,0.0,18,27,5,23.4352112,24.9572659
5/27/25 17:58,432,66.7945447098005,1.935,0.0,17,27,5,23.4352112,24.9816856
5/27/25 17:43,432,66.7945447098005,1.935,0.0,17,27,5,23.4352112,25.0305252
5/27/25 17:28,432,66.7945447098005,1.935,0.0,17,27,5,23.4352112,24.9572659
5/27/25 17:13,432,66.7945447098005,1.935,0.0,17,27,5,23.4352112,24.8595867
5/27/25 16:58,432,66.7945447098005,1.935,0.0,16,27,5,23.4352112,24.9816856
5/27/25 16:43,432,66.7945447098005,1.935,0.0,16,27,5,23.4352112,24.9572659
5/27/25 16:28,432,66.7945447098005,1.935,0.0,16,27,5,23.3101349,25.0061054
5/27/25 16:13,432,66.7945447098005,1.935,0.0,16,27,5,23.1850433,25.3968258
5/27/25 15:58,432,66.7945447098005,1.935,0.0,15,27,5,23.7479095,25.4700851
5/27/25 15:43,432,66.7945447098005,1.935,0.0,15,27,5,23.8729858,25.2503071
5/27/25 15:28,432,66.7945447098005,1.935,0.0,15,27,5,23.8104553,25.3479862
5/27/25 15:13,432,66.7945447098005,1.935,0.0,15,27,5,23.8104553,25.4456673
5/27/25 14:58,432,66.7945447098005,1.935,0.0,14,27,5,23.7479095,25.4456673
5/27/25 14:43,432,66.7945447098005,1.935,0.0,14,27,5,23.6853638,25.381197
5/27/25 14:28,432,66.7945447098005,1.935,0.0,14,27,5,23.5602875,25.5189247
5/27/25 14:13,432,66.7945447098005,1.935,0.0,14,27,5,23.3726654,25.7631264
5/27/25 13:58,432,66.7945447098005,1.935,0.0,13,27,5,23.3726654,25.8852272
5/27/25 13:43,432,66.7945447098005,1.935,0.0,13,27,5,23.6228333,25.9340668
5/27/25 13:28,432,66.7945447098005,1.935,0.0,13,27,5,23.9980774,25.8852272
5/27/25 13:13,432,66.7945447098005,1.935,0.0,13,27,5,23.9980774,25.8608055
5/27/25 12:58,432,66.7945447098005,1.935,0.0,12,27,5,23.9980774,25.9096451
5/27/25 12:43,432,66.7945447098005,1.935,0.0,12,27,5,23.8729858,25.9340668
5/27/25 12:28,432,66.7945447098005,1.935,0.0,12,27,5,23.8729858,26.0317478
5/27/25 12:13,432,66.7945447098005,1.935,0.0,12,27,5,23.8104553,26.2026863
5/27/25 11:58,432,66.7945447098005,1.935,0.0,11,27,5,23.8104553,26.3247871
5/27/25 11:43,432,66.7945447098005,1.935,0.0,11,27,5,23.7479095,26.4224682
5/27/25 11:28,432,66.7945447098005,1.935,0.0,11,27,5,23.6853638,26.5201473
5/27/25 11:13,432,66.7945447098005,1.935,0.0,11,27,5,23.5602875,26.6178284
5/27/25 10:58,432,66.7945447098005,1.935,0.0,10,27,5,23.4352112,26.7155075
5/27/25 10:43,432,66.7945447098005,1.935,0.0,10,27,5,23.3101349,26.7643471
5/27/25 10:28,432,66.7945447098005,1.935,0.0,10,27,5,23.1850433,26.7643471
5/27/25 10:13,432,66.7945447098005,1.935,0.0,10,27,5,22.9974365,26.8131886
5/27/25 9:58,432,66.7945447098005,1.935,0.0,9,27,5,22.8098145,26.6910858
5/27/25 9:43,432,66.7945447098005,1.935,0.0,9,27,5,22.6221924,26.5299149
5/27/25 9:28,432,66.7945447098005,1.935,0.0,9,27,5,22.3720398,26.0561657
5/27/25 9:13,432,66.7945447098005,1.935,0.0,9,27,5,22.1844177,26.0317478
5/27/25 8:58,432,66.7945447098005,1.935,0.0,8,27,5,22.0193119,26.0561657
5/27/25 8:43,432,66.7945447098005,1.935,0.0,8,27,5,21.8717194,26.1050053
5/27/25 8:28,432,66.7945447098005,1.935,0.0,8,27,5,21.7466431,26.1050053
5/27/25 8:13,432,66.7945447098005,1.935,0.0,8,27,5,21.6840973,26.1538467
5/27/25 7:58,432,66.7945447098005,1.935,0.0,7,27,5,21.559021,26.2026863
5/27/25 7:43,432,66.7945447098005,1.935,0.0,7,27,5,21.4339294,26.2759476
5/27/25 7:28,432,66.7945447098005,1.935,0.0,7,27,5,21.3088684,26.3980465
5/27/25 7:13,432,66.7945447098005,1.935,0.0,7,27,5,21.1837769,26.4713078
5/27/25 6:58,432,66.7945447098005,1.935,0.0,6,27,5,21.0587006,26.5445671
5/27/25 6:43,432,66.7945447098005,1.935,0.0,6,27,5,20.99617,26.6666679
5/27/25 6:28,432,66.7945447098005,1.935,0.0,6,27,5,20.808548,26.9352875
5/27/25 6:13,432,66.7945447098005,1.935,0.0,6,27,5,20.6209259,27.2527485
5/27/25 5:58,432,66.7945447098005,1.935,0.0,5,27,5,20.3707581,26.4363976
5/27/25 5:43,432,66.7945447098005,1.935,0.0,5,27,5,20.8710785,23.9804649
5/27/25 5:28,432,66.7945447098005,1.935,0.0,5,27,5,20.8710785,23.9316254
5/27/25 5:13,432,66.7945447098005,1.935,0.0,5,27,5,20.9336243,23.8577785
5/27/25 4:58,432,66.7945447098005,1.935,0.0,4,27,5,20.9336243,23.7851048
5/27/25 4:43,432,66.7945447098005,1.935,0.0,4,27,5,20.99617,23.701601
5/27/25 4:28,432,66.7945447098005,1.935,0.0,4,27,5,20.99617,23.6630039
5/27/25 4:13,432,66.7945447098005,1.935,0.0,4,27,5,20.99617,23.6141644
5/27/25 3:58,432,66.7945447098005,1.935,0.0,3,27,5,21.0587006,23.4920654
5/27/25 3:43,432,66.7945447098005,1.935,0.0,3,27,5,21.0587006,23.4920654
5/27/25 3:28,432,66.7945447098005,1.935,0.0,3,27,5,21.1212463,23.443224
5/27/25 3:13,432,66.7945447098005,1.935,0.0,3,27,5,21.1837769,23.443224
5/27/25 2:58,432,66.7945447098005,1.935,0.0,2,27,5,21.1837769,23.3260078
5/27/25 2:43,432,66.7945447098005,1.935,0.0,2,27,5,21.2463226,23.2722836
5/27/25 2:28,432,66.7945447098005,1.935,0.0,2,27,5,21.2463226,23.1990242
5/27/25 2:13,432,66.7945447098005,1.935,0.0,2,27,5,21.3088684,23.1257629
5/27/25 1:58,432,66.7945447098005,1.935,0.0,1,27,5,21.3713989,22.9792423
5/27/25 1:43,432,66.7945447098005,1.935,0.0,1,27,5,21.4339294,22.9059849
5/27/25 1:28,432,66.7945447098005,1.935,0.0,1,27,5,21.4964905,22.9304028
5/27/25 1:13,432,66.7945447098005,1.935,0.0,1,27,5,21.559021,22.8327236
5/27/25 0:58,432,66.7945447098005,1.935,0.0,0,27,5,21.6215515,22.6617832
5/27/25 0:43,432,66.7945447098005,1.935,0.0,0,27,5,21.6840973,22.6129436
5/27/25 0:28,432,66.7945447098005,1.935,0.0,0,27,5,21.8091736,22.5396824
5/27/25 0:13,432,66.7945447098005,1.935,0.0,0,27,5,21.9342499,22.3687439
5/26/25 23:58,432,66.7945447098005,1.935,0.0,23,26,5,21.9967957,22.2222233
5/26/25 23:43,432,66.7945447098005,1.935,0.0,23,26,5,22.1218719,22.0757027
5/26/25 23:28,432,66.7945447098005,1.935,0.0,23,26,5,22.2469635,21.9780235
5/26/25 23:13,432,66.7945447098005,1.935,0.0,23,26,5,22.2469635,21.8559227
5/26/25 22:58,432,66.7945447098005,1.935,0.0,22,26,5,22.309494,21.7338238
5/26/25 22:43,432,66.7945447098005,1.935,0.0,22,26,5,22.4345703,21.611721
5/26/25 22:28,432,66.7945447098005,1.935,0.0,22,26,5,22.4971161,21.4896221
5/26/25 22:13,432,66.7945447098005,1.935,0.0,22,26,5,22.5596619,21.3431034
5/26/25 21:58,432,66.7945447098005,1.935,0.0,21,26,5,22.5596619,21.5384636
5/26/25 21:43,432,66.7945447098005,1.935,0.0,21,26,5,22.4971161,21.2942619
5/26/25 21:28,432,66.7945447098005,1.935,0.0,21,26,5,22.5596619,21.0256405
5/26/25 21:13,432,66.7945447098005,1.935,0.0,21,26,5,22.5596619,20.8302803
5/26/25 20:58,432,66.7945447098005,1.935,0.0,20,26,5,22.5596619,20.7081814
5/26/25 20:43,432,66.7945447098005,1.935,0.0,20,26,5,22.6221924,20.5128212
5/26/25 20:28,432,66.7945447098005,1.935,0.0,20,26,5,22.6221924,20.3418808
5/26/25 20:13,432,66.7945447098005,1.935,0.0,20,26,5,22.6847229,20.1709423
5/26/25 19:58,432,66.7945447098005,1.935,0.0,19,26,5,22.6847229,20.0488396
5/26/25 19:43,432,66.7945447098005,1.935,0.0,19,26,5,22.7472839,19.8534794
5/26/25 19:28,432,66.7945447098005,1.935,0.0,19,26,5,22.7472839,19.6581192
5/26/25 19:13,432,66.7945447098005,1.935,0.0,19,26,5,22.8098145,19.6092796
5/26/25 18:58,432,66.7945447098005,1.935,0.0,18,26,5,22.7472839,19.5116005
5/26/25 18:43,432,66.7945447098005,1.935,0.0,18,26,5,22.7472839,19.4871788
5/26/25 18:28,432,66.7945447098005,1.935,0.0,18,26,5,22.6221924,19.3650799
5/26/25 18:13,432,66.7945447098005,1.935,0.0,18,26,5,22.5596619,19.3406601
5/26/25 17:58,432,66.7945447098005,1.935,0.0,17,26,5,22.4971161,19.3162403
5/26/25 17:43,432,66.7945447098005,1.935,0.0,17,26,5,22.4971161,19.2673988
5/26/25 17:28,432,66.7945447098005,1.935,0.0,17,26,5,22.4140797,19.242979
5/26/25 17:13,432,66.7945447098005,1.935,0.0,17,26,5,22.2469635,19.2185593
5/26/25 16:58,432,66.7945447098005,1.935,0.0,16,26,5,22.0593414,19.2097683
5/26/25 16:43,432,66.7945447098005,1.935,0.0,16,26,5,22.1218719,19.242979
5/26/25 16:28,432,66.7945447098005,1.935,0.0,16,26,5,21.9967957,19.5360203
5/26/25 16:13,432,66.7945447098005,1.935,0.0,16,26,5,22.1218719,19.2673988
5/26/25 15:58,432,66.7945447098005,1.935,0.0,15,26,5,22.1218719,19.1941395
5/26/25 15:43,432,66.7945447098005,1.935,0.0,15,26,5,22.0593414,19.242979
5/26/25 15:28,432,66.7945447098005,1.935,0.0,15,26,5,22.1844177,19.3406601
5/26/25 15:13,432,66.7945447098005,1.935,0.0,15,26,5,22.2969875,19.2918186
5/26/25 14:58,432,66.7945447098005,1.935,0.0,14,26,5,22.5596619,19.3162403
5/26/25 14:43,432,66.7945447098005,1.935,0.0,14,26,5,22.2469635,19.0720387
5/26/25 14:28,432,66.7945447098005,1.935,0.0,14,26,5,22.1844177,19.0720387
5/26/25 14:13,432,66.7945447098005,1.935,0.0,14,26,5,22.1218719,19.1941395
5/26/25 13:58,432,66.7945447098005,1.935,0.0,13,26,5,22.1218719,19.3406601
5/26/25 13:43,432,66.7945447098005,1.935,0.0,13,26,5,22.1218719,19.6336994
5/26/25 13:28,432,66.7945447098005,1.935,0.0,13,26,5,22.1844177,19.682539
5/26/25 13:13,432,66.7945447098005,1.935,0.0,13,26,5,22.2469635,19.8046398
5/26/25 12:58,432,66.7945447098005,1.935,0.0,12,26,5,22.309494,19.682539
5/26/25 12:43,432,66.7945447098005,1.935,0.0,12,26,5,22.3720398,19.9023209
5/26/25 12:28,432,66.7945447098005,1.935,0.0,12,26,5,22.3720398,20.1709423
5/26/25 12:13,432,66.7945447098005,1.935,0.0,12,26,5,22.4345703,20.4884014
5/26/25 11:58,432,66.7945447098005,1.935,0.0,11,26,5,22.5596619,21.0989017
5/26/25 11:43,432,66.7945447098005,1.935,0.0,11,26,5,22.6847229,21.8315029
5/26/25 11:28,432,66.7945447098005,1.935,0.0,11,26,5,22.6847229,22.4420033
5/26/25 11:13,432,66.7945447098005,1.935,0.0,11,26,5,22.5596619,22.8327236
5/26/25 10:58,432,66.7945447098005,1.935,0.0,10,26,5,22.5596619,22.9059849
5/26/25 10:43,432,66.7945447098005,1.935,0.0,10,26,5,22.6221924,22.9059849
5/26/25 10:28,432,66.7945447098005,1.935,0.0,10,26,5,22.6221924,22.8571433999999
5/26/25 10:13,432,66.7945447098005,1.935,0.0,10,26,5,22.7472839,22.7106247
5/26/25 9:58,432,66.7945447098005,1.935,0.0,9,26,5,22.8098145,22.588522
5/26/25 9:43,432,66.7945447098005,1.935,0.0,9,26,5,22.5596619,22.5152645
5/26/25 9:28,432,66.7945447098005,1.935,0.0,9,26,5,22.3720398,22.4908428
5/26/25 9:13,432,66.7945447098005,1.935,0.0,9,26,5,22.1218719,22.3687439
5/26/25 8:58,432,66.7945447098005,1.935,0.0,8,26,5,21.8717194,22.1978016
5/26/25 8:43,432,66.7945447098005,1.935,0.0,8,26,5,21.6840973,22.1001225
5/26/25 8:28,432,66.7945447098005,1.935,0.0,8,26,5,21.559021,22.0512829
5/26/25 8:13,432,66.7945447098005,1.935,0.0,8,26,5,21.4339294,22.0268631
5/26/25 7:58,432,66.7945447098005,1.935,0.0,7,26,5,21.3713989,22.0024414
5/26/25 7:43,432,66.7945447098005,1.935,0.0,7,26,5,21.2463226,22.0757027
5/26/25 7:28,432,66.7945447098005,1.935,0.0,7,26,5,21.0587006,22.1440792
5/26/25 7:13,432,66.7945447098005,1.935,0.0,7,26,5,20.8710785,22.2466431
5/26/25 6:58,432,66.7945447098005,1.935,0.0,6,26,5,20.7460022,22.3687439
5/26/25 6:43,432,66.7945447098005,1.935,0.0,6,26,5,20.5583801,22.4420033
5/26/25 6:28,432,66.7945447098005,1.935,0.0,6,26,5,20.3707581,22.6373634
5/26/25 6:13,432,66.7945447098005,1.935,0.0,6,26,5,20.1206055,22.9548244
5/26/25 5:58,432,66.7945447098005,1.935,0.0,5,26,5,19.9329834,22.9304028
5/26/25 5:43,432,66.7945447098005,1.935,0.0,5,26,5,20.4958496,21.5384636
5/26/25 5:28,432,66.7945447098005,1.935,0.0,5,26,5,20.4958496,21.4652023
5/26/25 5:13,432,66.7945447098005,1.935,0.0,5,26,5,20.5583801,21.391943
5/26/25 4:58,432,66.7945447098005,1.935,0.0,4,26,5,20.5583801,21.2698421
5/26/25 4:43,432,66.7945447098005,1.935,0.0,4,26,5,20.5583801,21.2573395
5/26/25 4:28,432,66.7945447098005,1.935,0.0,4,26,5,20.6209259,21.1965828
5/26/25 4:13,432,66.7945447098005,1.935,0.0,4,26,5,20.6209259,21.1233215
5/26/25 3:58,432,66.7945447098005,1.935,0.0,3,26,5,20.6834564,21.0256405
5/26/25 3:43,432,66.7945447098005,1.935,0.0,3,26,5,20.6834564,20.9035416
5/26/25 3:28,432,66.7945447098005,1.935,0.0,3,26,5,20.7460022,20.8302803
5/26/25 3:13,432,66.7945447098005,1.935,0.0,3,26,5,20.808548,20.8058624
5/26/25 2:58,432,66.7945447098005,1.935,0.0,2,26,5,20.808548,20.7326012
5/26/25 2:43,432,66.7945447098005,1.935,0.0,2,26,5,20.8710785,20.6349201
5/26/25 2:28,432,66.7945447098005,1.935,0.0,2,26,5,20.8710785,20.5460339
5/26/25 2:13,432,66.7945447098005,1.935,0.0,2,26,5,20.9336243,20.4639816
5/26/25 1:58,432,66.7945447098005,1.935,0.0,1,26,5,20.99617,20.4035225
5/26/25 1:43,432,66.7945447098005,1.935,0.0,1,26,5,21.0086765,20.3418808
5/26/25 1:28,432,66.7945447098005,1.935,0.0,1,26,5,21.0587006,20.2441998
5/26/25 1:13,432,66.7945447098005,1.935,0.0,1,26,5,21.1212463,20.1953602
5/26/25 0:58,432,66.7945447098005,1.935,0.0,0,26,5,21.1837769,20.097681
5/26/25 0:43,432,66.7945447098005,1.935,0.0,0,26,5,21.2463226,20
5/26/25 0:28,432,66.7945447098005,1.935,0.0,0,26,5,21.3088684,19.9755802
5/26/25 0:13,432,66.7945447098005,1.935,0.0,0,26,5,21.4339294,19.8290596
5/25/25 23:58,432,66.7945447098005,1.935,0.0,23,25,5,21.4964905,19.7558002
5/25/25 23:43,432,66.7945447098005,1.935,0.0,23,25,5,21.559021,19.6456165
5/25/25 23:28,432,66.7945447098005,1.935,0.0,23,25,5,21.6840973,19.4871788
5/25/25 23:13,432,66.7945447098005,1.935,0.0,23,25,5,21.8091736,19.3894997
5/25/25 22:58,432,66.7945447098005,1.935,0.0,22,25,5,21.8717194,19.2673988
5/25/25 22:43,432,66.7945447098005,1.935,0.0,22,25,5,21.9967957,19.0476189
5/25/25 22:28,432,66.7945447098005,1.935,0.0,22,25,5,22.1218719,18.8766785
5/25/25 22:13,432,66.7945447098005,1.935,0.0,22,25,5,22.2469635,18.5836391
5/25/25 21:58,432,66.7945447098005,1.935,0.0,21,25,5,22.2469635,18.388279
5/25/25 21:43,432,66.7945447098005,1.935,0.0,21,25,5,22.2469635,18.2905979
5/25/25 21:28,432,66.7945447098005,1.935,0.0,21,25,5,22.1844177,18.2417583
5/25/25 21:13,432,66.7945447098005,1.935,0.0,21,25,5,22.1844177,18.1929188
5/25/25 20:58,432,66.7945447098005,1.935,0.0,20,25,5,22.1218719,18.1196575
5/25/25 20:43,432,66.7945447098005,1.935,0.0,20,25,5,22.0593414,18.0463982
5/25/25 20:28,432,66.7945447098005,1.935,0.0,20,25,5,21.9967957,17.9242973
5/25/25 20:13,432,66.7945447098005,1.935,0.0,20,25,5,21.8717194,17.8998775
5/25/25 19:58,432,66.7945447098005,1.935,0.0,19,25,5,21.9342499,17.9242973
5/25/25 19:43,432,66.7945447098005,1.935,0.0,19,25,5,22.009304,17.7533588
5/25/25 19:28,432,66.7945447098005,1.935,0.0,19,25,5,21.8091736,17.8754578
5/25/25 19:13,432,66.7945447098005,1.935,0.0,19,25,5,22.1844177,17.7777786
5/25/25 18:58,432,66.7945447098005,1.935,0.0,18,25,5,22.309494,17.4603176
5/25/25 18:43,432,66.7945447098005,1.935,0.0,18,25,5,22.1844177,17.4358978
5/25/25 18:28,432,66.7945447098005,1.935,0.0,18,25,5,21.9967957,17.4847374
5/25/25 18:13,432,66.7945447098005,1.935,0.0,18,25,5,21.8717194,17.6556778
5/25/25 17:58,432,66.7945447098005,1.935,0.0,17,25,5,22.2469635,17.5824184
5/25/25 17:43,432,66.7945447098005,1.935,0.0,17,25,5,22.0593414,17.5824184
5/25/25 17:28,432,66.7945447098005,1.935,0.0,17,25,5,21.9342499,17.7533588
5/25/25 17:13,432,66.7945447098005,1.935,0.0,17,25,5,22.2469635,17.6800976
5/25/25 16:58,432,66.7945447098005,1.935,0.0,16,25,5,22.0593414,17.5824184
5/25/25 16:43,432,66.7945447098005,1.935,0.0,16,25,5,22.0593414,17.631258
5/25/25 16:28,432,66.7945447098005,1.935,0.0,16,25,5,22.2469635,17.5091572
5/25/25 16:13,432,66.7945447098005,1.935,0.0,16,25,5,22.1844177,17.6068382
5/25/25 15:58,432,66.7945447098005,1.935,0.0,15,25,5,22.1844177,17.6428757
5/25/25 15:43,432,66.7945447098005,1.935,0.0,15,25,5,22.309494,17.5824184
5/25/25 15:28,432,66.7945447098005,1.935,0.0,15,25,5,22.5596619,17.6068382
5/25/25 15:13,432,66.7945447098005,1.935,0.0,15,25,5,22.4971161,17.6800976
5/25/25 14:58,432,66.7945447098005,1.935,0.0,14,25,5,22.4971161,17.8021984
5/25/25 14:43,432,66.7945447098005,1.935,0.0,14,25,5,22.5596619,17.948719
5/25/25 14:28,432,66.7945447098005,1.935,0.0,14,25,5,22.5596619,18.1196575
5/25/25 14:13,432,66.7945447098005,1.935,0.0,14,25,5,22.4971161,18.3247852
5/25/25 13:58,432,66.7945447098005,1.935,0.0,13,25,5,22.4971161,18.5103779
5/25/25 13:43,432,66.7945447098005,1.935,0.0,13,25,5,22.4971161,18.7201576
5/25/25 13:28,432,66.7945447098005,1.935,0.0,13,25,5,22.4971161,18.9987793
5/25/25 13:13,432,66.7945447098005,1.935,0.0,13,25,5,22.5596619,19.2185593
5/25/25 12:58,432,66.7945447098005,1.935,0.0,12,25,5,22.6221924,19.5360203
5/25/25 12:43,432,66.7945447098005,1.935,0.0,12,25,5,22.6221924,19.9755802
5/25/25 12:28,432,66.7945447098005,1.935,0.0,12,25,5,22.5596619,20.2197819
5/25/25 12:13,432,66.7945447098005,1.935,0.0,12,25,5,22.4971161,20.537241
5/25/25 11:58,432,66.7945447098005,1.935,0.0,11,25,5,22.5596619,20.9768009
5/25/25 11:43,432,66.7945447098005,1.935,0.0,11,25,5,22.6221924,21.2942619
5/25/25 11:28,432,66.7945447098005,1.935,0.0,11,25,5,22.6847229,21.8559227
5/25/25 11:13,432,66.7945447098005,1.935,0.0,11,25,5,22.872345,22.3687439
5/25/25 10:58,432,66.7945447098005,1.935,0.0,10,25,5,23.1225128,22.8083038
5/25/25 10:43,432,66.7945447098005,1.935,0.0,10,25,5,22.9974365,23.1501846
5/25/25 10:28,432,66.7945447098005,1.935,0.0,10,25,5,22.8098145,23.3943844
5/25/25 10:13,432,66.7945447098005,1.935,0.0,10,25,5,22.6221924,23.540905
5/25/25 9:58,432,66.7945447098005,1.935,0.0,9,25,5,22.4665947,23.7118435
5/25/25 9:43,432,66.7945447098005,1.935,0.0,9,25,5,22.2469635,23.7851048
5/25/25 9:28,432,66.7945447098005,1.935,0.0,9,25,5,22.0593414,23.8095245
5/25/25 9:13,432,66.7945447098005,1.935,0.0,9,25,5,21.9342499,23.7606831
5/25/25 8:58,432,66.7945447098005,1.935,0.0,8,25,5,21.7466431,23.6630039
5/25/25 8:43,432,66.7945447098005,1.935,0.0,8,25,5,21.559021,23.5653229
5/25/25 8:28,432,66.7945447098005,1.935,0.0,8,25,5,21.4339294,23.443224
5/25/25 8:13,432,66.7945447098005,1.935,0.0,8,25,5,21.2463226,23.3699627
5/25/25 7:58,432,66.7945447098005,1.935,0.0,7,25,5,21.1212463,23.2722836
5/25/25 7:43,432,66.7945447098005,1.935,0.0,7,25,5,20.99617,23.1990242
5/25/25 7:28,432,66.7945447098005,1.935,0.0,7,25,5,20.8710785,23.1501846
5/25/25 7:13,432,66.7945447098005,1.935,0.0,7,25,5,20.7460022,23.1501846
5/25/25 6:58,432,66.7945447098005,1.935,0.0,6,25,5,20.6209259,23.1501846
5/25/25 6:43,432,66.7945447098005,1.935,0.0,6,25,5,20.4958496,23.1990242
5/25/25 6:28,432,66.7945447098005,1.935,0.0,6,25,5,20.3623657,23.3699627
5/25/25 6:13,432,66.7945447098005,1.935,0.0,6,25,5,20.1001148,23.6630039
5/25/25 5:58,432,66.7945447098005,1.935,0.0,5,25,5,19.8204155,23.3699627
5/25/25 5:43,432,66.7945447098005,1.935,0.0,5,25,5,20.3707581,22.0512829
5/25/25 5:28,432,66.7945447098005,1.935,0.0,5,25,5,20.4333038,21.9780235
5/25/25 5:13,432,66.7945447098005,1.935,0.0,5,25,5,20.4333038,21.9047623
5/25/25 4:58,432,66.7945447098005,1.935,0.0,4,25,5,20.4333038,21.8315029
5/25/25 4:43,432,66.7945447098005,1.935,0.0,4,25,5,20.4958496,21.7826633
5/25/25 4:28,432,66.7945447098005,1.935,0.0,4,25,5,20.4958496,21.611721
5/25/25 4:13,432,66.7945447098005,1.935,0.0,4,25,5,20.5583801,21.5753841
5/25/25 3:58,432,66.7945447098005,1.935,0.0,3,25,5,20.5583801,21.5140419
5/25/25 3:43,432,66.7945447098005,1.935,0.0,3,25,5,20.6209259,21.4327812
5/25/25 3:28,432,66.7945447098005,1.935,0.0,3,25,5,20.6834564,21.3186817
5/25/25 3:13,432,66.7945447098005,1.935,0.0,3,25,5,20.7460022,21.2454224
5/25/25 2:58,432,66.7945447098005,1.935,0.0,2,25,5,20.7460022,21.1721611
5/25/25 2:43,432,66.7945447098005,1.935,0.0,2,25,5,20.808548,21.1233215
5/25/25 2:28,432,66.7945447098005,1.935,0.0,2,25,5,20.8794746,21.0256405
5/25/25 2:13,432,66.7945447098005,1.935,0.0,2,25,5,20.99617,20.9035416
5/25/25 1:58,432,66.7945447098005,1.935,0.0,1,25,5,21.0587006,20.7814407
5/25/25 1:43,432,66.7945447098005,1.935,0.0,1,25,5,21.1212463,20.6837616
5/25/25 1:28,432,66.7945447098005,1.935,0.0,1,25,5,21.1837769,20.5760784
5/25/25 1:13,432,66.7945447098005,1.935,0.0,1,25,5,21.3088684,20.4884014
5/25/25 0:58,432,66.7945447098005,1.935,0.0,0,25,5,21.3713989,20.3418808
5/25/25 0:43,432,66.7945447098005,1.935,0.0,0,25,5,21.4964905,20.2930412
5/25/25 0:28,432,66.7945447098005,1.935,0.0,0,25,5,21.6215515,20.1465206
5/25/25 0:13,432,66.7945447098005,1.935,0.0,0,25,5,21.7466431,20.0244217
5/24/25 23:58,432,66.7945447098005,1.935,0.0,23,24,5,21.8091736,19.8778992
5/24/25 23:43,432,66.7945447098005,1.935,0.0,23,24,5,21.8717194,19.7558002
5/24/25 23:28,432,66.7945447098005,1.935,0.0,23,24,5,21.9342499,19.6336994
5/24/25 23:13,432,66.7945447098005,1.935,0.0,23,24,5,21.9967957,19.462759
5/24/25 22:58,432,66.7945447098005,1.935,0.0,22,24,5,21.9967957,19.2918186
5/24/25 22:43,432,66.7945447098005,1.935,0.0,22,24,5,22.1218719,19.1208801
5/24/25 22:28,432,66.7945447098005,1.935,0.0,22,24,5,22.2469635,18.8766785
5/24/25 22:13,432,66.7945447098005,1.935,0.0,22,24,5,22.3720398,18.6080589
5/24/25 21:58,432,66.7945447098005,1.935,0.0,21,24,5,22.2469635,18.388279
5/24/25 21:43,432,66.7945447098005,1.935,0.0,21,24,5,22.2469635,18.3150177
5/24/25 21:28,432,66.7945447098005,1.935,0.0,21,24,5,22.2469635,18.4126987
5/24/25 21:13,432,66.7945447098005,1.935,0.0,21,24,5,22.1844177,18.4371185
5/24/25 20:58,432,66.7945447098005,1.935,0.0,20,24,5,22.1844177,18.4859581
5/24/25 20:43,432,66.7945447098005,1.935,0.0,20,24,5,22.1844177,18.5103779
5/24/25 20:28,432,66.7945447098005,1.935,0.0,20,24,5,22.1218719,18.551218
5/24/25 20:13,432,66.7945447098005,1.935,0.0,20,24,5,22.0593414,18.5592194
5/24/25 19:58,432,66.7945447098005,1.935,0.0,19,24,5,21.9342499,18.5836391
5/24/25 19:43,432,66.7945447098005,1.935,0.0,19,24,5,21.8717194,18.9010983
5/24/25 19:28,432,66.7945447098005,1.935,0.0,19,24,5,22.309494,18.7057381
5/24/25 19:13,432,66.7945447098005,1.935,0.0,19,24,5,22.2469635,18.7057381
5/24/25 18:58,432,66.7945447098005,1.935,0.0,18,24,5,22.1844177,18.7057381
5/24/25 18:43,432,66.7945447098005,1.935,0.0,18,24,5,21.9967957,18.6568985
5/24/25 18:28,432,66.7945447098005,1.935,0.0,18,24,5,21.8091736,18.7301598
5/24/25 18:13,432,66.7945447098005,1.935,0.0,18,24,5,22.0368252,18.5347996
5/24/25 17:58,432,66.7945447098005,1.935,0.0,17,24,5,21.9967957,18.3150177
5/24/25 17:43,432,66.7945447098005,1.935,0.0,17,24,5,21.8717194,18.2661781
5/24/25 17:28,432,66.7945447098005,1.935,0.0,17,24,5,22.1844177,17.948719
5/24/25 17:13,432,66.7945447098005,1.935,0.0,17,24,5,21.9967957,17.7045174
5/24/25 16:58,432,66.7945447098005,1.935,0.0,16,24,5,22.1218719,17.5824184
5/24/25 16:43,432,66.7945447098005,1.935,0.0,16,24,5,22.309494,17.1428566
5/24/25 16:28,432,66.7945447098005,1.935,0.0,16,24,5,22.0593414,16.9963379
5/24/25 16:13,432,66.7945447098005,1.935,0.0,16,24,5,22.2469635,16.9474964
5/24/25 15:58,432,66.7945447098005,1.935,0.0,15,24,5,22.4345703,16.8009777
5/24/25 15:43,432,66.7945447098005,1.935,0.0,15,24,5,22.2469635,16.7521362
5/24/25 15:28,432,66.7945447098005,1.935,0.0,15,24,5,22.309494,17.4731197
5/24/25 15:13,432,66.7945447098005,1.935,0.0,15,24,5,22.3720398,18.2417583
5/24/25 14:58,432,66.7945447098005,1.935,0.0,14,24,5,22.4971161,18.6080589
5/24/25 14:43,432,66.7945447098005,1.935,0.0,14,24,5,22.5596619,19.0720387
5/24/25 14:28,432,66.7945447098005,1.935,0.0,14,24,5,22.5596619,19.242979
5/24/25 14:13,432,66.7945447098005,1.935,0.0,14,24,5,22.5596619,19.3894997
5/24/25 13:58,432,66.7945447098005,1.935,0.0,13,24,5,22.5596619,19.7558002
5/24/25 13:43,432,66.7945447098005,1.935,0.0,13,24,5,22.5596619,20.1221008
5/24/25 13:28,432,66.7945447098005,1.935,0.0,13,24,5,22.4971161,20.4639816
5/24/25 13:13,432,66.7945447098005,1.935,0.0,13,24,5,22.4345703,20.8711205
5/24/25 12:58,432,66.7945447098005,1.935,0.0,12,24,5,22.4345703,21.391943
5/24/25 12:43,432,66.7945447098005,1.935,0.0,12,24,5,22.3720398,21.8315029
5/24/25 12:28,432,66.7945447098005,1.935,0.0,12,24,5,22.3720398,22.4908428
5/24/25 12:13,432,66.7945447098005,1.935,0.0,12,24,5,22.4971161,23.3211231
5/24/25 11:58,432,66.7945447098005,1.935,0.0,11,24,5,22.7472839,24.6153851
5/24/25 11:43,432,66.7945447098005,1.935,0.0,11,24,5,22.9348907,24.7130661
5/24/25 11:28,432,66.7945447098005,1.935,0.0,11,24,5,23.1225128,24.7863255
5/24/25 11:13,432,66.7945447098005,1.935,0.0,11,24,5,23.059967,25.0061054
5/24/25 10:58,432,66.7945447098005,1.935,0.0,10,24,5,22.9348907,25.3360672
5/24/25 10:43,432,66.7945447098005,1.935,0.0,10,24,5,22.797308,25.689867
5/24/25 10:28,432,66.7945447098005,1.935,0.0,10,24,5,22.6221924,26.0317478
5/24/25 10:13,432,66.7945447098005,1.935,0.0,10,24,5,22.4345703,26.3492069
5/24/25 9:58,432,66.7945447098005,1.935,0.0,9,24,5,22.2469635,26.6178284
5/24/25 9:43,432,66.7945447098005,1.935,0.0,9,24,5,22.0593414,26.9108677
5/24/25 9:28,432,66.7945447098005,1.935,0.0,9,24,5,21.8717194,27.0573883
5/24/25 9:13,432,66.7945447098005,1.935,0.0,9,24,5,21.6840973,27.1794872
5/24/25 8:58,432,66.7945447098005,1.935,0.0,8,24,5,21.4964905,27.2527485
5/24/25 8:43,432,66.7945447098005,1.935,0.0,8,24,5,21.3088684,27.3504276
5/24/25 8:28,432,66.7945447098005,1.935,0.0,8,24,5,21.1837769,27.3992691
5/24/25 8:13,432,66.7945447098005,1.935,0.0,8,24,5,21.0587006,27.423687
5/24/25 7:58,432,66.7945447098005,1.935,0.0,7,24,5,20.9336243,27.4725266
5/24/25 7:43,432,66.7945447098005,1.935,0.0,7,24,5,20.808548,27.5457878
5/24/25 7:28,432,66.7945447098005,1.935,0.0,7,24,5,20.7460022,27.5946293
5/24/25 7:13,432,66.7945447098005,1.935,0.0,7,24,5,20.6209259,27.6190472
5/24/25 6:58,432,66.7945447098005,1.935,0.0,6,24,5,20.5583801,27.6923084
5/24/25 6:43,432,66.7945447098005,1.935,0.0,6,24,5,20.4333038,27.8632469
5/24/25 6:28,432,66.7945447098005,1.935,0.0,6,24,5,20.245697,28.1514034
5/24/25 6:13,432,66.7945447098005,1.935,0.0,6,24,5,19.9955292,28.4981689
5/24/25 5:58,432,66.7945447098005,1.935,0.0,5,24,5,19.8079071,28.0353622
5/24/25 5:43,432,66.7945447098005,1.935,0.0,5,24,5,20.3707581,25.8119659
5/24/25 5:28,432,66.7945447098005,1.935,0.0,5,24,5,20.3707581,25.7875462
5/24/25 5:13,432,66.7945447098005,1.935,0.0,5,24,5,20.3707581,25.7142849
5/24/25 4:58,432,66.7945447098005,1.935,0.0,4,24,5,20.4333038,25.6410275
5/24/25 4:43,432,66.7945447098005,1.935,0.0,4,24,5,20.4333038,25.5677662
5/24/25 4:28,432,66.7945447098005,1.935,0.0,4,24,5,20.4958496,25.4700851
5/24/25 4:13,432,66.7945447098005,1.935,0.0,4,24,5,20.4958496,25.3968258
5/24/25 3:58,432,66.7945447098005,1.935,0.0,3,24,5,20.5583801,25.3235645
5/24/25 3:43,432,66.7945447098005,1.935,0.0,3,24,5,20.6078072,25.274725
5/24/25 3:28,432,66.7945447098005,1.935,0.0,3,24,5,20.6209259,25.274725
5/24/25 3:13,432,66.7945447098005,1.935,0.0,3,24,5,20.6834564,25.1410084
5/24/25 2:58,432,66.7945447098005,1.935,0.0,2,24,5,20.7460022,25.0793648
5/24/25 2:43,432,66.7945447098005,1.935,0.0,2,24,5,20.808548,24.9572659
5/24/25 2:28,432,66.7945447098005,1.935,0.0,2,24,5,20.8710785,24.8840046
5/24/25 2:13,432,66.7945447098005,1.935,0.0,2,24,5,20.9336243,24.8107452
5/24/25 1:58,432,66.7945447098005,1.935,0.0,1,24,5,20.99617,24.7863255
5/24/25 1:43,432,66.7945447098005,1.935,0.0,1,24,5,21.0587006,24.6886444
5/24/25 1:28,432,66.7945447098005,1.935,0.0,1,24,5,21.1212463,24.59585
5/24/25 1:13,432,66.7945447098005,1.935,0.0,1,24,5,21.2463226,24.4932842
5/24/25 0:58,432,66.7945447098005,1.935,0.0,0,24,5,21.3713989,24.3611832
5/24/25 0:43,432,66.7945447098005,1.935,0.0,0,24,5,21.4339294,24.2490845
5/24/25 0:28,432,66.7945447098005,1.935,0.0,0,24,5,21.559021,24.078146
5/24/25 0:13,432,66.7945447098005,1.935,0.0,0,24,5,21.6215515,24.0048847
5/23/25 23:58,432,66.7945447098005,1.935,0.0,23,23,5,21.7466431,24.0293045
5/23/25 23:43,432,66.7945447098005,1.935,0.0,23,23,5,21.8091736,23.9072037
5/23/25 23:28,432,66.7945447098005,1.935,0.0,23,23,5,21.8717194,23.8095245
5/23/25 23:13,432,66.7945447098005,1.935,0.0,23,23,5,21.9342499,23.7851048
5/23/25 22:58,432,66.7945447098005,1.935,0.0,22,23,5,21.9967957,23.5897446
5/23/25 22:43,432,66.7945447098005,1.935,0.0,22,23,5,22.1218719,23.443224
5/23/25 22:28,432,66.7945447098005,1.935,0.0,22,23,5,22.2469635,23.3455448
5/23/25 22:13,432,66.7945447098005,1.935,0.0,22,23,5,22.4345703,23.003664
5/23/25 21:58,432,66.7945447098005,1.935,0.0,21,23,5,22.3720398,22.8571433999999
5/23/25 21:43,432,66.7945447098005,1.935,0.0,21,23,5,22.3976536,22.9059849
5/23/25 21:28,432,66.7945447098005,1.935,0.0,21,23,5,22.4345703,22.7106247
5/23/25 21:13,432,66.7945447098005,1.935,0.0,21,23,5,22.4345703,22.4420033
5/23/25 20:58,432,66.7945447098005,1.935,0.0,20,23,5,22.4345703,22.3931618
5/23/25 20:43,432,66.7945447098005,1.935,0.0,20,23,5,22.4345703,22.3199043
5/23/25 20:28,432,66.7945447098005,1.935,0.0,20,23,5,22.4345703,22.2222233
5/23/25 20:13,432,66.7945447098005,1.935,0.0,20,23,5,22.4971161,22.1733837
5/23/25 19:58,432,66.7945447098005,1.935,0.0,19,23,5,22.4345703,22.0512829
5/23/25 19:43,432,66.7945447098005,1.935,0.0,19,23,5,22.4345703,21.929184
5/23/25 19:28,432,66.7945447098005,1.935,0.0,19,23,5,22.3720398,21.9047623
5/23/25 19:13,432,66.7945447098005,1.935,0.0,19,23,5,22.309494,21.9047623
5/23/25 18:58,432,66.7945447098005,1.935,0.0,18,23,5,22.2469635,22.1733837
5/23/25 18:43,432,66.7945447098005,1.935,0.0,18,23,5,21.9342499,21.7582417
5/23/25 18:28,432,66.7945447098005,1.935,0.0,18,23,5,21.8091736,21.7338238
5/23/25 18:13,432,66.7945447098005,1.935,0.0,18,23,5,22.1218719,21.3675213
5/23/25 17:58,432,66.7945447098005,1.935,0.0,17,23,5,21.8717194,21.3431034
5/23/25 17:43,432,66.7945447098005,1.935,0.0,17,23,5,22.0224152,21.7826633
5/23/25 17:28,432,66.7945447098005,1.935,0.0,17,23,5,22.1218719,21.7094021
5/23/25 17:13,432,66.7945447098005,1.935,0.0,17,23,5,22.0593414,21.9047623
5/23/25 16:58,432,66.7945447098005,1.935,0.0,16,23,5,22.309494,21.9780235
5/23/25 16:43,432,66.7945447098005,1.935,0.0,16,23,5,22.0593414,21.9536018
5/23/25 16:28,432,66.7945447098005,1.935,0.0,16,23,5,22.3720398,22.3931618
5/23/25 16:13,432,66.7945447098005,1.935,0.0,16,23,5,22.2469635,22.2466431
5/23/25 15:58,432,66.7945447098005,1.935,0.0,15,23,5,22.0593414,22.4420033
5/23/25 15:43,432,66.7945447098005,1.935,0.0,15,23,5,22.2469635,22.4908428
5/23/25 15:28,432,66.7945447098005,1.935,0.0,15,23,5,22.5596619,22.588522
5/23/25 15:13,432,66.7945447098005,1.935,0.0,15,23,5,22.3720398,22.686203
5/23/25 14:58,432,66.7945447098005,1.935,0.0,14,23,5,22.3720398,22.8083038
5/23/25 14:43,432,66.7945447098005,1.935,0.0,14,23,5,22.3720398,22.9792423
5/23/25 14:28,432,66.7945447098005,1.935,0.0,14,23,5,22.3720398,23.2478638
5/23/25 14:13,432,66.7945447098005,1.935,0.0,14,23,5,22.309494,23.3943844
5/23/25 13:58,432,66.7945447098005,1.935,0.0,13,23,5,22.309494,23.443224
5/23/25 13:43,432,66.7945447098005,1.935,0.0,13,23,5,22.25947,23.3455448
5/23/25 13:28,432,66.7945447098005,1.935,0.0,13,23,5,22.309494,23.1990242
5/23/25 13:13,432,66.7945447098005,1.935,0.0,13,23,5,22.3720398,23.1501846
5/23/25 12:58,432,66.7945447098005,1.935,0.0,12,23,5,22.4971161,23.9316254
5/23/25 12:43,432,66.7945447098005,1.935,0.0,12,23,5,22.4971161,24.4086952
5/23/25 12:28,432,66.7945447098005,1.935,0.0,12,23,5,22.5596619,24.8840046
5/23/25 12:13,432,66.7945447098005,1.935,0.0,12,23,5,22.5596619,25.0793648
5/23/25 11:58,432,66.7945447098005,1.935,0.0,11,23,5,22.5596619,25.0793648
5/23/25 11:43,432,66.7945447098005,1.935,0.0,11,23,5,22.5596619,25.2014656
5/23/25 11:28,432,66.7945447098005,1.935,0.0,11,23,5,22.6221924,25.2014656
5/23/25 11:13,432,66.7945447098005,1.935,0.0,11,23,5,22.6221924,25.0793648
5/23/25 10:58,432,66.7945447098005,1.935,0.0,10,23,5,22.6847229,24.7619057
5/23/25 10:43,432,66.7945447098005,1.935,0.0,10,23,5,22.872345,24.5177059
5/23/25 10:28,432,66.7945447098005,1.935,0.0,10,23,5,22.872345,24.4200249
5/23/25 10:13,432,66.7945447098005,1.935,0.0,10,23,5,22.6221924,24.3956051
5/23/25 9:58,432,66.7945447098005,1.935,0.0,9,23,5,22.4345703,24.2735062
5/23/25 9:43,432,66.7945447098005,1.935,0.0,9,23,5,22.2469635,24.1758251
5/23/25 9:28,432,66.7945447098005,1.935,0.0,9,23,5,22.0593414,24.2490845
5/23/25 9:13,432,66.7945447098005,1.935,0.0,9,23,5,21.8717194,24.297924
5/23/25 8:58,432,66.7945447098005,1.935,0.0,8,23,5,21.6840973,24.297924
5/23/25 8:43,432,66.7945447098005,1.935,0.0,8,23,5,21.4339294,24.2490845
5/23/25 8:28,432,66.7945447098005,1.935,0.0,8,23,5,21.2463226,24.297924
5/23/25 8:13,432,66.7945447098005,1.935,0.0,8,23,5,21.0587006,24.3311348
5/23/25 7:58,432,66.7945447098005,1.935,0.0,7,23,5,20.8710785,24.3467636
5/23/25 7:43,432,66.7945447098005,1.935,0.0,7,23,5,20.6834564,24.3323479
5/23/25 7:28,432,66.7945447098005,1.935,0.0,7,23,5,20.5583801,24.3223457
5/23/25 7:13,432,66.7945447098005,1.935,0.0,7,23,5,20.4958496,24.3467636
5/23/25 6:58,432,66.7945447098005,1.935,0.0,6,23,5,20.3707581,24.3956051
5/23/25 6:43,432,66.7945447098005,1.935,0.0,6,23,5,20.245697,24.4200249
5/23/25 6:28,432,66.7945447098005,1.935,0.0,6,23,5,20.058075,24.6642265
5/23/25 6:13,432,66.7945447098005,1.935,0.0,6,23,5,19.7453766,25.0549469
5/23/25 5:58,432,66.7945447098005,1.935,0.0,5,23,5,19.620285,25.5433464
5/23/25 5:43,432,66.7945447098005,1.935,0.0,5,23,5,20.3082275,24.4688663
5/23/25 5:28,432,66.7945447098005,1.935,0.0,5,23,5,20.3082275,24.4081078
5/23/25 5:13,432,66.7945447098005,1.935,0.0,5,23,5,20.3707581,24.3223457
5/23/25 4:58,432,66.7945447098005,1.935,0.0,4,23,5,20.3707581,24.2490845
5/23/25 4:43,432,66.7945447098005,1.935,0.0,4,23,5,20.4333038,24.2002449
5/23/25 4:28,432,66.7945447098005,1.935,0.0,4,23,5,20.4464226,24.1109543
5/23/25 4:13,432,66.7945447098005,1.935,0.0,4,23,5,20.4958496,24.0537243
5/23/25 3:58,432,66.7945447098005,1.935,0.0,3,23,5,20.5583801,23.9072037
5/23/25 3:43,432,66.7945447098005,1.935,0.0,3,23,5,20.5583801,23.8339443
5/23/25 3:28,432,66.7945447098005,1.935,0.0,3,23,5,20.6209259,23.8095245
5/23/25 3:13,432,66.7945447098005,1.935,0.0,3,23,5,20.6834564,23.6942616
5/23/25 2:58,432,66.7945447098005,1.935,0.0,2,23,5,20.7460022,23.540905
5/23/25 2:43,432,66.7945447098005,1.935,0.0,2,23,5,20.7460022,23.5461178
5/23/25 2:28,432,66.7945447098005,1.935,0.0,2,23,5,20.808548,23.4188042
5/23/25 2:13,432,66.7945447098005,1.935,0.0,2,23,5,20.8710785,23.3455448
5/23/25 1:58,432,66.7945447098005,1.935,0.0,1,23,5,20.9336243,23.2478638
5/23/25 1:43,432,66.7945447098005,1.935,0.0,1,23,5,20.99617,23.1257629
5/23/25 1:28,432,66.7945447098005,1.935,0.0,1,23,5,21.1212463,23.0525036
5/23/25 1:13,432,66.7945447098005,1.935,0.0,1,23,5,21.1837769,23.003664
5/23/25 0:58,432,66.7945447098005,1.935,0.0,0,23,5,21.2463226,22.9059849
5/23/25 0:43,432,66.7945447098005,1.935,0.0,0,23,5,21.3713989,22.7594643
5/23/25 0:28,432,66.7945447098005,1.935,0.0,0,23,5,21.4964905,22.686203
5/23/25 0:13,432,66.7945447098005,1.935,0.0,0,23,5,21.559021,22.6129436
5/22/25 23:58,432,66.7945447098005,1.935,0.0,23,22,5,21.559021,22.5782795
5/22/25 23:43,432,66.7945447098005,1.935,0.0,23,22,5,21.6215515,22.5152645
5/22/25 23:28,432,66.7945447098005,1.935,0.0,23,22,5,21.6840973,22.3931618
5/22/25 23:13,432,66.7945447098005,1.935,0.0,23,22,5,21.7466431,22.1245441
5/22/25 22:58,432,66.7945447098005,1.935,0.0,22,22,5,21.8091736,22.1245441
5/22/25 22:43,432,66.7945447098005,1.935,0.0,22,22,5,21.8717194,21.9047623
5/22/25 22:28,432,66.7945447098005,1.935,0.0,22,22,5,21.9967957,21.5628815
5/22/25 22:13,432,66.7945447098005,1.935,0.0,22,22,5,22.1218719,21.2454224
5/22/25 21:58,432,66.7945447098005,1.935,0.0,21,22,5,22.0593414,20.952383
5/22/25 21:43,432,66.7945447098005,1.935,0.0,21,22,5,22.1218719,20.7814407
5/22/25 21:28,432,66.7945447098005,1.935,0.0,21,22,5,22.1218719,20.6837616
5/22/25 21:13,432,66.7945447098005,1.935,0.0,21,22,5,22.1218719,20.6593418
5/22/25 20:58,432,66.7945447098005,1.935,0.0,20,22,5,21.9967957,20.6105022
5/22/25 20:43,432,66.7945447098005,1.935,0.0,20,22,5,21.8717194,20.6593418
5/22/25 20:28,432,66.7945447098005,1.935,0.0,20,22,5,21.8717194,20.7326012
5/22/25 20:13,432,66.7945447098005,1.935,0.0,20,22,5,22.2469635,20.2930412
5/22/25 19:58,432,66.7945447098005,1.935,0.0,19,22,5,22.2469635,20.1953602
5/22/25 19:43,432,66.7945447098005,1.935,0.0,19,22,5,22.2469635,20.1465206
5/22/25 19:28,432,66.7945447098005,1.935,0.0,19,22,5,22.1844177,20.0488396
5/22/25 19:13,432,66.7945447098005,1.935,0.0,19,22,5,22.0593414,20.0244217
5/22/25 18:58,432,66.7945447098005,1.935,0.0,18,22,5,21.8717194,20.0244217
5/22/25 18:43,432,66.7945447098005,1.935,0.0,18,22,5,21.8091736,20.1953602
5/22/25 18:28,432,66.7945447098005,1.935,0.0,18,22,5,22.1844177,19.7558002
5/22/25 18:13,432,66.7945447098005,1.935,0.0,18,22,5,21.9967957,19.682539
5/22/25 17:58,432,66.7945447098005,1.935,0.0,17,22,5,21.8091736,19.78022
5/22/25 17:43,432,66.7945447098005,1.935,0.0,17,22,5,22.0593414,19.4139194
5/22/25 17:28,432,66.7945447098005,1.935,0.0,17,22,5,21.7466431,19.3406601
5/22/25 17:13,432,66.7945447098005,1.935,0.0,17,22,5,22.0593414,19.0720387
5/22/25 16:58,432,66.7945447098005,1.935,0.0,16,22,5,21.8717194,18.9255199
5/22/25 16:43,432,66.7945447098005,1.935,0.0,16,22,5,22.1844177,18.7301598
5/22/25 16:28,432,66.7945447098005,1.935,0.0,16,22,5,22.0593414,18.4859581
5/22/25 16:13,432,66.7945447098005,1.935,0.0,16,22,5,22.1218719,18.5103779
5/22/25 15:58,432,66.7945447098005,1.935,0.0,15,22,5,22.3720398,18.5592194
5/22/25 15:43,432,66.7945447098005,1.935,0.0,15,22,5,22.0593414,18.5592194
5/22/25 15:28,432,66.7945447098005,1.935,0.0,15,22,5,22.1218719,18.7789993
5/22/25 15:13,432,66.7945447098005,1.935,0.0,15,22,5,22.3720398,18.8278389
5/22/25 14:58,432,66.7945447098005,1.935,0.0,14,22,5,22.3720398,18.8522587
5/22/25 14:43,432,66.7945447098005,1.935,0.0,14,22,5,22.1844177,18.8766785
5/22/25 14:28,432,66.7945447098005,1.935,0.0,14,22,5,22.1844177,19.0187836
5/22/25 14:13,432,66.7945447098005,1.935,0.0,14,22,5,22.2469635,19.1697197
5/22/25 13:58,432,66.7945447098005,1.935,0.0,13,22,5,22.1844177,19.2185593
5/22/25 13:43,432,66.7945447098005,1.935,0.0,13,22,5,22.1844177,19.242979
5/22/25 13:28,432,66.7945447098005,1.935,0.0,13,22,5,22.1844177,19.2673988
5/22/25 13:13,432,66.7945447098005,1.935,0.0,13,22,5,22.309494,19.4871788
5/22/25 12:58,432,66.7945447098005,1.935,0.0,12,22,5,22.309494,19.8534794
5/22/25 12:43,432,66.7945447098005,1.935,0.0,12,22,5,22.3720398,20.2441998
5/22/25 12:28,432,66.7945447098005,1.935,0.0,12,22,5,22.3720398,20.6349201
5/22/25 12:13,432,66.7945447098005,1.935,0.0,12,22,5,22.4345703,21.1721611
5/22/25 11:58,432,66.7945447098005,1.935,0.0,11,22,5,22.4971161,21.6605625
5/22/25 11:43,432,66.7945447098005,1.935,0.0,11,22,5,22.5596619,22.478714
5/22/25 11:28,432,66.7945447098005,1.935,0.0,11,22,5,22.6221924,23.1990242
5/22/25 11:13,432,66.7945447098005,1.935,0.0,11,22,5,22.8098145,23.9804649
5/22/25 10:58,432,66.7945447098005,1.935,0.0,10,22,5,22.8098145,23.7606831
5/22/25 10:43,432,66.7945447098005,1.935,0.0,10,22,5,22.6847229,23.5897446
5/22/25 10:28,432,66.7945447098005,1.935,0.0,10,22,5,22.8098145,23.443224
5/22/25 10:13,432,66.7945447098005,1.935,0.0,10,22,5,22.6847229,23.3699627
5/22/25 9:58,432,66.7945447098005,1.935,0.0,9,22,5,22.4345703,23.3211231
5/22/25 9:43,432,66.7945447098005,1.935,0.0,9,22,5,22.1844177,23.0769234
5/22/25 9:28,432,66.7945447098005,1.935,0.0,9,22,5,21.9967957,23.1257629
5/22/25 9:13,432,66.7945447098005,1.935,0.0,9,22,5,21.7466431,23.1501846
5/22/25 8:58,432,66.7945447098005,1.935,0.0,8,22,5,21.559021,23.1990242
5/22/25 8:43,432,66.7945447098005,1.935,0.0,8,22,5,21.4339294,23.1990242
5/22/25 8:28,432,66.7945447098005,1.935,0.0,8,22,5,21.2463226,23.2967052
5/22/25 8:13,432,66.7945447098005,1.935,0.0,8,22,5,21.1212463,23.3699627
5/22/25 7:58,432,66.7945447098005,1.935,0.0,7,22,5,20.9336243,23.5653229
5/22/25 7:43,432,66.7945447098005,1.935,0.0,7,22,5,20.7460022,23.7118435
5/22/25 7:28,432,66.7945447098005,1.935,0.0,7,22,5,20.5583801,23.9316254
5/22/25 7:13,432,66.7945447098005,1.935,0.0,7,22,5,20.4333038,24.0701447
5/22/25 6:58,432,66.7945447098005,1.935,0.0,6,22,5,20.3082275,24.1758251
5/22/25 6:43,432,66.7945447098005,1.935,0.0,6,22,5,20.1206055,24.2735062
5/22/25 6:28,432,66.7945447098005,1.935,0.0,6,22,5,19.9329834,24.4688663
5/22/25 6:13,432,66.7945447098005,1.935,0.0,6,22,5,19.6828308,24.9328442
5/22/25 5:58,432,66.7945447098005,1.935,0.0,5,22,5,19.5452461,25.9829063
5/22/25 5:43,432,66.7945447098005,1.935,0.0,5,22,5,20.183136,25.6166058
5/22/25 5:28,432,66.7945447098005,1.935,0.0,5,22,5,20.183136,25.5433464
5/22/25 5:13,432,66.7945447098005,1.935,0.0,5,22,5,20.245697,25.4456673
5/22/25 4:58,432,66.7945447098005,1.935,0.0,4,22,5,20.245697,25.372406
5/22/25 4:43,432,66.7945447098005,1.935,0.0,4,22,5,20.245697,25.3235645
5/22/25 4:28,432,66.7945447098005,1.935,0.0,4,22,5,20.3082275,25.2421131
5/22/25 4:13,432,66.7945447098005,1.935,0.0,4,22,5,20.3082275,25.1770458
5/22/25 3:58,432,66.7945447098005,1.935,0.0,3,22,5,20.3707581,25.0549469
5/22/25 3:43,432,66.7945447098005,1.935,0.0,3,22,5,20.3707581,25.0061054
5/22/25 3:28,432,66.7945447098005,1.935,0.0,3,22,5,20.4333038,24.9572659
5/22/25 3:13,432,66.7945447098005,1.935,0.0,3,22,5,20.4333038,24.8840046
5/22/25 2:58,432,66.7945447098005,1.935,0.0,2,22,5,20.4958496,24.7130661
5/22/25 2:43,432,66.7945447098005,1.935,0.0,2,22,5,20.5583801,24.6398048
5/22/25 2:28,432,66.7945447098005,1.935,0.0,2,22,5,20.5583801,24.5421238
5/22/25 2:13,432,66.7945447098005,1.935,0.0,2,22,5,20.6209259,24.4688663
5/22/25 1:58,432,66.7945447098005,1.935,0.0,1,22,5,20.6834564,24.3956051
5/22/25 1:43,432,66.7945447098005,1.935,0.0,1,22,5,20.7460022,24.3711853
5/22/25 1:28,432,66.7945447098005,1.935,0.0,1,22,5,20.808548,24.1514034
5/22/25 1:13,432,66.7945447098005,1.935,0.0,1,22,5,20.8710785,24.1025639
5/22/25 0:58,432,66.7945447098005,1.935,0.0,0,22,5,20.9336243,24.0048847
5/22/25 0:43,432,66.7945447098005,1.935,0.0,0,22,5,20.99617,23.8583641
5/22/25 0:28,432,66.7945447098005,1.935,0.0,0,22,5,21.0587006,23.7362652
5/22/25 0:13,432,66.7945447098005,1.935,0.0,0,22,5,21.1212463,23.6874256
5/21/25 23:58,432,66.7945447098005,1.935,0.0,23,21,5,21.2463226,23.5897446
5/21/25 23:43,432,66.7945447098005,1.935,0.0,23,21,5,21.3088684,23.443224
5/21/25 23:28,432,66.7945447098005,1.935,0.0,23,21,5,21.4339294,23.2967052
5/21/25 23:13,432,66.7945447098005,1.935,0.0,23,21,5,21.4964905,23.2722836
5/21/25 22:58,432,66.7945447098005,1.935,0.0,22,21,5,21.6215515,22.7350426
5/21/25 22:43,432,66.7945447098005,1.935,0.0,22,21,5,21.8091736,22.6129436
5/21/25 22:28,432,66.7945447098005,1.935,0.0,22,21,5,21.9342499,22.466423
5/21/25 22:13,432,66.7945447098005,1.935,0.0,22,21,5,22.0898552,22.2466431
5/21/25 21:58,432,66.7945447098005,1.935,0.0,21,21,5,22.0593414,21.7582417
5/21/25 21:43,432,66.7945447098005,1.935,0.0,21,21,5,22.0593414,21.611721
5/21/25 21:28,432,66.7945447098005,1.935,0.0,21,21,5,22.0593414,21.4652023
5/21/25 21:13,432,66.7945447098005,1.935,0.0,21,21,5,22.1218719,21.2942619
5/21/25 20:58,432,66.7945447098005,1.935,0.0,20,21,5,22.1218719,21.1965828
5/21/25 20:43,432,66.7945447098005,1.935,0.0,20,21,5,22.0593414,21.1721611
5/21/25 20:28,432,66.7945447098005,1.935,0.0,20,21,5,22.0593414,21.1477432
5/21/25 20:13,432,66.7945447098005,1.935,0.0,20,21,5,22.0593414,21.074482
5/21/25 19:58,432,66.7945447098005,1.935,0.0,19,21,5,21.9967957,21.0500622
5/21/25 19:43,432,66.7945447098005,1.935,0.0,19,21,5,21.8091736,21.0500622
5/21/25 19:28,432,66.7945447098005,1.935,0.0,19,21,5,21.8717194,21.1477432
5/21/25 19:13,432,66.7945447098005,1.935,0.0,19,21,5,21.8091736,21.0989017
5/21/25 18:58,432,66.7945447098005,1.935,0.0,18,21,5,21.8717194,21.4407825
5/21/25 18:43,432,66.7945447098005,1.935,0.0,18,21,5,21.8091736,21.5873032
5/21/25 18:28,432,66.7945447098005,1.935,0.0,18,21,5,21.8091736,21.9047623
5/21/25 18:13,432,66.7945447098005,1.935,0.0,18,21,5,21.7466431,21.9536018
5/21/25 17:58,432,66.7945447098005,1.935,0.0,17,21,5,21.9342499,22.1245441
5/21/25 17:43,432,66.7945447098005,1.935,0.0,17,21,5,21.7466431,22.1978016
5/21/25 17:28,432,66.7945447098005,1.935,0.0,17,21,5,21.8717194,22.0024414
5/21/25 17:13,432,66.7945447098005,1.935,0.0,17,21,5,21.7466431,21.8070812
5/21/25 16:58,432,66.7945447098005,1.935,0.0,16,21,5,21.8717194,21.3675213
5/21/25 16:43,432,66.7945447098005,1.935,0.0,16,21,5,22.1844177,21.0131378
5/21/25 16:28,432,66.7945447098005,1.935,0.0,16,21,5,22.1680202,21.0989017
5/21/25 16:13,432,66.7945447098005,1.935,0.0,16,21,5,22.1844177,21.0012226
5/21/25 15:58,432,66.7945447098005,1.935,0.0,15,21,5,22.1844177,21.1233215
5/21/25 15:43,432,66.7945447098005,1.935,0.0,15,21,5,22.1218719,21.3675213
5/21/25 15:28,432,66.7945447098005,1.935,0.0,15,21,5,22.1218719,21.5873032
5/21/25 15:13,432,66.7945447098005,1.935,0.0,15,21,5,22.1218719,21.6849823
5/21/25 14:58,432,66.7945447098005,1.935,0.0,14,21,5,22.1218719,21.9780235
5/21/25 14:43,432,66.7945447098005,1.935,0.0,14,21,5,22.1844177,22.148962
5/21/25 14:28,432,66.7945447098005,1.935,0.0,14,21,5,22.2674541,22.7106247
5/21/25 14:13,432,66.7945447098005,1.935,0.0,14,21,5,22.3845463,22.9792423
5/21/25 13:58,432,66.7945447098005,1.935,0.0,13,21,5,22.3720398,23.4188042
5/21/25 13:43,432,66.7945447098005,1.935,0.0,13,21,5,22.4345703,23.7606831
5/21/25 13:28,432,66.7945447098005,1.935,0.0,13,21,5,22.6221924,24.1856575
5/21/25 13:13,432,66.7945447098005,1.935,0.0,13,21,5,22.6847229,23.6874256
5/21/25 12:58,432,66.7945447098005,1.935,0.0,12,21,5,22.5596619,23.7118435
5/21/25 12:43,432,66.7945447098005,1.935,0.0,12,21,5,22.4345703,23.8827858
5/21/25 12:28,432,66.7945447098005,1.935,0.0,12,21,5,22.4181786,23.8583641
5/21/25 12:13,432,66.7945447098005,1.935,0.0,12,21,5,22.3720398,23.9072037
5/21/25 11:58,432,66.7945447098005,1.935,0.0,11,21,5,22.4345703,23.8583641
5/21/25 11:43,432,66.7945447098005,1.935,0.0,11,21,5,22.4971161,23.9197063
5/21/25 11:28,432,66.7945447098005,1.935,0.0,11,21,5,22.6847229,24.0048847
5/21/25 11:13,432,66.7945447098005,1.935,0.0,11,21,5,22.6221924,24.1269855
5/21/25 10:58,432,66.7945447098005,1.935,0.0,10,21,5,22.4345703,24.1758251
5/21/25 10:43,432,66.7945447098005,1.935,0.0,10,21,5,22.1844177,24.1514034
5/21/25 10:28,432,66.7945447098005,1.935,0.0,10,21,5,22.0593414,24.078146
5/21/25 10:13,432,66.7945447098005,1.935,0.0,10,21,5,21.8717194,23.8827858
5/21/25 9:58,432,66.7945447098005,1.935,0.0,9,21,5,21.7466431,23.8339443
5/21/25 9:43,432,66.7945447098005,1.935,0.0,9,21,5,21.6215515,23.7362652
5/21/25 9:28,432,66.7945447098005,1.935,0.0,9,21,5,21.4964905,23.6874256
5/21/25 9:13,432,66.7945447098005,1.935,0.0,9,21,5,21.3713989,23.6385841
5/21/25 8:58,432,66.7945447098005,1.935,0.0,8,21,5,21.2463226,23.4760609
5/21/25 8:43,432,66.7945447098005,1.935,0.0,8,21,5,21.0587006,23.3943844
5/21/25 8:28,432,66.7945447098005,1.935,0.0,8,21,5,20.9336243,23.443224
5/21/25 8:13,432,66.7945447098005,1.935,0.0,8,21,5,20.9336243,23.4920654
5/21/25 7:58,432,66.7945447098005,1.935,0.0,7,21,5,20.8710785,23.4920654
5/21/25 7:43,432,66.7945447098005,1.935,0.0,7,21,5,20.808548,23.5164833
5/21/25 7:28,432,66.7945447098005,1.935,0.0,7,21,5,20.808548,23.5653229
5/21/25 7:13,432,66.7945447098005,1.935,0.0,7,21,5,20.7460022,23.5897446
5/21/25 6:58,432,66.7945447098005,1.935,0.0,6,21,5,20.6834564,23.6385841
5/21/25 6:43,432,66.7945447098005,1.935,0.0,6,21,5,20.6045284,23.6874256
5/21/25 6:28,432,66.7945447098005,1.935,0.0,6,21,5,20.4333038,23.7851048
5/21/25 6:13,432,66.7945447098005,1.935,0.0,6,21,5,20.245697,24.2002449
5/21/25 5:58,432,66.7945447098005,1.935,0.0,5,21,5,19.9955292,25.2258854
5/21/25 5:43,432,66.7945447098005,1.935,0.0,5,21,5,20.6209259,24.9084263
5/21/25 5:28,432,66.7945447098005,1.935,0.0,5,21,5,20.6209259,24.8595867
5/21/25 5:13,432,66.7945447098005,1.935,0.0,5,21,5,20.6209259,24.7619057
5/21/25 4:58,432,66.7945447098005,1.935,0.0,4,21,5,20.6209259,24.7863255
5/21/25 4:43,432,66.7945447098005,1.935,0.0,4,21,5,20.6209259,24.6642265
5/21/25 4:28,432,66.7945447098005,1.935,0.0,4,21,5,20.6834564,24.5421238
5/21/25 4:13,432,66.7945447098005,1.935,0.0,4,21,5,20.6834564,24.4688663
5/21/25 3:58,432,66.7945447098005,1.935,0.0,3,21,5,20.6834564,24.3956051
5/21/25 3:43,432,66.7945447098005,1.935,0.0,3,21,5,20.7460022,24.3711853
5/21/25 3:28,432,66.7945447098005,1.935,0.0,3,21,5,20.7460022,24.3223457
5/21/25 3:13,432,66.7945447098005,1.935,0.0,3,21,5,20.808548,24.1758251
5/21/25 2:58,432,66.7945447098005,1.935,0.0,2,21,5,20.808548,24.1269855
5/21/25 2:43,432,66.7945447098005,1.935,0.0,2,21,5,20.808548,24.0537243
5/21/25 2:28,432,66.7945447098005,1.935,0.0,2,21,5,20.8710785,24.0048847
5/21/25 2:13,432,66.7945447098005,1.935,0.0,2,21,5,20.9336243,23.9560432
5/21/25 1:58,432,66.7945447098005,1.935,0.0,1,21,5,20.9336243,23.8339443
5/21/25 1:43,432,66.7945447098005,1.935,0.0,1,21,5,20.99617,23.7362652
5/21/25 1:28,432,66.7945447098005,1.935,0.0,1,21,5,20.99617,23.6874256
5/21/25 1:13,432,66.7945447098005,1.935,0.0,1,21,5,21.0587006,23.540905
5/21/25 0:58,432,66.7945447098005,1.935,0.0,0,21,5,21.1212463,23.443224
5/21/25 0:43,432,66.7945447098005,1.935,0.0,0,21,5,21.1632862,23.443224
5/21/25 0:28,432,66.7945447098005,1.935,0.0,0,21,5,21.2463226,23.2722836
5/21/25 0:13,432,66.7945447098005,1.935,0.0,0,21,5,21.3088684,23.1501846
5/20/25 23:58,432,66.7945447098005,1.935,0.0,23,20,5,21.3713989,23.0525036
5/20/25 23:43,432,66.7945447098005,1.935,0.0,23,20,5,21.4339294,22.8815632
5/20/25 23:28,432,66.7945447098005,1.935,0.0,23,20,5,21.559021,22.7958012
5/20/25 23:13,432,66.7945447098005,1.935,0.0,23,20,5,21.6215515,22.5641041
5/20/25 22:58,432,66.7945447098005,1.935,0.0,22,20,5,21.7466431,22.4175835
5/20/25 22:43,432,66.7945447098005,1.935,0.0,22,20,5,21.8717194,22.0757027
5/20/25 22:28,432,66.7945447098005,1.935,0.0,22,20,5,22.0593414,21.9047623
5/20/25 22:13,432,66.7945447098005,1.935,0.0,22,20,5,22.2469635,21.611721
5/20/25 21:58,432,66.7945447098005,1.935,0.0,21,20,5,22.2469635,21.4652023
5/20/25 21:43,432,66.7945447098005,1.935,0.0,21,20,5,22.2469635,21.4896221
5/20/25 21:28,432,66.7945447098005,1.935,0.0,21,20,5,22.2469635,21.4896221
5/20/25 21:13,432,66.7945447098005,1.935,0.0,21,20,5,22.309494,21.4163609
5/20/25 20:58,432,66.7945447098005,1.935,0.0,20,20,5,22.309494,21.4163609
5/20/25 20:43,432,66.7945447098005,1.935,0.0,20,20,5,22.3720398,21.3675213
5/20/25 20:28,432,66.7945447098005,1.935,0.0,20,20,5,22.3720398,21.391943
5/20/25 20:13,432,66.7945447098005,1.935,0.0,20,20,5,22.3720398,21.4163609
5/20/25 19:58,432,66.7945447098005,1.935,0.0,19,20,5,22.3720398,21.4407825
5/20/25 19:43,432,66.7945447098005,1.935,0.0,19,20,5,22.4345703,21.4652023
5/20/25 19:28,432,66.7945447098005,1.935,0.0,19,20,5,22.4345703,21.5140419
5/20/25 19:13,432,66.7945447098005,1.935,0.0,19,20,5,22.4345703,21.4652023
5/20/25 18:58,432,66.7945447098005,1.935,0.0,18,20,5,22.4345703,21.5628815
5/20/25 18:43,432,66.7945447098005,1.935,0.0,18,20,5,22.4345703,21.5873032
5/20/25 18:28,432,66.7945447098005,1.935,0.0,18,20,5,22.4345703,21.5753841
5/20/25 18:13,432,66.7945447098005,1.935,0.0,18,20,5,22.4345703,21.6605625
5/20/25 17:58,432,66.7945447098005,1.935,0.0,17,20,5,22.3720398,21.7338238
5/20/25 17:43,432,66.7945447098005,1.935,0.0,17,20,5,22.309494,21.7582417
5/20/25 17:28,432,66.7945447098005,1.935,0.0,17,20,5,22.0593414,21.9536018
5/20/25 17:13,432,66.7945447098005,1.935,0.0,17,20,5,22.309494,23.003664
5/20/25 16:58,432,66.7945447098005,1.935,0.0,16,20,5,22.6847229,23.6141644
5/20/25 16:43,432,66.7945447098005,1.935,0.0,16,20,5,22.6847229,23.7118435
5/20/25 16:28,432,66.7945447098005,1.935,0.0,16,20,5,22.6847229,23.8095245
5/20/25 16:13,432,66.7945447098005,1.935,0.0,16,20,5,22.6847229,23.8827858
5/20/25 15:58,432,66.7945447098005,1.935,0.0,15,20,5,22.6847229,23.8827858
5/20/25 15:43,432,66.7945447098005,1.935,0.0,15,20,5,22.6221924,23.9560432
5/20/25 15:28,432,66.7945447098005,1.935,0.0,15,20,5,22.6221924,24.0048847
5/20/25 15:13,432,66.7945447098005,1.935,0.0,15,20,5,22.6221924,24.1758251
5/20/25 14:58,432,66.7945447098005,1.935,0.0,14,20,5,22.5596619,24.2490845
5/20/25 14:43,432,66.7945447098005,1.935,0.0,14,20,5,22.4971161,24.2735062
5/20/25 14:28,432,66.7945447098005,1.935,0.0,14,20,5,22.3720398,24.3467636
5/20/25 14:13,432,66.7945447098005,1.935,0.0,14,20,5,22.2469635,24.3223457
5/20/25 13:58,432,66.7945447098005,1.935,0.0,13,20,5,22.1844177,24.2735062
5/20/25 13:43,432,66.7945447098005,1.935,0.0,13,20,5,22.1218719,24.2735062
5/20/25 13:28,432,66.7945447098005,1.935,0.0,13,20,5,22.0593414,24.2735062
5/20/25 13:13,432,66.7945447098005,1.935,0.0,13,20,5,21.9967957,24.1025639
5/20/25 12:58,432,66.7945447098005,1.935,0.0,12,20,5,21.9342499,23.9804649
5/20/25 12:43,432,66.7945447098005,1.935,0.0,12,20,5,21.9342499,23.9316254
5/20/25 12:28,432,66.7945447098005,1.935,0.0,12,20,5,21.8942299,23.8583641
5/20/25 12:13,432,66.7945447098005,1.935,0.0,12,20,5,21.8717194,23.8339443
5/20/25 11:58,432,66.7945447098005,1.935,0.0,11,20,5,21.8717194,23.8583641
5/20/25 11:43,432,66.7945447098005,1.935,0.0,11,20,5,21.8091736,23.8095245
5/20/25 11:28,432,66.7945447098005,1.935,0.0,11,20,5,21.7466431,23.8583641
5/20/25 11:13,432,66.7945447098005,1.935,0.0,11,20,5,21.6840973,23.9560432
5/20/25 10:58,432,66.7945447098005,1.935,0.0,10,20,5,21.6215515,23.7362652
5/20/25 10:43,432,66.7945447098005,1.935,0.0,10,20,5,21.559021,23.6630039
5/20/25 10:28,432,66.7945447098005,1.935,0.0,10,20,5,21.4964905,23.6385841
5/20/25 10:13,432,66.7945447098005,1.935,0.0,10,20,5,21.4339294,23.540905
5/20/25 9:58,432,66.7945447098005,1.935,0.0,9,20,5,21.3713989,23.5164833
5/20/25 9:43,432,66.7945447098005,1.935,0.0,9,20,5,21.3713989,23.3699627
5/20/25 9:28,432,66.7945447098005,1.935,0.0,9,20,5,21.2463226,23.4188042
5/20/25 9:13,432,66.7945447098005,1.935,0.0,9,20,5,21.1837769,23.3699627
5/20/25 8:58,432,66.7945447098005,1.935,0.0,8,20,5,21.1212463,23.4920654
5/20/25 8:43,432,66.7945447098005,1.935,0.0,8,20,5,21.0587006,23.3455448
5/20/25 8:28,432,66.7945447098005,1.935,0.0,8,20,5,20.99617,23.3943844
5/20/25 8:13,432,66.7945447098005,1.935,0.0,8,20,5,20.8710785,23.3699627
5/20/25 7:58,432,66.7945447098005,1.935,0.0,7,20,5,20.808548,23.2478638
5/20/25 7:43,432,66.7945447098005,1.935,0.0,7,20,5,20.6834564,23.2967052
5/20/25 7:28,432,66.7945447098005,1.935,0.0,7,20,5,20.6209259,23.3699627
5/20/25 7:13,432,66.7945447098005,1.935,0.0,7,20,5,20.4958496,23.443224
5/20/25 6:58,432,66.7945447098005,1.935,0.0,6,20,5,20.4333038,23.540905
5/20/25 6:43,432,66.7945447098005,1.935,0.0,6,20,5,20.3082275,23.6141644
5/20/25 6:28,432,66.7945447098005,1.935,0.0,6,20,5,20.1206055,23.6874256
5/20/25 6:13,432,66.7945447098005,1.935,0.0,6,20,5,19.9329834,24.066227
5/20/25 5:58,432,66.7945447098005,1.935,0.0,5,20,5,19.620285,25.4456673
5/20/25 5:43,432,66.7945447098005,1.935,0.0,5,20,5,20.3082275,25.5189247
5/20/25 5:28,432,66.7945447098005,1.935,0.0,5,20,5,20.3707581,25.3968258
5/20/25 5:13,432,66.7945447098005,1.935,0.0,5,20,5,20.3707581,25.2503071
5/20/25 4:58,432,66.7945447098005,1.935,0.0,4,20,5,20.3707581,25.2258854
5/20/25 4:43,432,66.7945447098005,1.935,0.0,4,20,5,20.4333038,25.1282043
5/20/25 4:28,432,66.7945447098005,1.935,0.0,4,20,5,20.4333038,25.0549469
5/20/25 4:13,432,66.7945447098005,1.935,0.0,4,20,5,20.4333038,25.0793648
5/20/25 3:58,432,66.7945447098005,1.935,0.0,3,20,5,20.4958496,24.9084263
5/20/25 3:43,432,66.7945447098005,1.935,0.0,3,20,5,20.4958496,24.8595867
5/20/25 3:28,432,66.7945447098005,1.935,0.0,3,20,5,20.5583801,24.737484
5/20/25 3:13,432,66.7945447098005,1.935,0.0,3,20,5,20.5583801,24.6642265
5/20/25 2:58,432,66.7945447098005,1.935,0.0,2,20,5,20.6209259,24.6398048
5/20/25 2:43,432,66.7945447098005,1.935,0.0,2,20,5,20.6209259,24.5177059
5/20/25 2:28,432,66.7945447098005,1.935,0.0,2,20,5,20.6834564,24.4444447
5/20/25 2:13,432,66.7945447098005,1.935,0.0,2,20,5,20.7460022,24.3467636
5/20/25 1:58,432,66.7945447098005,1.935,0.0,1,20,5,20.7460022,24.2735062
5/20/25 1:43,432,66.7945447098005,1.935,0.0,1,20,5,20.808548,24.1269855
5/20/25 1:28,432,66.7945447098005,1.935,0.0,1,20,5,20.8710785,24.0293045
5/20/25 1:13,432,66.7945447098005,1.935,0.0,1,20,5,20.9336243,24.0617256
5/20/25 0:58,432,66.7945447098005,1.935,0.0,0,20,5,20.9336243,23.8339443
5/20/25 0:43,432,66.7945447098005,1.935,0.0,0,20,5,21.0587006,23.8177185
5/20/25 0:28,432,66.7945447098005,1.935,0.0,0,20,5,21.1212463,23.5653229
5/20/25 0:13,432,66.7945447098005,1.935,0.0,0,20,5,21.1837769,23.5164833
5/19/25 23:58,432,66.7945447098005,1.935,0.0,23,19,5,21.2463226,23.3943844
5/19/25 23:43,432,66.7945447098005,1.935,0.0,23,19,5,21.3713989,23.3455448
5/19/25 23:28,432,66.7945447098005,1.935,0.0,23,19,5,21.4964905,23.0769234
5/19/25 23:13,432,66.7945447098005,1.935,0.0,23,19,5,21.559021,23.0769234
5/19/25 22:58,432,66.7945447098005,1.935,0.0,22,19,5,21.6840973,22.7350426
5/19/25 22:43,432,66.7945447098005,1.935,0.0,22,19,5,21.8091736,22.5152645
5/19/25 22:28,432,66.7945447098005,1.935,0.0,22,19,5,22.0593414,22.3443222
5/19/25 22:13,432,66.7945447098005,1.935,0.0,22,19,5,22.2469635,22.0512829
5/19/25 21:58,432,66.7945447098005,1.935,0.0,21,19,5,22.2469635,21.5140419
5/19/25 21:43,432,66.7945447098005,1.935,0.0,21,19,5,22.2469635,21.5140419
5/19/25 21:28,432,66.7945447098005,1.935,0.0,21,19,5,22.309494,21.5140419
5/19/25 21:13,432,66.7945447098005,1.935,0.0,21,19,5,22.309494,21.4896221
5/19/25 20:58,432,66.7945447098005,1.935,0.0,20,19,5,22.309494,21.3675213
5/19/25 20:43,432,66.7945447098005,1.935,0.0,20,19,5,22.3720398,21.3431034
5/19/25 20:28,432,66.7945447098005,1.935,0.0,20,19,5,22.309494,21.2454224
5/19/25 20:13,432,66.7945447098005,1.935,0.0,20,19,5,22.3720398,21.2210007
5/19/25 19:58,432,66.7945447098005,1.935,0.0,19,19,5,22.3720398,21.1965828
5/19/25 19:43,432,66.7945447098005,1.935,0.0,19,19,5,22.4345703,21.074482
5/19/25 19:28,432,66.7945447098005,1.935,0.0,19,19,5,22.4345703,20.9768009
5/19/25 19:13,432,66.7945447098005,1.935,0.0,19,19,5,22.4971161,20.9035416
5/19/25 18:58,432,66.7945447098005,1.935,0.0,18,19,5,22.4345703,20.8058624
5/19/25 18:43,432,66.7945447098005,1.935,0.0,18,19,5,22.4345703,20.7326012
5/19/25 18:28,432,66.7945447098005,1.935,0.0,18,19,5,22.4345703,20.6349201
5/19/25 18:13,432,66.7945447098005,1.935,0.0,18,19,5,22.309494,20.4639816
5/19/25 17:58,432,66.7945447098005,1.935,0.0,17,19,5,22.1218719,20.3663025
5/19/25 17:43,432,66.7945447098005,1.935,0.0,17,19,5,21.9967957,20.7326012
5/19/25 17:28,432,66.7945447098005,1.935,0.0,17,19,5,22.2469635,21.0989017
5/19/25 17:13,432,66.7945447098005,1.935,0.0,17,19,5,22.1218719,20.9279613
5/19/25 16:58,432,66.7945447098005,1.935,0.0,16,19,5,22.2469635,21.4163609
5/19/25 16:43,432,66.7945447098005,1.935,0.0,16,19,5,22.2469635,20.9768009
5/19/25 16:28,432,66.7945447098005,1.935,0.0,16,19,5,22.0593414,20.952383
5/19/25 16:13,432,66.7945447098005,1.935,0.0,16,19,5,22.2469635,21.5873032
5/19/25 15:58,432,66.7945447098005,1.935,0.0,15,19,5,22.3720398,21.7826633
5/19/25 15:43,432,66.7945447098005,1.935,0.0,15,19,5,22.1218719,21.6849823
5/19/25 15:28,432,66.7945447098005,1.935,0.0,15,19,5,22.1844177,22.1001225
5/19/25 15:13,432,66.7945447098005,1.935,0.0,15,19,5,22.4345703,22.3443222
5/19/25 14:58,432,66.7945447098005,1.935,0.0,14,19,5,22.2469635,22.148962
5/19/25 14:43,432,66.7945447098005,1.935,0.0,14,19,5,22.2469635,22.5152645
5/19/25 14:28,432,66.7945447098005,1.935,0.0,14,19,5,22.2469635,23.0525036
5/19/25 14:13,432,66.7945447098005,1.935,0.0,14,19,5,22.309494,23.4676437
5/19/25 13:58,432,66.7945447098005,1.935,0.0,13,19,5,22.3720398,23.8339443
5/19/25 13:43,432,66.7945447098005,1.935,0.0,13,19,5,22.3720398,24.4444447
5/19/25 13:28,432,66.7945447098005,1.935,0.0,13,19,5,22.3720398,24.737484
5/19/25 13:13,432,66.7945447098005,1.935,0.0,13,19,5,22.4971161,25.0305252
5/19/25 12:58,432,66.7945447098005,1.935,0.0,12,19,5,22.4345703,25.1532116
5/19/25 12:43,432,66.7945447098005,1.935,0.0,12,19,5,22.4345703,25.4212456
5/19/25 12:28,432,66.7945447098005,1.935,0.0,12,19,5,22.4345703,25.7387066
5/19/25 12:13,432,66.7945447098005,1.935,0.0,12,19,5,22.4345703,25.9340668
5/19/25 11:58,432,66.7945447098005,1.935,0.0,11,19,5,22.4345703,26.2026863
5/19/25 11:43,432,66.7945447098005,1.935,0.0,11,19,5,22.3720398,26.4468861
5/19/25 11:28,432,66.7945447098005,1.935,0.0,11,19,5,22.3720398,26.4957256
5/19/25 11:13,432,66.7945447098005,1.935,0.0,11,19,5,22.4345703,26.4957256
5/19/25 10:58,432,66.7945447098005,1.935,0.0,10,19,5,22.6221924,26.3736267
5/19/25 10:43,432,66.7945447098005,1.935,0.0,10,19,5,22.6847229,26.3247871
5/19/25 10:28,432,66.7945447098005,1.935,0.0,10,19,5,22.5596619,26.4713078
5/19/25 10:13,432,66.7945447098005,1.935,0.0,10,19,5,22.4345703,26.5201473
5/19/25 9:58,432,66.7945447098005,1.935,0.0,9,19,5,22.309494,26.5445671
5/19/25 9:43,432,66.7945447098005,1.935,0.0,9,19,5,22.309494,26.5201473
5/19/25 9:28,432,66.7945447098005,1.935,0.0,9,19,5,22.3199883,26.4468861
5/19/25 9:13,432,66.7945447098005,1.935,0.0,9,19,5,22.3720398,26.2759476
5/19/25 8:58,432,66.7945447098005,1.935,0.0,8,19,5,22.4971161,26.0805874
5/19/25 8:43,432,66.7945447098005,1.935,0.0,8,19,5,22.6847229,25.7875462
5/19/25 8:28,432,66.7945447098005,1.935,0.0,8,19,5,22.6221924,25.7826614
5/19/25 8:13,432,66.7945447098005,1.935,0.0,8,19,5,22.0593414,26.3736267
5/19/25 7:58,432,66.7945447098005,1.935,0.0,7,19,5,21.559021,27.3115902
5/19/25 7:43,432,66.7945447098005,1.935,0.0,7,19,5,21.3088684,27.7167282
5/19/25 7:28,432,66.7945447098005,1.935,0.0,7,19,5,20.99617,28.0341892
5/19/25 7:13,432,66.7945447098005,1.935,0.0,7,19,5,20.6834564,28.3028088
5/19/25 6:58,432,66.7945447098005,1.935,0.0,6,19,5,20.3082275,28.6691093
5/19/25 6:43,432,66.7945447098005,1.935,0.0,6,19,5,19.9955292,29.0109901
5/19/25 6:28,432,66.7945447098005,1.935,0.0,6,19,5,19.7453766,29.2307682
5/19/25 6:13,432,66.7945447098005,1.935,0.0,6,19,5,19.2450562,30.1587296
5/19/25 5:58,432,66.7945447098005,1.935,0.0,5,19,5,19.3701324,30.7448101
5/19/25 5:43,432,66.7945447098005,1.935,0.0,5,19,5,19.9329834,29.9057388
5/19/25 5:28,432,66.7945447098005,1.935,0.0,5,19,5,19.9329834,29.8168488
5/19/25 5:13,432,66.7945447098005,1.935,0.0,5,19,5,19.9955292,29.7924309
5/19/25 4:58,432,66.7945447098005,1.935,0.0,4,19,5,19.9955292,29.6947498
5/19/25 4:43,432,66.7945447098005,1.935,0.0,4,19,5,19.9955292,29.6214886
5/19/25 4:28,432,66.7945447098005,1.935,0.0,4,19,5,20.058075,29.5238094
5/19/25 4:13,432,66.7945447098005,1.935,0.0,4,19,5,20.1206055,29.4749699
5/19/25 3:58,432,66.7945447098005,1.935,0.0,3,19,5,20.183136,29.4017105
5/19/25 3:43,432,66.7945447098005,1.935,0.0,3,19,5,20.183136,29.2551899
5/19/25 3:28,432,66.7945447098005,1.935,0.0,3,19,5,20.245697,29.1868134
5/19/25 3:13,432,66.7945447098005,1.935,0.0,3,19,5,20.3082275,29.1086693
5/19/25 2:58,432,66.7945447098005,1.935,0.0,2,19,5,20.3707581,29.035408
5/19/25 2:43,432,66.7945447098005,1.935,0.0,2,19,5,20.4333038,28.9133091
5/19/25 2:28,432,66.7945447098005,1.935,0.0,2,19,5,20.4958496,28.8400478
5/19/25 2:13,432,66.7945447098005,1.935,0.0,2,19,5,20.5583801,28.6935291
5/19/25 1:58,432,66.7945447098005,1.935,0.0,1,19,5,20.6209259,28.6446877
5/19/25 1:43,432,66.7945447098005,1.935,0.0,1,19,5,20.6834564,28.4981689
5/19/25 1:28,432,66.7945447098005,1.935,0.0,1,19,5,20.7460022,28.3516483
5/19/25 1:13,432,66.7945447098005,1.935,0.0,1,19,5,20.808548,28.2735043
5/19/25 0:58,432,66.7945447098005,1.935,0.0,0,19,5,20.9336243,28.1807098
5/19/25 0:43,432,66.7945447098005,1.935,0.0,0,19,5,20.99617,28.0586071
5/19/25 0:28,432,66.7945447098005,1.935,0.0,0,19,5,21.0587006,27.960928
5/19/25 0:13,432,66.7945447098005,1.935,0.0,0,19,5,21.1212463,27.7655678
5/18/25 23:58,432,66.7945447098005,1.935,0.0,23,18,5,21.2463226,27.6678867
5/18/25 23:43,432,66.7945447098005,1.935,0.0,23,18,5,21.3713989,27.4725266
5/18/25 23:28,432,66.7945447098005,1.935,0.0,23,18,5,21.4339294,27.3260078
5/18/25 23:13,432,66.7945447098005,1.935,0.0,23,18,5,21.559021,27.2039089
5/18/25 22:58,432,66.7945447098005,1.935,0.0,22,18,5,21.6215515,26.984127
5/18/25 22:43,432,66.7945447098005,1.935,0.0,22,18,5,21.7466431,26.8376064
5/18/25 22:28,432,66.7945447098005,1.935,0.0,22,18,5,21.8717194,26.6178284
5/18/25 22:13,432,66.7945447098005,1.935,0.0,22,18,5,22.0593414,26.2759476
5/18/25 21:58,432,66.7945447098005,1.935,0.0,21,18,5,22.1218719,26.129427
5/18/25 21:43,432,66.7945447098005,1.935,0.0,21,18,5,22.1844177,26.0561657
5/18/25 21:28,432,66.7945447098005,1.935,0.0,21,18,5,22.1844177,26.0073261
5/18/25 21:13,432,66.7945447098005,1.935,0.0,21,18,5,22.1844177,25.8852272
5/18/25 20:58,432,66.7945447098005,1.935,0.0,20,18,5,22.1844177,25.7875462
5/18/25 20:43,432,66.7945447098005,1.935,0.0,20,18,5,22.1844177,25.8363876
5/18/25 20:28,432,66.7945447098005,1.935,0.0,20,18,5,22.2469635,25.7875462
5/18/25 20:13,432,66.7945447098005,1.935,0.0,20,18,5,22.1844177,25.8119659
5/18/25 19:58,432,66.7945447098005,1.935,0.0,19,18,5,22.1844177,25.8608055
5/18/25 19:43,432,66.7945447098005,1.935,0.0,19,18,5,22.1844177,25.8508034
5/18/25 19:28,432,66.7945447098005,1.935,0.0,19,18,5,22.1844177,25.8119659
5/18/25 19:13,432,66.7945447098005,1.935,0.0,19,18,5,22.1844177,25.7875462
5/18/25 18:58,432,66.7945447098005,1.935,0.0,18,18,5,22.1844177,25.7387066
5/18/25 18:43,432,66.7945447098005,1.935,0.0,18,18,5,22.1218719,25.7387066
5/18/25 18:28,432,66.7945447098005,1.935,0.0,18,18,5,22.1218719,25.7631264
5/18/25 18:13,432,66.7945447098005,1.935,0.0,18,18,5,22.1218719,25.7875462
5/18/25 17:58,432,66.7945447098005,1.935,0.0,17,18,5,22.0593414,25.9096451
5/18/25 17:43,432,66.7945447098005,1.935,0.0,17,18,5,21.9342499,25.9096451
5/18/25 17:28,432,66.7945447098005,1.935,0.0,17,18,5,21.8717194,25.9829063
5/18/25 17:13,432,66.7945447098005,1.935,0.0,17,18,5,21.8091736,25.9829063
5/18/25 16:58,432,66.7945447098005,1.935,0.0,16,18,5,21.7466431,25.9829063
5/18/25 16:43,432,66.7945447098005,1.935,0.0,16,18,5,21.559021,26.0805874
5/18/25 16:28,432,66.7945447098005,1.935,0.0,16,18,5,21.4964905,26.2515259
5/18/25 16:13,432,66.7945447098005,1.935,0.0,16,18,5,21.559021,26.227108
5/18/25 15:58,432,66.7945447098005,1.935,0.0,15,18,5,21.6215515,26.2759476
5/18/25 15:43,432,66.7945447098005,1.935,0.0,15,18,5,21.7466431,26.3247871
5/18/25 15:28,432,66.7945447098005,1.935,0.0,15,18,5,21.8717194,26.2759476
5/18/25 15:13,432,66.7945447098005,1.935,0.0,15,18,5,21.9967957,26.207571
5/18/25 14:58,432,66.7945447098005,1.935,0.0,14,18,5,22.1218719,26.1782665
5/18/25 14:43,432,66.7945447098005,1.935,0.0,14,18,5,22.3720398,26.0805874
5/18/25 14:28,432,66.7945447098005,1.935,0.0,14,18,5,22.4971161,26.0073261
5/18/25 14:13,432,66.7945447098005,1.935,0.0,14,18,5,22.4971161,25.9829063
5/18/25 13:58,432,66.7945447098005,1.935,0.0,13,18,5,22.4345703,26.0073261
5/18/25 13:43,432,66.7945447098005,1.935,0.0,13,18,5,22.3720398,25.9829063
5/18/25 13:28,432,66.7945447098005,1.935,0.0,13,18,5,22.3720398,26.0317478
5/18/25 13:13,432,66.7945447098005,1.935,0.0,13,18,5,22.3720398,25.9829063
5/18/25 12:58,432,66.7945447098005,1.935,0.0,12,18,5,22.3720398,25.9096451
5/18/25 12:43,432,66.7945447098005,1.935,0.0,12,18,5,22.3720398,25.9340668
5/18/25 12:28,432,66.7945447098005,1.935,0.0,12,18,5,22.3720398,26.0317478
5/18/25 12:13,432,66.7945447098005,1.935,0.0,12,18,5,22.3720398,26.0805874
5/18/25 11:58,432,66.7945447098005,1.935,0.0,11,18,5,22.4714966,26.0805874
5/18/25 11:43,432,66.7945447098005,1.935,0.0,11,18,5,22.5596619,25.9340668
5/18/25 11:28,432,66.7945447098005,1.935,0.0,11,18,5,22.6221924,26.0073261
5/18/25 11:13,432,66.7945447098005,1.935,0.0,11,18,5,22.6847229,26.1538467
5/18/25 10:58,432,66.7945447098005,1.935,0.0,10,18,5,22.2469635,26.9108677
5/18/25 10:43,432,66.7945447098005,1.935,0.0,10,18,5,21.9967957,27.5457878
5/18/25 10:28,432,66.7945447098005,1.935,0.0,10,18,5,21.9342499,27.6923084
5/18/25 10:13,432,66.7945447098005,1.935,0.0,10,18,5,21.8717194,27.8437119
5/18/25 9:58,432,66.7945447098005,1.935,0.0,9,18,5,21.7466431,28.1074486
5/18/25 9:43,432,66.7945447098005,1.935,0.0,9,18,5,21.6840973,28.245966
5/18/25 9:28,432,66.7945447098005,1.935,0.0,9,18,5,21.6215515,28.4004879
5/18/25 9:13,432,66.7945447098005,1.935,0.0,9,18,5,21.559021,28.6446877
5/18/25 8:58,432,66.7945447098005,1.935,0.0,8,18,5,21.4339294,28.81563
5/18/25 8:43,432,66.7945447098005,1.935,0.0,8,18,5,21.3713989,29.035408
5/18/25 8:28,432,66.7945447098005,1.935,0.0,8,18,5,21.3713989,29.2551899
5/18/25 8:13,432,66.7945447098005,1.935,0.0,8,18,5,21.2463226,29.4993896
5/18/25 7:58,432,66.7945447098005,1.935,0.0,7,18,5,21.1837769,29.7191696
5/18/25 7:43,432,66.7945447098005,1.935,0.0,7,18,5,21.1212463,29.89011
5/18/25 7:28,432,66.7945447098005,1.935,0.0,7,18,5,20.99617,30.10989
5/18/25 7:13,432,66.7945447098005,1.935,0.0,7,18,5,20.808548,30.4029293
5/18/25 6:58,432,66.7945447098005,1.935,0.0,6,18,5,20.5583801,30.6907558
5/18/25 6:43,432,66.7945447098005,1.935,0.0,6,18,5,20.3707581,30.9890099
5/18/25 6:28,432,66.7945447098005,1.935,0.0,6,18,5,20.245697,31.0622711
5/18/25 6:13,432,66.7945447098005,1.935,0.0,6,18,5,19.7453766,32.3076935
5/18/25 5:58,432,66.7945447098005,1.935,0.0,5,18,5,19.8079071,33.772892
5/18/25 5:43,432,66.7945447098005,1.935,0.0,5,18,5,20.4333038,33.6263733
5/18/25 5:28,432,66.7945447098005,1.935,0.0,5,18,5,20.4333038,33.5286942
5/18/25 5:13,432,66.7945447098005,1.935,0.0,5,18,5,20.4958496,33.4798546
5/18/25 4:58,432,66.7945447098005,1.935,0.0,4,18,5,20.4958496,33.4310112
5/18/25 4:43,432,66.7945447098005,1.935,0.0,4,18,5,20.4958496,33.3333321
5/18/25 4:28,432,66.7945447098005,1.935,0.0,4,18,5,20.5583801,33.2600746
5/18/25 4:13,432,66.7945447098005,1.935,0.0,4,18,5,20.5583801,33.211235
5/18/25 3:58,432,66.7945447098005,1.935,0.0,3,18,5,20.5583801,33.1379738
5/18/25 3:43,432,66.7945447098005,1.935,0.0,3,18,5,20.6209259,33.0647125
5/18/25 3:28,432,66.7945447098005,1.935,0.0,3,18,5,20.6209259,32.9426117
5/18/25 3:13,432,66.7945447098005,1.935,0.0,3,18,5,20.6209259,32.8937721
5/18/25 2:58,432,66.7945447098005,1.935,0.0,2,18,5,20.6834564,32.7716751
5/18/25 2:43,432,66.7945447098005,1.935,0.0,2,18,5,20.7460022,32.6495705
5/18/25 2:28,432,66.7945447098005,1.935,0.0,2,18,5,20.808548,32.5518913
5/18/25 2:13,432,66.7945447098005,1.935,0.0,2,18,5,20.808548,32.4053726
5/18/25 1:58,432,66.7945447098005,1.935,0.0,1,18,5,20.8710785,32.2588501
5/18/25 1:43,432,66.7945447098005,1.935,0.0,1,18,5,20.9336243,32.1123314
5/18/25 1:28,432,66.7945447098005,1.935,0.0,1,18,5,20.99617,31.9658108
5/18/25 1:13,432,66.7945447098005,1.935,0.0,1,18,5,21.0587006,31.8192921
5/18/25 0:58,432,66.7945447098005,1.935,0.0,0,18,5,21.1212463,31.6727715
5/18/25 0:43,432,66.7945447098005,1.935,0.0,0,18,5,21.1837769,31.4774113
5/18/25 0:28,432,66.7945447098005,1.935,0.0,0,18,5,21.2463226,31.3797302
5/18/25 0:13,432,66.7945447098005,1.935,0.0,0,18,5,21.2463226,31.3064728
5/17/25 23:58,432,66.7945447098005,1.935,0.0,23,17,5,21.2463226,31.2087917
5/17/25 23:43,432,66.7945447098005,1.935,0.0,23,17,5,21.2463226,31.1355305
5/17/25 23:28,432,66.7945447098005,1.935,0.0,23,17,5,21.3088684,30.964592
5/17/25 23:13,432,66.7945447098005,1.935,0.0,23,17,5,21.3713989,30.7448101
5/17/25 22:58,432,66.7945447098005,1.935,0.0,22,17,5,21.4339294,30.525032
5/17/25 22:43,432,66.7945447098005,1.935,0.0,22,17,5,21.4964905,30.3785114
5/17/25 22:28,432,66.7945447098005,1.935,0.0,22,17,5,21.559021,30.2564106
5/17/25 22:13,432,66.7945447098005,1.935,0.0,22,17,5,21.6215515,29.9633694
5/17/25 21:58,432,66.7945447098005,1.935,0.0,21,17,5,21.7466431,29.6459103
5/17/25 21:43,432,66.7945447098005,1.935,0.0,21,17,5,21.7466431,29.67033
5/17/25 21:28,432,66.7945447098005,1.935,0.0,21,17,5,21.8633232,29.6294899
5/17/25 21:13,432,66.7945447098005,1.935,0.0,21,17,5,21.8717194,29.572649
5/17/25 20:58,432,66.7945447098005,1.935,0.0,20,17,5,21.9467583,29.5482311
5/17/25 20:43,432,66.7945447098005,1.935,0.0,20,17,5,22.0593414,29.5238094
5/17/25 20:28,432,66.7945447098005,1.935,0.0,20,17,5,22.1218719,29.5238094
5/17/25 20:13,432,66.7945447098005,1.935,0.0,20,17,5,22.1844177,29.4993896
5/17/25 19:58,432,66.7945447098005,1.935,0.0,19,17,5,22.309494,29.4505501
5/17/25 19:43,432,66.7945447098005,1.935,0.0,19,17,5,22.3720398,29.4261284
5/17/25 19:28,432,66.7945447098005,1.935,0.0,19,17,5,22.3804321,29.4993896
5/17/25 19:13,432,66.7945447098005,1.935,0.0,19,17,5,22.4345703,29.5482311
5/17/25 18:58,432,66.7945447098005,1.935,0.0,18,17,5,22.4345703,29.572649
5/17/25 18:43,432,66.7945447098005,1.935,0.0,18,17,5,22.4971161,29.6214886
5/17/25 18:28,432,66.7945447098005,1.935,0.0,18,17,5,22.4971161,29.67033
5/17/25 18:13,432,66.7945447098005,1.935,0.0,18,17,5,22.5596619,29.7435913
5/17/25 17:58,432,66.7945447098005,1.935,0.0,17,17,5,22.5596619,29.8656902
5/17/25 17:43,432,66.7945447098005,1.935,0.0,17,17,5,22.5596619,29.9145298
5/17/25 17:28,432,66.7945447098005,1.935,0.0,17,17,5,22.6221924,30.0122089
5/17/25 17:13,432,66.7945447098005,1.935,0.0,17,17,5,22.6221924,29.9389515
5/17/25 16:58,432,66.7945447098005,1.935,0.0,16,17,5,22.6221924,29.9438343
5/17/25 16:43,432,66.7945447098005,1.935,0.0,16,17,5,22.6221924,30.0122089
5/17/25 16:28,432,66.7945447098005,1.935,0.0,16,17,5,22.6847229,30.0854702
5/17/25 16:13,432,66.7945447098005,1.935,0.0,16,17,5,22.6847229,30.1343117
5/17/25 15:58,432,66.7945447098005,1.935,0.0,15,17,5,22.7472839,30.2564106
5/17/25 15:43,432,66.7945447098005,1.935,0.0,15,17,5,22.7472839,30.3052502
5/17/25 15:28,432,66.7945447098005,1.935,0.0,15,17,5,22.7472839,30.3785114
5/17/25 15:13,432,66.7945447098005,1.935,0.0,15,17,5,22.8098145,30.4517708
5/17/25 14:58,432,66.7945447098005,1.935,0.0,14,17,5,22.872345,30.3785114
5/17/25 14:43,432,66.7945447098005,1.935,0.0,14,17,5,22.9974365,30.1831512
5/17/25 14:28,432,66.7945447098005,1.935,0.0,14,17,5,23.059967,30.0854702
5/17/25 14:13,432,66.7945447098005,1.935,0.0,14,17,5,23.1225128,30.1587296
5/17/25 13:58,432,66.7945447098005,1.935,0.0,13,17,5,23.1225128,30.2564106
5/17/25 13:43,432,66.7945447098005,1.935,0.0,13,17,5,22.9974365,30.7366161
5/17/25 13:28,432,66.7945447098005,1.935,0.0,13,17,5,22.6847229,31.8681316
5/17/25 13:13,432,66.7945447098005,1.935,0.0,13,17,5,22.5596619,32.1367531
5/17/25 12:58,432,66.7945447098005,1.935,0.0,12,17,5,22.4971161,32.4053726
5/17/25 12:43,432,66.7945447098005,1.935,0.0,12,17,5,22.4345703,32.5030518
5/17/25 12:28,432,66.7945447098005,1.935,0.0,12,17,5,22.4345703,32.6739922
5/17/25 12:13,432,66.7945447098005,1.935,0.0,12,17,5,22.3720398,32.8937721
5/17/25 11:58,432,66.7945447098005,1.935,0.0,11,17,5,22.3720398,33.0559235
5/17/25 11:43,432,66.7945447098005,1.935,0.0,11,17,5,22.3515434,33.2356529
5/17/25 11:28,432,66.7945447098005,1.935,0.0,11,17,5,22.2469635,33.5672913
5/17/25 11:13,432,66.7945447098005,1.935,0.0,11,17,5,22.1844177,33.6996346
5/17/25 10:58,432,66.7945447098005,1.935,0.0,10,17,5,22.1218719,33.9926758
5/17/25 10:43,432,66.7945447098005,1.935,0.0,10,17,5,22.0593414,34.1391945
5/17/25 10:28,432,66.7945447098005,1.935,0.0,10,17,5,21.9967957,34.4322357
5/17/25 10:13,432,66.7945447098005,1.935,0.0,10,17,5,21.9342499,34.7008553
5/17/25 9:58,432,66.7945447098005,1.935,0.0,9,17,5,21.8717194,35.0427361
5/17/25 9:43,432,66.7945447098005,1.935,0.0,9,17,5,21.8091736,35.3357735
5/17/25 9:28,432,66.7945447098005,1.935,0.0,9,17,5,21.7466431,35.6043968
5/17/25 9:13,432,66.7945447098005,1.935,0.0,9,17,5,21.6215515,35.9218559
5/17/25 8:58,432,66.7945447098005,1.935,0.0,8,17,5,21.559021,36.2148972
5/17/25 8:43,432,66.7945447098005,1.935,0.0,8,17,5,21.4339294,36.5079346
5/17/25 8:28,432,66.7945447098005,1.935,0.0,8,17,5,21.3713989,36.8986549
5/17/25 8:13,432,66.7945447098005,1.935,0.0,8,17,5,21.2463226,37.1428566
5/17/25 7:58,432,66.7945447098005,1.935,0.0,7,17,5,21.1212463,37.533577
5/17/25 7:43,432,66.7945447098005,1.935,0.0,7,17,5,20.99617,37.9242973
5/17/25 7:28,432,66.7945447098005,1.935,0.0,7,17,5,20.8710785,38.3638573
5/17/25 7:13,432,66.7945447098005,1.935,0.0,7,17,5,20.6834564,38.9499397
5/17/25 6:58,432,66.7945447098005,1.935,0.0,6,17,5,20.4333038,39.365078
5/17/25 6:43,432,66.7945447098005,1.935,0.0,6,17,5,20.245697,39.8290596
5/17/25 6:28,432,66.7945447098005,1.935,0.0,6,17,5,19.9955292,40.3174591
5/17/25 6:13,432,66.7945447098005,1.935,0.0,6,17,5,19.4952087,42.2710609
5/17/25 5:58,432,66.7945447098005,1.935,0.0,5,17,5,19.5577545,44.5909653
5/17/25 5:43,432,66.7945447098005,1.935,0.0,5,17,5,20.058075,43.8339424
5/17/25 5:28,432,66.7945447098005,1.935,0.0,5,17,5,20.1206055,43.8583679
5/17/25 5:13,432,66.7945447098005,1.935,0.0,5,17,5,20.1206055,43.8339424
5/17/25 4:58,432,66.7945447098005,1.935,0.0,4,17,5,20.1206055,43.7851067
5/17/25 4:43,432,66.7945447098005,1.935,0.0,4,17,5,20.183136,43.6874237
5/17/25 4:28,432,66.7945447098005,1.935,0.0,4,17,5,20.183136,43.7118454
5/17/25 4:13,432,66.7945447098005,1.935,0.0,4,17,5,20.245697,43.6874237
5/17/25 3:58,432,66.7945447098005,1.935,0.0,3,17,5,20.245697,43.6141624
5/17/25 3:43,432,66.7945447098005,1.935,0.0,3,17,5,20.245697,43.6630058
5/17/25 3:28,432,66.7945447098005,1.935,0.0,3,17,5,20.245697,43.5409012
5/17/25 3:13,432,66.7945447098005,1.935,0.0,3,17,5,20.3082275,43.5409012
5/17/25 2:58,432,66.7945447098005,1.935,0.0,2,17,5,20.3082275,43.443222
5/17/25 2:43,432,66.7945447098005,1.935,0.0,2,17,5,20.3707581,43.3943863
5/17/25 2:28,432,66.7945447098005,1.935,0.0,2,17,5,20.4333038,43.3455429
5/17/25 2:13,432,66.7945447098005,1.935,0.0,2,17,5,20.4333038,43.2234421
5/17/25 1:58,432,66.7945447098005,1.935,0.0,1,17,5,20.4958496,43.1382675
5/17/25 1:43,432,66.7945447098005,1.935,0.0,1,17,5,20.5583801,43.0280838
5/17/25 1:28,432,66.7945447098005,1.935,0.0,1,17,5,20.5583801,42.9792442
5/17/25 1:13,432,66.7945447098005,1.935,0.0,1,17,5,20.6209259,42.8327217
5/17/25 0:58,432,66.7945447098005,1.935,0.0,0,17,5,20.6834564,42.6862068
5/17/25 0:43,432,66.7945447098005,1.935,0.0,0,17,5,20.7460022,42.5641022
5/17/25 0:28,432,66.7945447098005,1.935,0.0,0,17,5,20.808548,42.3931656
5/17/25 0:13,432,66.7945447098005,1.935,0.0,0,17,5,20.8710785,42.2222252
5/16/25 23:58,432,66.7945447098005,1.935,0.0,23,16,5,20.9336243,42.0757027
5/16/25 23:43,432,66.7945447098005,1.935,0.0,23,16,5,21.0587006,41.8803406
5/16/25 23:28,432,66.7945447098005,1.935,0.0,23,16,5,21.1212463,41.6117249
5/16/25 23:13,432,66.7945447098005,1.935,0.0,23,16,5,21.2463226,41.3919411
5/16/25 22:58,432,66.7945447098005,1.935,0.0,22,16,5,21.4339294,41.0256424
5/16/25 22:43,432,66.7945447098005,1.935,0.0,22,16,5,21.559021,40.6105003
5/16/25 22:28,432,66.7945447098005,1.935,0.0,22,16,5,21.8091736,40.0976791
5/16/25 22:13,432,66.7945447098005,1.935,0.0,22,16,5,22.0593414,39.4871788
5/16/25 21:58,432,66.7945447098005,1.935,0.0,21,16,5,21.9547462,39.9267387
5/16/25 21:43,432,66.7945447098005,1.935,0.0,21,16,5,21.9342499,40.2930412
5/16/25 21:28,432,66.7945447098005,1.935,0.0,21,16,5,21.9342499,40.5372429
5/16/25 21:13,432,66.7945447098005,1.935,0.0,21,16,5,21.9342499,40.9035416
5/16/25 20:58,432,66.7945447098005,1.935,0.0,20,16,5,21.8717194,41.2554245
5/16/25 20:43,432,66.7945447098005,1.935,0.0,20,16,5,21.7466431,41.6605606
5/16/25 20:28,432,66.7945447098005,1.935,0.0,20,16,5,21.559021,42.0024452
5/16/25 20:13,432,66.7945447098005,1.935,0.0,20,16,5,21.4339294,42.8571434
5/16/25 19:58,432,66.7945447098005,1.935,0.0,19,16,5,21.4339294,42.4420013
5/16/25 19:43,432,66.7945447098005,1.935,0.0,19,16,5,21.4964905,41.6117249
5/16/25 19:28,432,66.7945447098005,1.935,0.0,19,16,5,21.4964905,42.0268631
5/16/25 19:13,432,66.7945447098005,1.935,0.0,19,16,5,21.559021,42.1978035
5/16/25 18:58,432,66.7945447098005,1.935,0.0,18,16,5,21.4964905,42.4908447
5/16/25 18:43,432,66.7945447098005,1.935,0.0,18,16,5,21.559021,42.6041565
5/16/25 18:28,432,66.7945447098005,1.935,0.0,18,16,5,21.559021,42.8327217
5/16/25 18:13,432,66.7945447098005,1.935,0.0,18,16,5,21.6215515,43.1013451
5/16/25 17:58,432,66.7945447098005,1.935,0.0,17,16,5,21.6840973,43.2967033
5/16/25 17:43,432,66.7945447098005,1.935,0.0,17,16,5,21.6840973,43.5164833
5/16/25 17:28,432,66.7945447098005,1.935,0.0,17,16,5,21.7466431,43.7851067
5/16/25 17:13,432,66.7945447098005,1.935,0.0,17,16,5,21.8091736,43.9072037
5/16/25 16:58,432,66.7945447098005,1.935,0.0,16,16,5,21.8717194,43.9804649
5/16/25 16:43,432,66.7945447098005,1.935,0.0,16,16,5,21.9342499,44.2246628
5/16/25 16:28,432,66.7945447098005,1.935,0.0,16,16,5,21.8091736,44.6964607
5/16/25 16:13,432,66.7945447098005,1.935,0.0,16,16,5,21.8717194,44.6886444
5/16/25 15:58,432,66.7945447098005,1.935,0.0,15,16,5,21.9217434,44.9328461
5/16/25 15:43,432,66.7945447098005,1.935,0.0,15,16,5,21.9342499,45.1037827
5/16/25 15:28,432,66.7945447098005,1.935,0.0,15,16,5,21.9342499,45.3479881
5/16/25 15:13,432,66.7945447098005,1.935,0.0,15,16,5,21.9967957,45.4700851
5/16/25 14:58,432,66.7945447098005,1.935,0.0,14,16,5,21.9967957,45.6166077
5/16/25 14:43,432,66.7945447098005,1.935,0.0,14,16,5,21.9967957,45.9096489
5/16/25 14:28,432,66.7945447098005,1.935,0.0,14,16,5,21.9967957,46.227108
5/16/25 14:13,432,66.7945447098005,1.935,0.0,14,16,5,21.9967957,46.4957275
5/16/25 13:58,432,66.7945447098005,1.935,0.0,13,16,5,21.9967957,46.6422462
5/16/25 13:43,432,66.7945447098005,1.935,0.0,13,16,5,21.9967957,46.8620262
5/16/25 13:28,432,66.7945447098005,1.935,0.0,13,16,5,21.9342499,47.1062279
5/16/25 13:13,432,66.7945447098005,1.935,0.0,13,16,5,21.9342499,47.3748512
5/16/25 12:58,432,66.7945447098005,1.935,0.0,12,16,5,21.9342499,47.5946274
5/16/25 12:43,432,66.7945447098005,1.935,0.0,12,16,5,21.8717194,47.8144073
5/16/25 12:28,432,66.7945447098005,1.935,0.0,12,16,5,21.8717194,48.0830307
5/16/25 12:13,432,66.7945447098005,1.935,0.0,12,16,5,21.8091736,48.3028069
5/16/25 11:58,432,66.7945447098005,1.935,0.0,11,16,5,21.8091736,48.4981689
5/16/25 11:43,432,66.7945447098005,1.935,0.0,11,16,5,21.7466431,48.620266
5/16/25 11:28,432,66.7945447098005,1.935,0.0,11,16,5,21.7466431,48.6935272
5/16/25 11:13,432,66.7945447098005,1.935,0.0,11,16,5,21.7466431,48.9621506
5/16/25 10:58,432,66.7945447098005,1.935,0.0,10,16,5,21.6840973,49.2551918
5/16/25 10:43,432,66.7945447098005,1.935,0.0,10,16,5,21.7466431,49.5726509
5/16/25 10:28,432,66.7945447098005,1.935,0.0,10,16,5,21.6840973,49.89011
5/16/25 10:13,432,66.7945447098005,1.935,0.0,10,16,5,21.6840973,50.1587296
5/16/25 9:58,432,66.7945447098005,1.935,0.0,9,16,5,21.6215515,50.5494499
5/16/25 9:43,432,66.7945447098005,1.935,0.0,9,16,5,21.6215515,50.7936516
5/16/25 9:28,432,66.7945447098005,1.935,0.0,9,16,5,21.559021,51.0134315
5/16/25 9:13,432,66.7945447098005,1.935,0.0,9,16,5,21.4964905,51.3943825
5/16/25 8:58,432,66.7945447098005,1.935,0.0,8,16,5,21.4339294,51.4774132
5/16/25 8:43,432,66.7945447098005,1.935,0.0,8,16,5,21.4339294,51.6483498
5/16/25 8:28,432,66.7945447098005,1.935,0.0,8,16,5,21.4339294,51.941391
5/16/25 8:13,432,66.7945447098005,1.935,0.0,8,16,5,21.3713989,52.2832718
5/16/25 7:58,432,66.7945447098005,1.935,0.0,7,16,5,21.3713989,52.6739922
5/16/25 7:43,432,66.7945447098005,1.935,0.0,7,16,5,21.2463226,53.0647125
5/16/25 7:28,432,66.7945447098005,1.935,0.0,7,16,5,21.1837769,53.4554329
5/16/25 7:13,432,66.7945447098005,1.935,0.0,7,16,5,21.1837769,53.7240562
5/16/25 6:58,432,66.7945447098005,1.935,0.0,6,16,5,21.1212463,54.0659332
5/16/25 6:43,432,66.7945447098005,1.935,0.0,6,16,5,21.0587006,54.3833923
5/16/25 6:28,432,66.7945447098005,1.935,0.0,6,16,5,20.8710785,54.856163
5/16/25 6:13,432,66.7945447098005,1.935,0.0,6,16,5,20.6834564,55.8485947
5/16/25 5:58,432,66.7945447098005,1.935,0.0,5,16,5,20.4958496,58.5267944
5/16/25 5:43,432,66.7945447098005,1.935,0.0,5,16,5,21.0587006,57.8021965
5/16/25 5:28,432,66.7945447098005,1.935,0.0,5,16,5,21.0587006,57.8998756
5/16/25 5:13,432,66.7945447098005,1.935,0.0,5,16,5,21.0587006,57.8510399
5/16/25 4:58,432,66.7945447098005,1.935,0.0,4,16,5,21.0587006,57.8754578
5/16/25 4:43,432,66.7945447098005,1.935,0.0,4,16,5,21.0587006,57.8998756
5/16/25 4:28,432,66.7945447098005,1.935,0.0,4,16,5,21.1048489,58.0952377
5/16/25 4:13,432,66.7945447098005,1.935,0.0,4,16,5,21.0587006,58.070816
5/16/25 3:58,432,66.7945447098005,1.935,0.0,3,16,5,21.0587006,58.168499
5/16/25 3:43,432,66.7945447098005,1.935,0.0,3,16,5,21.0587006,58.1276627
5/16/25 3:28,432,66.7945447098005,1.935,0.0,3,16,5,21.1212463,58.168499
5/16/25 3:13,432,66.7945447098005,1.935,0.0,3,16,5,21.1212463,58.2173386
5/16/25 2:58,432,66.7945447098005,1.935,0.0,2,16,5,21.1212463,58.3394394
5/16/25 2:43,432,66.7945447098005,1.935,0.0,2,16,5,21.1837769,58.3394394
5/16/25 2:28,432,66.7945447098005,1.935,0.0,2,16,5,21.1837769,58.3882751
5/16/25 2:13,432,66.7945447098005,1.935,0.0,2,16,5,21.2463226,58.3394394
5/16/25 1:58,432,66.7945447098005,1.935,0.0,1,16,5,21.2463226,58.3882751
5/16/25 1:43,432,66.7945447098005,1.935,0.0,1,16,5,21.3088684,58.4127007
5/16/25 1:28,432,66.7945447098005,1.935,0.0,1,16,5,21.3088684,58.4271164
5/16/25 1:13,432,66.7945447098005,1.935,0.0,1,16,5,21.3713989,58.4615364
5/16/25 0:58,432,66.7945447098005,1.935,0.0,0,16,5,21.3713989,58.4615364
5/16/25 0:43,432,66.7945447098005,1.935,0.0,0,16,5,21.4339294,58.4371185
5/16/25 0:28,432,66.7945447098005,1.935,0.0,0,16,5,21.4964905,58.4127007
5/16/25 0:13,432,66.7945447098005,1.935,0.0,0,16,5,21.559021,58.3150215
5/15/25 23:58,432,66.7945447098005,1.935,0.0,23,15,5,21.6215515,58.2173386
5/15/25 23:43,432,66.7945447098005,1.935,0.0,23,15,5,21.6840973,58.168499
5/15/25 23:28,432,66.7945447098005,1.935,0.0,23,15,5,21.8091736,58.0952377
5/15/25 23:13,432,66.7945447098005,1.935,0.0,23,15,5,21.8717194,57.948719
5/15/25 22:58,432,66.7945447098005,1.935,0.0,22,15,5,21.9342499,57.8754578
5/15/25 22:43,432,66.7945447098005,1.935,0.0,22,15,5,22.0593414,57.6196365
5/15/25 22:28,432,66.7945447098005,1.935,0.0,22,15,5,22.1844177,57.3382187
5/15/25 22:13,432,66.7945447098005,1.935,0.0,22,15,5,22.4345703,56.9230766
5/15/25 21:58,432,66.7945447098005,1.935,0.0,21,15,5,22.3720398,57.313797
5/15/25 21:43,432,66.7945447098005,1.935,0.0,21,15,5,22.3720398,57.3870583
5/15/25 21:28,432,66.7945447098005,1.935,0.0,21,15,5,22.3720398,57.4847374
5/15/25 21:13,432,66.7945447098005,1.935,0.0,21,15,5,22.309494,57.6068344
5/15/25 20:58,432,66.7945447098005,1.935,0.0,20,15,5,22.3720398,57.5335808
5/15/25 20:43,432,66.7945447098005,1.935,0.0,20,15,5,22.3720398,57.3382187
5/15/25 20:28,432,66.7945447098005,1.935,0.0,20,15,5,22.4971161,57.313797
5/15/25 20:13,432,66.7945447098005,1.935,0.0,20,15,5,22.4971161,57.3382187
5/15/25 19:58,432,66.7945447098005,1.935,0.0,19,15,5,22.5596619,57.3870583
5/15/25 19:43,432,66.7945447098005,1.935,0.0,19,15,5,22.6221924,57.3870583
5/15/25 19:28,432,66.7945447098005,1.935,0.0,19,15,5,22.6221924,57.5824165
5/15/25 19:13,432,66.7945447098005,1.935,0.0,19,15,5,22.6221924,57.6800957
5/15/25 18:58,432,66.7945447098005,1.935,0.0,18,15,5,22.5596619,57.8266182
5/15/25 18:43,432,66.7945447098005,1.935,0.0,18,15,5,22.4971161,57.9975548
5/15/25 18:28,432,66.7945447098005,1.935,0.0,18,15,5,22.4345703,58.168499
5/15/25 18:13,432,66.7945447098005,1.935,0.0,18,15,5,22.3720398,58.3882751
5/15/25 17:58,432,66.7945447098005,1.935,0.0,17,15,5,22.2469635,59.0964622
5/15/25 17:43,432,66.7945447098005,1.935,0.0,17,15,5,21.9967957,60.21978
5/15/25 17:28,432,66.7945447098005,1.935,0.0,17,15,5,22.0593414,59.4627571
5/15/25 17:13,432,66.7945447098005,1.935,0.0,17,15,5,22.0593414,59.1208801
5/15/25 16:58,432,66.7945447098005,1.935,0.0,16,15,5,22.0593414,59.365078
5/15/25 16:43,432,66.7945447098005,1.935,0.0,16,15,5,22.0593414,59.1208801
5/15/25 16:28,432,66.7945447098005,1.935,0.0,16,15,5,22.0593414,58.5103798
5/15/25 16:13,432,66.7945447098005,1.935,0.0,16,15,5,22.0593414,58.1440773
5/15/25 15:58,432,66.7945447098005,1.935,0.0,15,15,5,22.0593414,58.168499
5/15/25 15:43,432,66.7945447098005,1.935,0.0,15,15,5,22.1218719,58.4371185
5/15/25 15:28,432,66.7945447098005,1.935,0.0,15,15,5,22.1844177,58.4803734
5/15/25 15:13,432,66.7945447098005,1.935,0.0,15,15,5,22.309494,58.4127007
5/15/25 14:58,432,66.7945447098005,1.935,0.0,14,15,5,22.3720398,58.1324615
5/15/25 14:43,432,66.7945447098005,1.935,0.0,14,15,5,22.4345703,57.0451775
5/15/25 14:28,432,66.7945447098005,1.935,0.0,14,15,5,22.4345703,56.239315
5/15/25 14:13,432,66.7945447098005,1.935,0.0,14,15,5,22.4345703,55.9218559
5/15/25 13:58,432,66.7945447098005,1.935,0.0,13,15,5,22.4345703,55.5311356
5/15/25 13:43,432,66.7945447098005,1.935,0.0,13,15,5,22.4345703,54.9938965
5/15/25 13:28,432,66.7945447098005,1.935,0.0,13,15,5,22.5596619,54.6031761
5/15/25 13:13,432,66.7945447098005,1.935,0.0,13,15,5,22.5596619,53.6752129
5/15/25 12:58,432,66.7945447098005,1.935,0.0,12,15,5,22.6221924,52.7716751
5/15/25 12:43,432,66.7945447098005,1.935,0.0,12,15,5,22.6847229,51.6099396
5/15/25 12:28,432,66.7945447098005,1.935,0.0,12,15,5,22.6847229,50.0854683
5/15/25 12:13,432,66.7945447098005,1.935,0.0,12,15,5,22.5596619,49.2202797
5/15/25 11:58,432,66.7945447098005,1.935,0.0,11,15,5,22.3720398,48.156292
5/15/25 11:43,432,66.7945447098005,1.935,0.0,11,15,5,22.2469635,47.30159
5/15/25 11:28,432,66.7945447098005,1.935,0.0,11,15,5,22.2469635,46.3980484
5/15/25 11:13,432,66.7945447098005,1.935,0.0,11,15,5,22.309494,45.4700851
5/15/25 10:58,432,66.7945447098005,1.935,0.0,10,15,5,22.5596619,43.6923065
5/15/25 10:43,432,66.7945447098005,1.935,0.0,10,15,5,22.6683311,42.9792442
5/15/25 10:28,432,66.7945447098005,1.935,0.0,10,15,5,22.5596619,42.8487244
5/15/25 10:13,432,66.7945447098005,1.935,0.0,10,15,5,22.4345703,42.6617813
5/15/25 9:58,432,66.7945447098005,1.935,0.0,9,15,5,22.309494,42.4561806
5/15/25 9:43,432,66.7945447098005,1.935,0.0,9,15,5,22.2469635,42.2954865
5/15/25 9:28,432,66.7945447098005,1.935,0.0,9,15,5,22.1218719,42.0757027
5/15/25 9:13,432,66.7945447098005,1.935,0.0,9,15,5,21.9967957,42.051281
5/15/25 8:58,432,66.7945447098005,1.935,0.0,8,15,5,21.9342499,41.8070831
5/15/25 8:43,432,66.7945447098005,1.935,0.0,8,15,5,21.8717194,41.7826614
5/15/25 8:28,432,66.7945447098005,1.935,0.0,8,15,5,21.8717194,41.8070831
5/15/25 8:13,432,66.7945447098005,1.935,0.0,8,15,5,21.8091736,41.8315048
5/15/25 7:58,432,66.7945447098005,1.935,0.0,7,15,5,21.7466431,41.929184
5/15/25 7:43,432,66.7945447098005,1.935,0.0,7,15,5,21.6215515,42.1245422
5/15/25 7:28,432,66.7945447098005,1.935,0.0,7,15,5,21.4964905,42.3443222
5/15/25 7:13,432,66.7945447098005,1.935,0.0,7,15,5,21.3713989,42.5885239
5/15/25 6:58,432,66.7945447098005,1.935,0.0,6,15,5,21.2463226,42.9548225
5/15/25 6:43,432,66.7945447098005,1.935,0.0,6,15,5,21.1212463,43.2967033
5/15/25 6:28,432,66.7945447098005,1.935,0.0,6,15,5,20.9336243,43.6874237
5/15/25 6:13,432,66.7945447098005,1.935,0.0,6,15,5,20.6834564,44.4932861
5/15/25 5:58,432,66.7945447098005,1.935,0.0,5,15,5,20.4333038,46.1245461
5/15/25 5:43,432,66.7945447098005,1.935,0.0,5,15,5,20.99617,45.0793648
5/15/25 5:28,432,66.7945447098005,1.935,0.0,5,15,5,20.99617,45.152626
5/15/25 5:13,432,66.7945447098005,1.935,0.0,5,15,5,20.99617,45.152626
5/15/25 4:58,432,66.7945447098005,1.935,0.0,4,15,5,21.0587006,45.1282082
5/15/25 4:43,432,66.7945447098005,1.935,0.0,4,15,5,21.0587006,45.152626
5/15/25 4:28,432,66.7945447098005,1.935,0.0,4,15,5,21.0587006,45.1282082
5/15/25 4:13,432,66.7945447098005,1.935,0.0,4,15,5,21.1212463,45.030529
5/15/25 3:58,432,66.7945447098005,1.935,0.0,3,15,5,21.1212463,45.0549469
5/15/25 3:43,432,66.7945447098005,1.935,0.0,3,15,5,21.1837769,45.0549469
5/15/25 3:28,432,66.7945447098005,1.935,0.0,3,15,5,21.1837769,44.9816856
5/15/25 3:13,432,66.7945447098005,1.935,0.0,3,15,5,21.2463226,44.9816856
5/15/25 2:58,432,66.7945447098005,1.935,0.0,2,15,5,21.2463226,44.8840065
5/15/25 2:43,432,66.7945447098005,1.935,0.0,2,15,5,21.3088684,44.9572678
5/15/25 2:28,432,66.7945447098005,1.935,0.0,2,15,5,21.3713989,44.9572678
5/15/25 2:13,432,66.7945447098005,1.935,0.0,2,15,5,21.4339294,44.8840065
5/15/25 1:58,432,66.7945447098005,1.935,0.0,1,15,5,21.4339294,44.9572678
5/15/25 1:43,432,66.7945447098005,1.935,0.0,1,15,5,21.4964905,44.8840065
5/15/25 1:28,432,66.7945447098005,1.935,0.0,1,15,5,21.559021,44.8840065
5/15/25 1:13,432,66.7945447098005,1.935,0.0,1,15,5,21.6215515,44.9084244
5/15/25 0:58,432,66.7945447098005,1.935,0.0,0,15,5,21.6840973,44.7863235
5/15/25 0:43,432,66.7945447098005,1.935,0.0,0,15,5,21.7466431,44.7619057
5/15/25 0:28,432,66.7945447098005,1.935,0.0,0,15,5,21.8091736,44.6398087
5/15/25 0:13,432,66.7945447098005,1.935,0.0,0,15,5,21.9342499,44.4932861
5/14/25 23:58,432,66.7945447098005,1.935,0.0,23,14,5,21.9967957,44.3711853
5/14/25 23:43,432,66.7945447098005,1.935,0.0,23,14,5,22.0593414,44.2735062
5/14/25 23:28,432,66.7945447098005,1.935,0.0,23,14,5,22.0593414,44.297924
5/14/25 23:13,432,66.7945447098005,1.935,0.0,23,14,5,22.1218719,44.3223419
5/14/25 22:58,432,66.7945447098005,1.935,0.0,22,14,5,22.1218719,44.2735062
5/14/25 22:43,432,66.7945447098005,1.935,0.0,22,14,5,22.1844177,44.175827
5/14/25 22:28,432,66.7945447098005,1.935,0.0,22,14,5,22.2469635,44.0293045
5/14/25 22:13,432,66.7945447098005,1.935,0.0,22,14,5,22.3720398,43.8827858
5/14/25 21:58,432,66.7945447098005,1.935,0.0,21,14,5,22.3720398,43.6141624
5/14/25 21:43,432,66.7945447098005,1.935,0.0,21,14,5,22.309494,43.8827858
5/14/25 21:28,432,66.7945447098005,1.935,0.0,21,14,5,22.2469635,44.2002449
5/14/25 21:13,432,66.7945447098005,1.935,0.0,21,14,5,22.1218719,44.6886444
5/14/25 20:58,432,66.7945447098005,1.935,0.0,20,14,5,21.8091736,45.5189285
5/14/25 20:43,432,66.7945447098005,1.935,0.0,20,14,5,22.0593414,45.3235664
5/14/25 20:28,432,66.7945447098005,1.935,0.0,20,14,5,22.309494,44.7374878
5/14/25 20:13,432,66.7945447098005,1.935,0.0,20,14,5,22.1134796,45.2503052
5/14/25 19:58,432,66.7945447098005,1.935,0.0,19,14,5,21.9342499,45.9340668
5/14/25 19:43,432,66.7945447098005,1.935,0.0,19,14,5,22.2469635,45.2258873
5/14/25 19:28,432,66.7945447098005,1.935,0.0,19,14,5,22.1844177,45.1037827
5/14/25 19:13,432,66.7945447098005,1.935,0.0,19,14,5,21.9967957,45.8608055
5/14/25 18:58,432,66.7945447098005,1.935,0.0,18,14,5,22.309494,45.2014656
5/14/25 18:43,432,66.7945447098005,1.935,0.0,18,14,5,21.9967957,45.8608055
5/14/25 18:28,432,66.7945447098005,1.935,0.0,18,14,5,22.1844177,45.4456673
5/14/25 18:13,432,66.7945447098005,1.935,0.0,18,14,5,22.2469635,45.2503052
5/14/25 17:58,432,66.7945447098005,1.935,0.0,17,14,5,21.9967957,45.7875443
5/14/25 17:43,432,66.7945447098005,1.935,0.0,17,14,5,22.1218719,45.4700851
5/14/25 17:28,432,66.7945447098005,1.935,0.0,17,14,5,22.3720398,44.9816856
5/14/25 17:13,432,66.7945447098005,1.935,0.0,17,14,5,22.2469635,45.3479881
5/14/25 16:58,432,66.7945447098005,1.935,0.0,16,14,5,22.309494,45.2258873
5/14/25 16:43,432,66.7945447098005,1.935,0.0,16,14,5,22.3720398,44.9572678
5/14/25 16:28,432,66.7945447098005,1.935,0.0,16,14,5,22.309494,44.6398087
5/14/25 16:13,432,66.7945447098005,1.935,0.0,16,14,5,22.309494,44.5421257
5/14/25 15:58,432,66.7945447098005,1.935,0.0,15,14,5,22.2469635,44.5665474
5/14/25 15:43,432,66.7945447098005,1.935,0.0,15,14,5,22.2469635,44.3956032
5/14/25 15:28,432,66.7945447098005,1.935,0.0,15,14,5,22.2469635,44.4200249
5/14/25 15:13,432,66.7945447098005,1.935,0.0,15,14,5,22.309494,44.2490883
5/14/25 14:58,432,66.7945447098005,1.935,0.0,14,14,5,22.3720398,44.0662308
5/14/25 14:43,432,66.7945447098005,1.935,0.0,14,14,5,22.4971161,43.8339424
5/14/25 14:28,432,66.7945447098005,1.935,0.0,14,14,5,22.5596619,43.5164833
5/14/25 14:13,432,66.7945447098005,1.935,0.0,14,14,5,22.6221924,43.3455429
5/14/25 13:58,432,66.7945447098005,1.935,0.0,13,14,5,22.6847229,42.9792442
5/14/25 13:43,432,66.7945447098005,1.935,0.0,13,14,5,22.6847229,42.5641022
5/14/25 13:28,432,66.7945447098005,1.935,0.0,13,14,5,22.6847229,42.1978035
5/14/25 13:13,432,66.7945447098005,1.935,0.0,13,14,5,22.872345,41.6605606
5/14/25 12:58,432,66.7945447098005,1.935,0.0,12,14,5,22.872345,41.3186836
5/14/25 12:43,432,66.7945447098005,1.935,0.0,12,14,5,22.9348907,41.1233253
5/14/25 12:28,432,66.7945447098005,1.935,0.0,12,14,5,22.872345,41.0988998
5/14/25 12:13,432,66.7945447098005,1.935,0.0,12,14,5,22.9348907,40.8302841
5/14/25 11:58,432,66.7945447098005,1.935,0.0,11,14,5,22.9974365,40.5372429
5/14/25 11:43,432,66.7945447098005,1.935,0.0,11,14,5,22.9348907,40.3663025
5/14/25 11:28,432,66.7945447098005,1.935,0.0,11,14,5,22.9348907,40.1953621
5/14/25 11:13,432,66.7945447098005,1.935,0.0,11,14,5,22.872345,39.9267387
5/14/25 10:58,432,66.7945447098005,1.935,0.0,10,14,5,22.9974365,39.6092796
5/14/25 10:43,432,66.7945447098005,1.935,0.0,10,14,5,22.872345,39.6825371
5/14/25 10:28,432,66.7945447098005,1.935,0.0,10,14,5,22.8098145,39.5604401
5/14/25 10:13,432,66.7945447098005,1.935,0.0,10,14,5,22.872345,39.2185593
5/14/25 9:58,432,66.7945447098005,1.935,0.0,9,14,5,22.872345,38.8522568
5/14/25 9:43,432,66.7945447098005,1.935,0.0,9,14,5,22.9348907,38.3638573
5/14/25 9:28,432,66.7945447098005,1.935,0.0,9,14,5,22.8098145,38.2905998
5/14/25 9:13,432,66.7945447098005,1.935,0.0,9,14,5,22.6221924,38.4371185
5/14/25 8:58,432,66.7945447098005,1.935,0.0,8,14,5,22.4971161,38.6568985
5/14/25 8:43,432,66.7945447098005,1.935,0.0,8,14,5,22.3720398,38.8766785
5/14/25 8:28,432,66.7945447098005,1.935,0.0,8,14,5,22.1844177,39.1697197
5/14/25 8:13,432,66.7945447098005,1.935,0.0,8,14,5,22.0593414,39.5116005
5/14/25 7:58,432,66.7945447098005,1.935,0.0,7,14,5,21.9342499,39.8534813
5/14/25 7:43,432,66.7945447098005,1.935,0.0,7,14,5,21.8091736,40.0888901
5/14/25 7:28,432,66.7945447098005,1.935,0.0,7,14,5,21.6840973,40.3907204
5/14/25 7:13,432,66.7945447098005,1.935,0.0,7,14,5,21.6215515,40.6105003
5/14/25 6:58,432,66.7945447098005,1.935,0.0,6,14,5,21.559021,40.7814407
5/14/25 6:43,432,66.7945447098005,1.935,0.0,6,14,5,21.4339294,41.0500641
5/14/25 6:28,432,66.7945447098005,1.935,0.0,6,14,5,21.2463226,41.4896202
5/14/25 6:13,432,66.7945447098005,1.935,0.0,6,14,5,21.0587006,42.2222252
5/14/25 5:58,432,66.7945447098005,1.935,0.0,5,14,5,20.808548,43.9560471
5/14/25 5:43,432,66.7945447098005,1.935,0.0,5,14,5,21.3713989,43.2967033
5/14/25 5:28,432,66.7945447098005,1.935,0.0,5,14,5,21.4339294,43.2634964
5/14/25 5:13,432,66.7945447098005,1.935,0.0,5,14,5,21.4339294,43.2967033
5/14/25 4:58,432,66.7945447098005,1.935,0.0,4,14,5,21.4964905,43.2722855
5/14/25 4:43,432,66.7945447098005,1.935,0.0,4,14,5,21.4964905,43.321125
5/14/25 4:28,432,66.7945447098005,1.935,0.0,4,14,5,21.4964905,43.2967033
5/14/25 4:13,432,66.7945447098005,1.935,0.0,4,14,5,21.559021,43.2967033
5/14/25 3:58,432,66.7945447098005,1.935,0.0,3,14,5,21.559021,43.3455429
5/14/25 3:43,432,66.7945447098005,1.935,0.0,3,14,5,21.6215515,43.321125
5/14/25 3:28,432,66.7945447098005,1.935,0.0,3,14,5,21.6840973,43.3455429
5/14/25 3:13,432,66.7945447098005,1.935,0.0,3,14,5,21.6840973,43.3455429
5/14/25 2:58,432,66.7945447098005,1.935,0.0,2,14,5,21.7466431,43.3943863
5/14/25 2:43,432,66.7945447098005,1.935,0.0,2,14,5,21.8091736,43.3367538
5/14/25 2:28,432,66.7945447098005,1.935,0.0,2,14,5,21.8091736,43.321125
5/14/25 2:13,432,66.7945447098005,1.935,0.0,2,14,5,21.8717194,43.3699646
5/14/25 1:58,432,66.7945447098005,1.935,0.0,1,14,5,21.9342499,43.321125
5/14/25 1:43,432,66.7945447098005,1.935,0.0,1,14,5,21.9967957,43.2478638
5/14/25 1:28,432,66.7945447098005,1.935,0.0,1,14,5,22.0593414,43.2722855
5/14/25 1:13,432,66.7945447098005,1.935,0.0,1,14,5,22.1218719,43.1990242
5/14/25 0:58,432,66.7945447098005,1.935,0.0,0,14,5,22.1844177,43.1990242
5/14/25 0:43,432,66.7945447098005,1.935,0.0,0,14,5,22.309494,43.1501808
5/14/25 0:28,432,66.7945447098005,1.935,0.0,0,14,5,22.3720398,43.0525017
5/14/25 0:13,432,66.7945447098005,1.935,0.0,0,14,5,22.4345703,42.9792442
5/13/25 23:58,432,66.7945447098005,1.935,0.0,23,13,5,22.4971161,42.9304047
5/13/25 23:43,432,66.7945447098005,1.935,0.0,23,13,5,22.5596619,42.9304047
5/13/25 23:28,432,66.7945447098005,1.935,0.0,23,13,5,22.6221924,42.9548225
5/13/25 23:13,432,66.7945447098005,1.935,0.0,23,13,5,22.5596619,43.0525017
5/13/25 22:58,432,66.7945447098005,1.935,0.0,22,13,5,22.5596619,43.2722855
5/13/25 22:43,432,66.7945447098005,1.935,0.0,22,13,5,22.5596619,43.443222
5/13/25 22:28,432,66.7945447098005,1.935,0.0,22,13,5,22.4345703,43.8095245
5/13/25 22:13,432,66.7945447098005,1.935,0.0,22,13,5,22.309494,44.3418808
5/13/25 21:58,432,66.7945447098005,1.935,0.0,21,13,5,21.9967957,46.1782646
5/13/25 21:43,432,66.7945447098005,1.935,0.0,21,13,5,22.2469635,45.6410255
5/13/25 21:28,432,66.7945447098005,1.935,0.0,21,13,5,21.9342499,46.5445671
5/13/25 21:13,432,66.7945447098005,1.935,0.0,21,13,5,21.9967957,46.1538467
5/13/25 20:58,432,66.7945447098005,1.935,0.0,20,13,5,22.2469635,44.7619057
5/13/25 20:43,432,66.7945447098005,1.935,0.0,20,13,5,21.9967957,45.372406
5/13/25 20:28,432,66.7945447098005,1.935,0.0,20,13,5,21.9967957,45.1770439
5/13/25 20:13,432,66.7945447098005,1.935,0.0,20,13,5,22.2469635,44.6153831
5/13/25 19:58,432,66.7945447098005,1.935,0.0,19,13,5,21.9342499,45.4456673
5/13/25 19:43,432,66.7945447098005,1.935,0.0,19,13,5,22.1218719,44.7130623
5/13/25 19:28,432,66.7945447098005,1.935,0.0,19,13,5,22.2469635,44.1914558
5/13/25 19:13,432,66.7945447098005,1.935,0.0,19,13,5,22.2469635,44.0537262
5/13/25 18:58,432,66.7945447098005,1.935,0.0,18,13,5,22.2469635,43.3047066
5/13/25 18:43,432,66.7945447098005,1.935,0.0,18,13,5,22.2469635,42.6129456
5/13/25 18:28,432,66.7945447098005,1.935,0.0,18,13,5,22.309494,41.4407845
5/13/25 18:13,432,66.7945447098005,1.935,0.0,18,13,5,22.2725773,39.6336975
5/13/25 17:58,432,66.7945447098005,1.935,0.0,17,13,5,22.1844177,38.2905998
5/13/25 17:43,432,66.7945447098005,1.935,0.0,17,13,5,22.1844177,38.1440773
5/13/25 17:28,432,66.7945447098005,1.935,0.0,17,13,5,22.1218719,38.1196556
5/13/25 17:13,432,66.7945447098005,1.935,0.0,17,13,5,22.1844177,37.9731369
5/13/25 16:58,432,66.7945447098005,1.935,0.0,16,13,5,22.2469635,37.6312561
5/13/25 16:43,432,66.7945447098005,1.935,0.0,16,13,5,22.309494,37.3626366
5/13/25 16:28,432,66.7945447098005,1.935,0.0,16,13,5,22.3720398,37.0451775
5/13/25 16:13,432,66.7945447098005,1.935,0.0,16,13,5,22.3720398,36.8253975
5/13/25 15:58,432,66.7945447098005,1.935,0.0,15,13,5,22.4345703,36.5079346
5/13/25 15:43,432,66.7945447098005,1.935,0.0,15,13,5,22.5596619,36.6056175
5/13/25 15:28,432,66.7945447098005,1.935,0.0,15,13,5,22.5596619,36.6788788
5/13/25 15:13,432,66.7945447098005,1.935,0.0,15,13,5,22.7472839,36.4102554
5/13/25 14:58,432,66.7945447098005,1.935,0.0,14,13,5,22.8098145,36.0683746
5/13/25 14:43,432,66.7945447098005,1.935,0.0,14,13,5,22.872345,36.0927963
5/13/25 14:28,432,66.7945447098005,1.935,0.0,14,13,5,22.872345,35.9562798
5/13/25 14:13,432,66.7945447098005,1.935,0.0,14,13,5,22.9184933,35.9951172
5/13/25 13:58,432,66.7945447098005,1.935,0.0,13,13,5,22.9348907,36.336998
5/13/25 13:43,432,66.7945447098005,1.935,0.0,13,13,5,22.9974365,36.2881584
5/13/25 13:28,432,66.7945447098005,1.935,0.0,13,13,5,23.059967,36.0927963
5/13/25 13:13,432,66.7945447098005,1.935,0.0,13,13,5,23.059967,36.0439568
5/13/25 12:58,432,66.7945447098005,1.935,0.0,12,13,5,23.059967,35.9462776
5/13/25 12:43,432,66.7945447098005,1.935,0.0,12,13,5,23.1225128,35.9706955
5/13/25 12:28,432,66.7945447098005,1.935,0.0,12,13,5,23.1850433,35.8485947
5/13/25 12:13,432,66.7945447098005,1.935,0.0,12,13,5,23.2475891,35.5956078
5/13/25 11:58,432,66.7945447098005,1.935,0.0,11,13,5,23.2475891,35.1892548
5/13/25 11:43,432,66.7945447098005,1.935,0.0,11,13,5,23.3101349,34.8617935
5/13/25 11:28,432,66.7945447098005,1.935,0.0,11,13,5,23.3726654,34.7008553
5/13/25 11:13,432,66.7945447098005,1.935,0.0,11,13,5,23.4352112,34.2857132
5/13/25 10:58,432,66.7945447098005,1.935,0.0,10,13,5,23.497757,34.0415154
5/13/25 10:43,432,66.7945447098005,1.935,0.0,10,13,5,23.6228333,33.7484741
5/13/25 10:28,432,66.7945447098005,1.935,0.0,10,13,5,23.7610283,32.9914513
5/13/25 10:13,432,66.7945447098005,1.935,0.0,10,13,5,23.9980774,32.0879135
5/13/25 9:58,432,66.7945447098005,1.935,0.0,9,13,5,23.9980774,31.7460327
5/13/25 9:43,432,66.7945447098005,1.935,0.0,9,13,5,24.1231384,31.3308907
5/13/25 9:28,432,66.7945447098005,1.935,0.0,9,13,5,24.1231384,31.2332115
5/13/25 9:13,432,66.7945447098005,1.935,0.0,9,13,5,23.9355164,31.2087917
5/13/25 8:58,432,66.7945447098005,1.935,0.0,8,13,5,23.7479095,31.0622711
5/13/25 8:43,432,66.7945447098005,1.935,0.0,8,13,5,23.6228333,31.2087917
5/13/25 8:28,432,66.7945447098005,1.935,0.0,8,13,5,23.4352112,31.3553123
5/13/25 8:13,432,66.7945447098005,1.935,0.0,8,13,5,23.2976265,31.501833
5/13/25 7:58,432,66.7945447098005,1.935,0.0,7,13,5,23.1225128,31.6727715
5/13/25 7:43,432,66.7945447098005,1.935,0.0,7,13,5,22.9974365,31.8192921
5/13/25 7:28,432,66.7945447098005,1.935,0.0,7,13,5,22.9348907,31.8925533
5/13/25 7:13,432,66.7945447098005,1.935,0.0,7,13,5,22.872345,31.9658108
5/13/25 6:58,432,66.7945447098005,1.935,0.0,6,13,5,22.8098145,32.0146523
5/13/25 6:43,432,66.7945447098005,1.935,0.0,6,13,5,22.7472839,32.161171
5/13/25 6:28,432,66.7945447098005,1.935,0.0,6,13,5,22.6221924,32.3321114
5/13/25 6:13,432,66.7945447098005,1.935,0.0,6,13,5,22.4345703,32.8205147
5/13/25 5:58,432,66.7945447098005,1.935,0.0,5,13,5,22.4345703,33.1379738
5/13/25 5:43,432,66.7945447098005,1.935,0.0,5,13,5,22.6847229,33.4065933
5/13/25 5:28,432,66.7945447098005,1.935,0.0,5,13,5,22.7472839,33.4310112
5/13/25 5:13,432,66.7945447098005,1.935,0.0,5,13,5,22.7472839,33.4310112
5/13/25 4:58,432,66.7945447098005,1.935,0.0,4,13,5,22.8098145,33.4310112
5/13/25 4:43,432,66.7945447098005,1.935,0.0,4,13,5,22.8098145,33.4310112
5/13/25 4:28,432,66.7945447098005,1.935,0.0,4,13,5,22.8098145,33.4310112
5/13/25 4:13,432,66.7945447098005,1.935,0.0,4,13,5,22.872345,33.4065933
5/13/25 3:58,432,66.7945447098005,1.935,0.0,3,13,5,22.9348907,33.4065933
5/13/25 3:43,432,66.7945447098005,1.935,0.0,3,13,5,22.9348907,33.3821716
5/13/25 3:28,432,66.7945447098005,1.935,0.0,3,13,5,22.9974365,33.3577538
5/13/25 3:13,432,66.7945447098005,1.935,0.0,3,13,5,22.9974365,33.3577538
5/13/25 2:58,432,66.7945447098005,1.935,0.0,2,13,5,23.059967,33.3577538
5/13/25 2:43,432,66.7945447098005,1.935,0.0,2,13,5,23.1225128,33.3333321
5/13/25 2:28,432,66.7945447098005,1.935,0.0,2,13,5,23.1850433,33.2356529
5/13/25 2:13,432,66.7945447098005,1.935,0.0,2,13,5,23.2475891,33.1868134
5/13/25 1:58,432,66.7945447098005,1.935,0.0,1,13,5,23.3101349,33.1623955
5/13/25 1:43,432,66.7945447098005,1.935,0.0,1,13,5,23.3726654,33.1135521
5/13/25 1:28,432,66.7945447098005,1.935,0.0,1,13,5,23.4352112,33.0402908
5/13/25 1:13,432,66.7945447098005,1.935,0.0,1,13,5,23.5602875,32.9426117
5/13/25 0:58,432,66.7945447098005,1.935,0.0,0,13,5,23.6228333,32.8205147
5/13/25 0:43,432,66.7945447098005,1.935,0.0,0,13,5,23.6853638,32.7228317
5/13/25 0:28,432,66.7945447098005,1.935,0.0,0,13,5,23.8104553,32.6495705
5/13/25 0:13,432,66.7945447098005,1.935,0.0,0,13,5,23.8729858,32.576313
5/12/25 23:58,432,66.7945447098005,1.935,0.0,23,12,5,23.9355164,32.576313
5/12/25 23:43,432,66.7945447098005,1.935,0.0,23,12,5,23.9355164,32.5274734
5/12/25 23:28,432,66.7945447098005,1.935,0.0,23,12,5,23.9355164,32.4786339
5/12/25 23:13,432,66.7945447098005,1.935,0.0,23,12,5,23.9980774,32.576313
5/12/25 22:58,432,66.7945447098005,1.935,0.0,22,12,5,24.0606079,32.3076935
5/12/25 22:43,432,66.7945447098005,1.935,0.0,22,12,5,24.0606079,32.2100105
5/12/25 22:28,432,66.7945447098005,1.935,0.0,22,12,5,24.1231384,32.0879135
5/12/25 22:13,432,66.7945447098005,1.935,0.0,22,12,5,24.1856842,32.0634918
5/12/25 21:58,432,66.7945447098005,1.935,0.0,21,12,5,23.9980774,32.796093
5/12/25 21:43,432,66.7945447098005,1.935,0.0,21,12,5,23.9980774,32.6739922
5/12/25 21:28,432,66.7945447098005,1.935,0.0,21,12,5,24.0606079,32.5518913
5/12/25 21:13,432,66.7945447098005,1.935,0.0,21,12,5,24.0606079,32.4686317
5/12/25 20:58,432,66.7945447098005,1.935,0.0,20,12,5,24.0606079,32.3076935
5/12/25 20:43,432,66.7945447098005,1.935,0.0,20,12,5,24.0606079,32.2100105
5/12/25 20:28,432,66.7945447098005,1.935,0.0,20,12,5,24.0606079,32.1855927
5/12/25 20:13,432,66.7945447098005,1.935,0.0,20,12,5,24.0606079,32.161171
5/12/25 19:58,432,66.7945447098005,1.935,0.0,19,12,5,24.0606079,31.9902325
5/12/25 19:43,432,66.7945447098005,1.935,0.0,19,12,5,24.0606079,31.8681316
5/12/25 19:28,432,66.7945447098005,1.935,0.0,19,12,5,24.0606079,31.8681316
5/12/25 19:13,432,66.7945447098005,1.935,0.0,19,12,5,24.0606079,31.8925533
5/12/25 18:58,432,66.7945447098005,1.935,0.0,18,12,5,24.0606079,31.9169712
5/12/25 18:43,432,66.7945447098005,1.935,0.0,18,12,5,24.0606079,32.1123314
5/12/25 18:28,432,66.7945447098005,1.935,0.0,18,12,5,23.9355164,32.2100105
5/12/25 18:13,432,66.7945447098005,1.935,0.0,18,12,5,23.8729858,32.0390739
5/12/25 17:58,432,66.7945447098005,1.935,0.0,17,12,5,23.8104553,32.2588501
5/12/25 17:43,432,66.7945447098005,1.935,0.0,17,12,5,23.6228333,32.5030518
5/12/25 17:28,432,66.7945447098005,1.935,0.0,17,12,5,23.2475891,33.1623955
5/12/25 17:13,432,66.7945447098005,1.935,0.0,17,12,5,23.497757,33.015873
5/12/25 16:58,432,66.7945447098005,1.935,0.0,16,12,5,24.1856842,32.3076935
5/12/25 16:43,432,66.7945447098005,1.935,0.0,16,12,5,24.5609283,32.0390739
5/12/25 16:28,432,66.7945447098005,1.935,0.0,16,12,5,24.4358368,32.1855927
5/12/25 16:13,432,66.7945447098005,1.935,0.0,16,12,5,24.3733063,31.8681316
5/12/25 15:58,432,66.7945447098005,1.935,0.0,15,12,5,24.3733063,31.8192921
5/12/25 15:43,432,66.7945447098005,1.935,0.0,15,12,5,24.3107605,31.9413929
5/12/25 15:28,432,66.7945447098005,1.935,0.0,15,12,5,24.1856842,32.0390739
5/12/25 15:13,432,66.7945447098005,1.935,0.0,15,12,5,24.0606079,32.161171
5/12/25 14:58,432,66.7945447098005,1.935,0.0,14,12,5,23.8729858,32.5030518
5/12/25 14:43,432,66.7945447098005,1.935,0.0,14,12,5,23.5346737,32.6739922
5/12/25 14:28,432,66.7945447098005,1.935,0.0,14,12,5,23.3726654,33.0891342
5/12/25 14:13,432,66.7945447098005,1.935,0.0,14,12,5,23.4352112,33.015873
5/12/25 13:58,432,66.7945447098005,1.935,0.0,13,12,5,23.6228333,32.7472534
5/12/25 13:43,432,66.7945447098005,1.935,0.0,13,12,5,24.0606079,32.4053726
5/12/25 13:28,432,66.7945447098005,1.935,0.0,13,12,5,23.9355164,32.3809547
5/12/25 13:13,432,66.7945447098005,1.935,0.0,13,12,5,23.7479095,32.7228317
5/12/25 12:58,432,66.7945447098005,1.935,0.0,12,12,5,23.7479095,32.7716751
5/12/25 12:43,432,66.7945447098005,1.935,0.0,12,12,5,23.7479095,32.9181938
5/12/25 12:28,432,66.7945447098005,1.935,0.0,12,12,5,23.7479095,32.9670334
5/12/25 12:13,432,66.7945447098005,1.935,0.0,12,12,5,23.7479095,32.9670334
5/12/25 11:58,432,66.7945447098005,1.935,0.0,11,12,5,23.8729858,32.8937721
5/12/25 11:43,432,66.7945447098005,1.935,0.0,11,12,5,23.8729858,32.796093
5/12/25 11:28,432,66.7945447098005,1.935,0.0,11,12,5,23.9355164,32.6739922
5/12/25 11:13,432,66.7945447098005,1.935,0.0,11,12,5,23.9980774,32.5274734
5/12/25 10:58,432,66.7945447098005,1.935,0.0,10,12,5,24.24823,32.5030518
5/12/25 10:43,432,66.7945447098005,1.935,0.0,10,12,5,24.528904,32.3076935
5/12/25 10:28,432,66.7945447098005,1.935,0.0,10,12,5,24.4358368,32.5030518
5/12/25 10:13,432,66.7945447098005,1.935,0.0,10,12,5,24.24823,32.6007309
5/12/25 9:58,432,66.7945447098005,1.935,0.0,9,12,5,23.9980774,32.7716751
5/12/25 9:43,432,66.7945447098005,1.935,0.0,9,12,5,23.8729858,32.8205147
5/12/25 9:28,432,66.7945447098005,1.935,0.0,9,12,5,23.6228333,32.9426117
5/12/25 9:13,432,66.7945447098005,1.935,0.0,9,12,5,23.4352112,32.8937721
5/12/25 8:58,432,66.7945447098005,1.935,0.0,8,12,5,23.3101349,32.796093
5/12/25 8:43,432,66.7945447098005,1.935,0.0,8,12,5,23.1225128,32.7716751
5/12/25 8:28,432,66.7945447098005,1.935,0.0,8,12,5,22.9974365,32.6739922
5/12/25 8:13,432,66.7945447098005,1.935,0.0,8,12,5,22.8098145,32.7228317
5/12/25 7:58,432,66.7945447098005,1.935,0.0,7,12,5,22.7472839,32.6984138
5/12/25 7:43,432,66.7945447098005,1.935,0.0,7,12,5,22.6847229,32.7228317
5/12/25 7:28,432,66.7945447098005,1.935,0.0,7,12,5,22.6221924,32.7472534
5/12/25 7:13,432,66.7945447098005,1.935,0.0,7,12,5,22.5596619,32.7716751
5/12/25 6:58,432,66.7945447098005,1.935,0.0,6,12,5,22.4971161,32.796093
5/12/25 6:43,432,66.7945447098005,1.935,0.0,6,12,5,22.4345703,32.8937721
5/12/25 6:28,432,66.7945447098005,1.935,0.0,6,12,5,22.309494,33.0402908
5/12/25 6:13,432,66.7945447098005,1.935,0.0,6,12,5,22.1218719,33.5042725
5/12/25 5:58,432,66.7945447098005,1.935,0.0,5,12,5,21.9342499,34.7008553
5/12/25 5:43,432,66.7945447098005,1.935,0.0,5,12,5,22.309494,34.9694748
5/12/25 5:28,432,66.7945447098005,1.935,0.0,5,12,5,22.309494,34.9694748
5/12/25 5:13,432,66.7945447098005,1.935,0.0,5,12,5,22.309494,34.9938927
5/12/25 4:58,432,66.7945447098005,1.935,0.0,4,12,5,22.309494,35.0183144
5/12/25 4:43,432,66.7945447098005,1.935,0.0,4,12,5,22.3720398,34.9938927
5/12/25 4:28,432,66.7945447098005,1.935,0.0,4,12,5,22.3720398,34.9938927
5/12/25 4:13,432,66.7945447098005,1.935,0.0,4,12,5,22.4345703,35.0183144
5/12/25 3:58,432,66.7945447098005,1.935,0.0,3,12,5,22.4345703,35.0427361
5/12/25 3:43,432,66.7945447098005,1.935,0.0,3,12,5,22.4971161,35.0183144
5/12/25 3:28,432,66.7945447098005,1.935,0.0,3,12,5,22.4971161,34.9938927
5/12/25 3:13,432,66.7945447098005,1.935,0.0,3,12,5,22.5596619,34.9450531
5/12/25 2:58,432,66.7945447098005,1.935,0.0,2,12,5,22.6221924,34.8962135
5/12/25 2:43,432,66.7945447098005,1.935,0.0,2,12,5,22.6221924,34.8717957
5/12/25 2:28,432,66.7945447098005,1.935,0.0,2,12,5,22.6847229,34.8717957
5/12/25 2:13,432,66.7945447098005,1.935,0.0,2,12,5,22.7472839,34.8229561
5/12/25 1:58,432,66.7945447098005,1.935,0.0,1,12,5,22.7472839,34.7741165
5/12/25 1:43,432,66.7945447098005,1.935,0.0,1,12,5,22.7472839,34.7428589
5/12/25 1:28,432,66.7945447098005,1.935,0.0,1,12,5,22.8098145,34.6764336
5/12/25 1:13,432,66.7945447098005,1.935,0.0,1,12,5,22.872345,34.6520157
5/12/25 0:58,432,66.7945447098005,1.935,0.0,0,12,5,22.872345,34.6520157
5/12/25 0:43,432,66.7945447098005,1.935,0.0,0,12,5,22.9348907,34.627594
5/12/25 0:28,432,66.7945447098005,1.935,0.0,0,12,5,22.9974365,34.5787544
5/12/25 0:13,432,66.7945447098005,1.935,0.0,0,12,5,23.059967,34.5054932
5/11/25 23:58,432,66.7945447098005,1.935,0.0,23,11,5,23.1225128,34.4566536
5/11/25 23:43,432,66.7945447098005,1.935,0.0,23,11,5,23.1850433,34.407814
5/11/25 23:28,432,66.7945447098005,1.935,0.0,23,11,5,23.3017387,34.3589745
5/11/25 23:13,432,66.7945447098005,1.935,0.0,23,11,5,23.3726654,34.2612953
5/11/25 22:58,432,66.7945447098005,1.935,0.0,22,11,5,23.4352112,34.1880341
5/11/25 22:43,432,66.7945447098005,1.935,0.0,22,11,5,23.5602875,34.0415154
5/11/25 22:28,432,66.7945447098005,1.935,0.0,22,11,5,23.6853638,33.8949928
5/11/25 22:13,432,66.7945447098005,1.935,0.0,22,11,5,23.8104553,33.6996346
5/11/25 21:58,432,66.7945447098005,1.935,0.0,21,11,5,23.7479095,34.3101349
5/11/25 21:43,432,66.7945447098005,1.935,0.0,21,11,5,23.8104553,34.2612953
5/11/25 21:28,432,66.7945447098005,1.935,0.0,21,11,5,23.8729858,34.2124519
5/11/25 21:13,432,66.7945447098005,1.935,0.0,21,11,5,23.8729858,34.1880341
5/11/25 20:58,432,66.7945447098005,1.935,0.0,20,11,5,23.8729858,34.1880341
5/11/25 20:43,432,66.7945447098005,1.935,0.0,20,11,5,23.8729858,34.1704521
5/11/25 20:28,432,66.7945447098005,1.935,0.0,20,11,5,23.8729858,34.1391945
5/11/25 20:13,432,66.7945447098005,1.935,0.0,20,11,5,23.8104553,34.2612953
5/11/25 19:58,432,66.7945447098005,1.935,0.0,19,11,5,23.8729858,34.0659332
5/11/25 19:43,432,66.7945447098005,1.935,0.0,19,11,5,23.8104553,34.1147728
5/11/25 19:28,432,66.7945447098005,1.935,0.0,19,11,5,23.7479095,34.1880341
5/11/25 19:13,432,66.7945447098005,1.935,0.0,19,11,5,23.70788,34.1391945
5/11/25 18:58,432,66.7945447098005,1.935,0.0,18,11,5,23.6853638,34.0903549
5/11/25 18:43,432,66.7945447098005,1.935,0.0,18,11,5,23.6228333,34.0903549
5/11/25 18:28,432,66.7945447098005,1.935,0.0,18,11,5,23.6228333,33.948719
5/11/25 18:13,432,66.7945447098005,1.935,0.0,18,11,5,23.6853638,33.8461533
5/11/25 17:58,432,66.7945447098005,1.935,0.0,17,11,5,23.6853638,33.738472
5/11/25 17:43,432,66.7945447098005,1.935,0.0,17,11,5,23.6853638,33.6996346
5/11/25 17:28,432,66.7945447098005,1.935,0.0,17,11,5,23.6853638,33.6996346
5/11/25 17:13,432,66.7945447098005,1.935,0.0,17,11,5,23.70788,33.6752129
5/11/25 16:58,432,66.7945447098005,1.935,0.0,16,11,5,23.7479095,33.6752129
5/11/25 16:43,432,66.7945447098005,1.935,0.0,16,11,5,23.7479095,33.6752129
5/11/25 16:28,432,66.7945447098005,1.935,0.0,16,11,5,23.6853638,33.7240524
5/11/25 16:13,432,66.7945447098005,1.935,0.0,16,11,5,23.6853638,33.772892
5/11/25 15:58,432,66.7945447098005,1.935,0.0,15,11,5,23.6228333,33.8949928
5/11/25 15:43,432,66.7945447098005,1.935,0.0,15,11,5,23.497757,34.1147728
5/11/25 15:28,432,66.7945447098005,1.935,0.0,15,11,5,23.3101349,34.5543327
5/11/25 15:13,432,66.7945447098005,1.935,0.0,15,11,5,23.1225128,34.9694748
5/11/25 14:58,432,66.7945447098005,1.935,0.0,14,11,5,23.3726654,34.0415154
5/11/25 14:43,432,66.7945447098005,1.935,0.0,14,11,5,23.9980774,32.576313
5/11/25 14:28,432,66.7945447098005,1.935,0.0,14,11,5,24.0606079,32.0879135
5/11/25 14:13,432,66.7945447098005,1.935,0.0,14,11,5,23.9980774,32.1123314
5/11/25 13:58,432,66.7945447098005,1.935,0.0,13,11,5,23.8729858,32.2832718
5/11/25 13:43,432,66.7945447098005,1.935,0.0,13,11,5,23.6853638,32.5518913
5/11/25 13:28,432,66.7945447098005,1.935,0.0,13,11,5,23.3726654,33.0647125
5/11/25 13:13,432,66.7945447098005,1.935,0.0,13,11,5,23.3726654,32.9426117
5/11/25 12:58,432,66.7945447098005,1.935,0.0,12,11,5,23.497757,32.4133759
5/11/25 12:43,432,66.7945447098005,1.935,0.0,12,11,5,23.497757,32.2100105
5/11/25 12:28,432,66.7945447098005,1.935,0.0,12,11,5,23.5602875,31.6239319
5/11/25 12:13,432,66.7945447098005,1.935,0.0,12,11,5,23.6228333,31.1599522
5/11/25 11:58,432,66.7945447098005,1.935,0.0,11,11,5,23.6853638,30.5982895
5/11/25 11:43,432,66.7945447098005,1.935,0.0,11,11,5,23.7973366,30.0610504
5/11/25 11:28,432,66.7945447098005,1.935,0.0,11,11,5,23.9980774,29.1575108
5/11/25 11:13,432,66.7945447098005,1.935,0.0,11,11,5,24.24823,28.2539673
5/11/25 10:58,432,66.7945447098005,1.935,0.0,10,11,5,24.1231384,28.1074486
5/11/25 10:43,432,66.7945447098005,1.935,0.0,10,11,5,23.9980774,27.9853497
5/11/25 10:28,432,66.7945447098005,1.935,0.0,10,11,5,23.9355164,27.7167282
5/11/25 10:13,432,66.7945447098005,1.935,0.0,10,11,5,23.8729858,27.6434689
5/11/25 9:58,432,66.7945447098005,1.935,0.0,9,11,5,23.7479095,27.5702076
5/11/25 9:43,432,66.7945447098005,1.935,0.0,9,11,5,23.5602875,27.4969482
5/11/25 9:28,432,66.7945447098005,1.935,0.0,9,11,5,23.4352112,27.4969482
5/11/25 9:13,432,66.7945447098005,1.935,0.0,9,11,5,23.2475891,27.4725266
5/11/25 8:58,432,66.7945447098005,1.935,0.0,8,11,5,23.1225128,27.4481087
5/11/25 8:43,432,66.7945447098005,1.935,0.0,8,11,5,22.9348907,27.4481087
5/11/25 8:28,432,66.7945447098005,1.935,0.0,8,11,5,22.8098145,27.423687
5/11/25 8:13,432,66.7945447098005,1.935,0.0,8,11,5,22.7472839,27.3748474
5/11/25 7:58,432,66.7945447098005,1.935,0.0,7,11,5,22.6221924,27.3260078
5/11/25 7:43,432,66.7945447098005,1.935,0.0,7,11,5,22.4971161,27.2527485
5/11/25 7:28,432,66.7945447098005,1.935,0.0,7,11,5,22.4345703,27.2527485
5/11/25 7:13,432,66.7945447098005,1.935,0.0,7,11,5,22.3720398,27.2771664
5/11/25 6:58,432,66.7945447098005,1.935,0.0,6,11,5,22.309494,27.2771664
5/11/25 6:43,432,66.7945447098005,1.935,0.0,6,11,5,22.2469635,27.3260078
5/11/25 6:28,432,66.7945447098005,1.935,0.0,6,11,5,22.0593414,27.521368
5/11/25 6:13,432,66.7945447098005,1.935,0.0,6,11,5,21.8717194,27.6923084
5/11/25 5:58,432,66.7945447098005,1.935,0.0,5,11,5,21.559021,27.0573883
5/11/25 5:43,432,66.7945447098005,1.935,0.0,5,11,5,21.9967957,25.2503071
5/11/25 5:28,432,66.7945447098005,1.935,0.0,5,11,5,22.0593414,25.1770458
5/11/25 5:13,432,66.7945447098005,1.935,0.0,5,11,5,22.0593414,25.2014656
5/11/25 4:58,432,66.7945447098005,1.935,0.0,4,11,5,22.0593414,25.1282043
5/11/25 4:43,432,66.7945447098005,1.935,0.0,4,11,5,22.0593414,25.0305252
5/11/25 4:28,432,66.7945447098005,1.935,0.0,4,11,5,22.1218719,24.9572659
5/11/25 4:13,432,66.7945447098005,1.935,0.0,4,11,5,22.1218719,24.8840046
5/11/25 3:58,432,66.7945447098005,1.935,0.0,3,11,5,22.1844177,24.8107452
5/11/25 3:43,432,66.7945447098005,1.935,0.0,3,11,5,22.2264671,24.6886444
5/11/25 3:28,432,66.7945447098005,1.935,0.0,3,11,5,22.2469635,24.6153851
5/11/25 3:13,432,66.7945447098005,1.935,0.0,3,11,5,22.2469635,24.6398048
5/11/25 2:58,432,66.7945447098005,1.935,0.0,2,11,5,22.2469635,24.5665455
5/11/25 2:43,432,66.7945447098005,1.935,0.0,2,11,5,22.309494,24.4932842
5/11/25 2:28,432,66.7945447098005,1.935,0.0,2,11,5,22.309494,24.4200249
5/11/25 2:13,432,66.7945447098005,1.935,0.0,2,11,5,22.3720398,24.3711853
5/11/25 1:58,432,66.7945447098005,1.935,0.0,1,11,5,22.4345703,24.2490845
5/11/25 1:43,432,66.7945447098005,1.935,0.0,1,11,5,22.4971161,24.078146
5/11/25 1:28,432,66.7945447098005,1.935,0.0,1,11,5,22.4971161,24.0293045
5/11/25 1:13,432,66.7945447098005,1.935,0.0,1,11,5,22.5596619,23.9365082
5/11/25 0:58,432,66.7945447098005,1.935,0.0,0,11,5,22.6221924,23.7851048
5/11/25 0:43,432,66.7945447098005,1.935,0.0,0,11,5,22.6847229,23.6794243
5/11/25 0:28,432,66.7945447098005,1.935,0.0,0,11,5,22.6847229,23.5897446
5/11/25 0:13,432,66.7945447098005,1.935,0.0,0,11,5,22.7472839,23.443224
5/10/25 23:58,432,66.7945447098005,1.935,0.0,23,10,5,22.8098145,23.3455448
5/10/25 23:43,432,66.7945447098005,1.935,0.0,23,10,5,22.8098145,23.2478638
5/10/25 23:28,432,66.7945447098005,1.935,0.0,23,10,5,22.872345,23.1257629
5/10/25 23:13,432,66.7945447098005,1.935,0.0,23,10,5,22.9974365,23.0525036
5/10/25 22:58,432,66.7945447098005,1.935,0.0,22,10,5,23.059967,22.9548244
5/10/25 22:43,432,66.7945447098005,1.935,0.0,22,10,5,23.1225128,22.8571433999999
5/10/25 22:28,432,66.7945447098005,1.935,0.0,22,10,5,23.2475891,22.6617832
5/10/25 22:13,432,66.7945447098005,1.935,0.0,22,10,5,23.4352112,22.4420033
5/10/25 21:58,432,66.7945447098005,1.935,0.0,21,10,5,23.3726654,22.6617832
5/10/25 21:43,432,66.7945447098005,1.935,0.0,21,10,5,23.4352112,22.5396824
5/10/25 21:28,432,66.7945447098005,1.935,0.0,21,10,5,23.4352112,22.3199043
5/10/25 21:13,432,66.7945447098005,1.935,0.0,21,10,5,23.497757,22.148962
5/10/25 20:58,432,66.7945447098005,1.935,0.0,20,10,5,23.5602875,21.9536018
5/10/25 20:43,432,66.7945447098005,1.935,0.0,20,10,5,23.6228333,21.7826633
5/10/25 20:28,432,66.7945447098005,1.935,0.0,20,10,5,23.6228333,21.5873032
5/10/25 20:13,432,66.7945447098005,1.935,0.0,20,10,5,23.5602875,21.4652023
5/10/25 19:58,432,66.7945447098005,1.935,0.0,19,10,5,23.5602875,21.2942619
5/10/25 19:43,432,66.7945447098005,1.935,0.0,19,10,5,23.5297737,21.0989017
5/10/25 19:28,432,66.7945447098005,1.935,0.0,19,10,5,23.497757,20.854702
5/10/25 19:13,432,66.7945447098005,1.935,0.0,19,10,5,23.497757,20.7081814
5/10/25 18:58,432,66.7945447098005,1.935,0.0,18,10,5,23.5602875,20.5128212
5/10/25 18:43,432,66.7945447098005,1.935,0.0,18,10,5,23.6228333,20.3907204
5/10/25 18:28,432,66.7945447098005,1.935,0.0,18,10,5,23.6853638,20.2686214
5/10/25 18:13,432,66.7945447098005,1.935,0.0,18,10,5,23.7479095,20.1221008
5/10/25 17:58,432,66.7945447098005,1.935,0.0,17,10,5,23.8104553,20
5/10/25 17:43,432,66.7945447098005,1.935,0.0,17,10,5,23.8360691,19.8534794
5/10/25 17:28,432,66.7945447098005,1.935,0.0,17,10,5,23.8729858,19.8046398
5/10/25 17:13,432,66.7945447098005,1.935,0.0,17,10,5,23.8729858,19.7558002
5/10/25 16:58,432,66.7945447098005,1.935,0.0,16,10,5,23.8729858,19.8046398
5/10/25 16:43,432,66.7945447098005,1.935,0.0,16,10,5,23.8729858,19.9267406
5/10/25 16:28,432,66.7945447098005,1.935,0.0,16,10,5,23.8729858,20.0732613
5/10/25 16:13,432,66.7945447098005,1.935,0.0,16,10,5,23.8729858,20.2197819
5/10/25 15:58,432,66.7945447098005,1.935,0.0,15,10,5,23.8729858,20.4151421
5/10/25 15:43,432,66.7945447098005,1.935,0.0,15,10,5,23.8729858,20.5860806
5/10/25 15:28,432,66.7945447098005,1.935,0.0,15,10,5,23.9355164,20.7570229
5/10/25 15:13,432,66.7945447098005,1.935,0.0,15,10,5,23.9980774,20.8879128
5/10/25 14:58,432,66.7945447098005,1.935,0.0,14,10,5,24.0606079,21.0012226
5/10/25 14:43,432,66.7945447098005,1.935,0.0,14,10,5,24.0606079,21.1233215
5/10/25 14:28,432,66.7945447098005,1.935,0.0,14,10,5,23.9980774,21.2698421
5/10/25 14:13,432,66.7945447098005,1.935,0.0,14,10,5,23.9980774,21.4896221
5/10/25 13:58,432,66.7945447098005,1.935,0.0,13,10,5,23.9355164,21.6361427
5/10/25 13:43,432,66.7945447098005,1.935,0.0,13,10,5,23.9355164,21.7094021
5/10/25 13:28,432,66.7945447098005,1.935,0.0,13,10,5,23.8729858,21.7826633
5/10/25 13:13,432,66.7945447098005,1.935,0.0,13,10,5,23.8729858,21.7826633
5/10/25 12:58,432,66.7945447098005,1.935,0.0,12,10,5,23.8729858,21.8559227
5/10/25 12:43,432,66.7945447098005,1.935,0.0,12,10,5,23.8729858,21.9047623
5/10/25 12:28,432,66.7945447098005,1.935,0.0,12,10,5,23.7479095,22.0512829
5/10/25 12:13,432,66.7945447098005,1.935,0.0,12,10,5,23.6228333,22.2222233
5/10/25 11:58,432,66.7945447098005,1.935,0.0,11,10,5,23.4352112,22.4175835
5/10/25 11:43,432,66.7945447098005,1.935,0.0,11,10,5,23.2475891,22.5396824
5/10/25 11:28,432,66.7945447098005,1.935,0.0,11,10,5,22.9974365,22.6129436
5/10/25 11:13,432,66.7945447098005,1.935,0.0,11,10,5,22.8098145,22.6373634
5/10/25 10:58,432,66.7945447098005,1.935,0.0,10,10,5,22.6847229,22.6373634
5/10/25 10:43,432,66.7945447098005,1.935,0.0,10,10,5,22.5596619,22.686203
5/10/25 10:28,432,66.7945447098005,1.935,0.0,10,10,5,22.4345703,22.686203
5/10/25 10:13,432,66.7945447098005,1.935,0.0,10,10,5,22.3720398,22.686203
5/10/25 9:58,432,66.7945447098005,1.935,0.0,9,10,5,22.2469635,22.7106247
5/10/25 9:43,432,66.7945447098005,1.935,0.0,9,10,5,22.1218719,22.7350426
5/10/25 9:28,432,66.7945447098005,1.935,0.0,9,10,5,22.0593414,22.7594643
5/10/25 9:13,432,66.7945447098005,1.935,0.0,9,10,5,21.9342499,22.8327236
5/10/25 8:58,432,66.7945447098005,1.935,0.0,8,10,5,21.8091736,22.9304028
5/10/25 8:43,432,66.7945447098005,1.935,0.0,8,10,5,21.6840973,23.003664
5/10/25 8:28,432,66.7945447098005,1.935,0.0,8,10,5,21.6215515,23.1990242
5/10/25 8:13,432,66.7945447098005,1.935,0.0,8,10,5,21.4964905,23.2967052
5/10/25 7:58,432,66.7945447098005,1.935,0.0,7,10,5,21.4339294,23.4188042
5/10/25 7:43,432,66.7945447098005,1.935,0.0,7,10,5,21.3088684,23.5653229
5/10/25 7:28,432,66.7945447098005,1.935,0.0,7,10,5,21.1837769,23.7118435
5/10/25 7:13,432,66.7945447098005,1.935,0.0,7,10,5,21.0587006,23.8339443
5/10/25 6:58,432,66.7945447098005,1.935,0.0,6,10,5,20.9336243,24.0048847
5/10/25 6:43,432,66.7945447098005,1.935,0.0,6,10,5,20.7460022,24.1269855
5/10/25 6:28,432,66.7945447098005,1.935,0.0,6,10,5,20.4958496,24.297924
5/10/25 6:13,432,66.7945447098005,1.935,0.0,6,10,5,20.1206055,25.0549469
5/10/25 5:58,432,66.7945447098005,1.935,0.0,5,10,5,20.1206055,26.6178284
5/10/25 5:43,432,66.7945447098005,1.935,0.0,5,10,5,20.808548,27.1062279
5/10/25 5:28,432,66.7945447098005,1.935,0.0,5,10,5,20.8710785,26.984127
5/10/25 5:13,432,66.7945447098005,1.935,0.0,5,10,5,20.8710785,26.9597073
5/10/25 4:58,432,66.7945447098005,1.935,0.0,4,10,5,20.9336243,26.8376064
5/10/25 4:43,432,66.7945447098005,1.935,0.0,4,10,5,20.9336243,26.7887669
5/10/25 4:28,432,66.7945447098005,1.935,0.0,4,10,5,20.99617,26.7399273
5/10/25 4:13,432,66.7945447098005,1.935,0.0,4,10,5,20.99617,26.7643471
5/10/25 3:58,432,66.7945447098005,1.935,0.0,3,10,5,21.0587006,26.5934067
5/10/25 3:43,432,66.7945447098005,1.935,0.0,3,10,5,21.0587006,26.5445671
5/10/25 3:28,432,66.7945447098005,1.935,0.0,3,10,5,21.1212463,26.4224682
5/10/25 3:13,432,66.7945447098005,1.935,0.0,3,10,5,21.1837769,26.3247871
5/10/25 2:58,432,66.7945447098005,1.935,0.0,2,10,5,21.2463226,26.2026863
5/10/25 2:43,432,66.7945447098005,1.935,0.0,2,10,5,21.3088684,26.1050053
5/10/25 2:28,432,66.7945447098005,1.935,0.0,2,10,5,21.3713989,26.0201283
5/10/25 2:13,432,66.7945447098005,1.935,0.0,2,10,5,21.4339294,25.9829063
5/10/25 1:58,432,66.7945447098005,1.935,0.0,1,10,5,21.4964905,25.8852272
5/10/25 1:43,432,66.7945447098005,1.935,0.0,1,10,5,21.559021,25.689867
5/10/25 1:28,432,66.7945447098005,1.935,0.0,1,10,5,21.6215515,25.6410275
5/10/25 1:13,432,66.7945447098005,1.935,0.0,1,10,5,21.7466431,25.5189247
5/10/25 0:58,432,66.7945447098005,1.935,0.0,0,10,5,21.8091736,25.3968258
5/10/25 0:43,432,66.7945447098005,1.935,0.0,0,10,5,21.9342499,25.2991467
5/10/25 0:28,432,66.7945447098005,1.935,0.0,0,10,5,21.9967957,25.152626
5/10/25 0:13,432,66.7945447098005,1.935,0.0,0,10,5,22.1218719,25.0493565
5/9/25 23:58,432,66.7945447098005,1.935,0.0,23,9,5,22.1218719,24.9328442
5/9/25 23:43,432,66.7945447098005,1.935,0.0,23,9,5,22.1844177,24.8595867
5/9/25 23:28,432,66.7945447098005,1.935,0.0,23,9,5,22.2469635,24.737484
5/9/25 23:13,432,66.7945447098005,1.935,0.0,23,9,5,22.309494,24.8107452
5/9/25 22:58,432,66.7945447098005,1.935,0.0,22,9,5,22.4345703,24.5421238
5/9/25 22:43,432,66.7945447098005,1.935,0.0,22,9,5,22.5596619,24.1758251
5/9/25 22:28,432,66.7945447098005,1.935,0.0,22,9,5,22.7472839,23.9560432
5/9/25 22:13,432,66.7945447098005,1.935,0.0,22,9,5,23.059967,23.6630039
5/9/25 21:58,432,66.7945447098005,1.935,0.0,21,9,5,23.1225128,23.003664
5/9/25 21:43,432,66.7945447098005,1.935,0.0,21,9,5,23.1850433,23.0525036
5/9/25 21:28,432,66.7945447098005,1.935,0.0,21,9,5,23.2475891,23.1257629
5/9/25 21:13,432,66.7945447098005,1.935,0.0,21,9,5,23.2475891,23.1990242
5/9/25 20:58,432,66.7945447098005,1.935,0.0,20,9,5,23.3101349,23.2967052
5/9/25 20:43,432,66.7945447098005,1.935,0.0,20,9,5,23.4095917,23.4676437
5/9/25 20:28,432,66.7945447098005,1.935,0.0,20,9,5,23.4352112,24.1025639
5/9/25 20:13,432,66.7945447098005,1.935,0.0,20,9,5,23.4352112,23.7362652
5/9/25 19:58,432,66.7945447098005,1.935,0.0,19,9,5,23.4352112,23.8583641
5/9/25 19:43,432,66.7945447098005,1.935,0.0,19,9,5,23.497757,23.9804649
5/9/25 19:28,432,66.7945447098005,1.935,0.0,19,9,5,23.5602875,24.1758251
5/9/25 19:13,432,66.7945447098005,1.935,0.0,19,9,5,23.6228333,24.3223457
5/9/25 18:58,432,66.7945447098005,1.935,0.0,18,9,5,23.6228333,24.4200249
5/9/25 18:43,432,66.7945447098005,1.935,0.0,18,9,5,23.7479095,24.6153851
5/9/25 18:28,432,66.7945447098005,1.935,0.0,18,9,5,23.6853638,24.7619057
5/9/25 18:13,432,66.7945447098005,1.935,0.0,18,9,5,23.7479095,24.835165
5/9/25 17:58,432,66.7945447098005,1.935,0.0,17,9,5,23.7479095,24.9816856
5/9/25 17:43,432,66.7945447098005,1.935,0.0,17,9,5,23.8104553,25.0061054
5/9/25 17:28,432,66.7945447098005,1.935,0.0,17,9,5,23.8729858,24.9816856
5/9/25 17:13,432,66.7945447098005,1.935,0.0,17,9,5,23.8729858,24.9572659
5/9/25 16:58,432,66.7945447098005,1.935,0.0,16,9,5,23.8729858,24.9328442
5/9/25 16:43,432,66.7945447098005,1.935,0.0,16,9,5,23.8729858,24.9816856
5/9/25 16:28,432,66.7945447098005,1.935,0.0,16,9,5,23.8729858,24.9816856
5/9/25 16:13,432,66.7945447098005,1.935,0.0,16,9,5,23.8104553,25.0305252
5/9/25 15:58,432,66.7945447098005,1.935,0.0,15,9,5,23.6853638,25.1037865
5/9/25 15:43,432,66.7945447098005,1.935,0.0,15,9,5,23.6228333,25.2503071
5/9/25 15:28,432,66.7945447098005,1.935,0.0,15,9,5,23.6853638,25.274725
5/9/25 15:13,432,66.7945447098005,1.935,0.0,15,9,5,23.8020592,25.3479862
5/9/25 14:58,432,66.7945447098005,1.935,0.0,14,9,5,23.8104553,25.1770458
5/9/25 14:43,432,66.7945447098005,1.935,0.0,14,9,5,23.7979469,25.1770458
5/9/25 14:28,432,66.7945447098005,1.935,0.0,14,9,5,23.8104553,25.5189247
5/9/25 14:13,432,66.7945447098005,1.935,0.0,14,9,5,23.8729858,26.0317478
5/9/25 13:58,432,66.7945447098005,1.935,0.0,13,9,5,23.8729858,26.2515259
5/9/25 13:43,432,66.7945447098005,1.935,0.0,13,9,5,23.8729858,26.3980465
5/9/25 13:28,432,66.7945447098005,1.935,0.0,13,9,5,23.9355164,26.4957256
5/9/25 13:13,432,66.7945447098005,1.935,0.0,13,9,5,23.9355164,26.8131886
5/9/25 12:58,432,66.7945447098005,1.935,0.0,12,9,5,23.8934765,27.1794872
5/9/25 12:43,432,66.7945447098005,1.935,0.0,12,9,5,23.8729858,27.423687
5/9/25 12:28,432,66.7945447098005,1.935,0.0,12,9,5,23.8729858,27.7167282
5/9/25 12:13,432,66.7945447098005,1.935,0.0,12,9,5,23.8729858,27.9853497
5/9/25 11:58,432,66.7945447098005,1.935,0.0,11,9,5,23.8729858,28.1562881
5/9/25 11:43,432,66.7945447098005,1.935,0.0,11,9,5,23.9355164,28.1562881
5/9/25 11:28,432,66.7945447098005,1.935,0.0,11,9,5,23.9355164,28.2539673
5/9/25 11:13,432,66.7945447098005,1.935,0.0,11,9,5,24.0606079,28.2539673
5/9/25 10:58,432,66.7945447098005,1.935,0.0,10,9,5,24.24823,28.1562881
5/9/25 10:43,432,66.7945447098005,1.935,0.0,10,9,5,24.3107605,28.1074486
5/9/25 10:28,432,66.7945447098005,1.935,0.0,10,9,5,24.1231384,28.1562881
5/9/25 10:13,432,66.7945447098005,1.935,0.0,10,9,5,23.9355164,28.1318684
5/9/25 9:58,432,66.7945447098005,1.935,0.0,9,9,5,23.7479095,28.1807098
5/9/25 9:43,432,66.7945447098005,1.935,0.0,9,9,5,23.497757,28.1562881
5/9/25 9:28,432,66.7945447098005,1.935,0.0,9,9,5,23.3101349,28.1807098
5/9/25 9:13,432,66.7945447098005,1.935,0.0,9,9,5,23.1225128,28.0586071
5/9/25 8:58,432,66.7945447098005,1.935,0.0,8,9,5,22.9348907,27.9853497
5/9/25 8:43,432,66.7945447098005,1.935,0.0,8,9,5,22.872345,27.9365082
5/9/25 8:28,432,66.7945447098005,1.935,0.0,8,9,5,22.7472839,27.9365082
5/9/25 8:13,432,66.7945447098005,1.935,0.0,8,9,5,22.5596619,28.0097675
5/9/25 7:58,432,66.7945447098005,1.935,0.0,7,9,5,22.4345703,28.0586071
5/9/25 7:43,432,66.7945447098005,1.935,0.0,7,9,5,22.309494,28.1562881
5/9/25 7:28,432,66.7945447098005,1.935,0.0,7,9,5,22.1760216,28.2051277
5/9/25 7:13,432,66.7945447098005,1.935,0.0,7,9,5,22.0593414,28.2295494
5/9/25 6:58,432,66.7945447098005,1.935,0.0,6,9,5,21.9967957,28.3028088
5/9/25 6:43,432,66.7945447098005,1.935,0.0,6,9,5,21.9342499,28.37607
5/9/25 6:28,432,66.7945447098005,1.935,0.0,6,9,5,21.8091736,28.5958481
5/9/25 6:13,432,66.7945447098005,1.935,0.0,6,9,5,21.6215515,28.7912083
5/9/25 5:58,432,66.7945447098005,1.935,0.0,5,9,5,21.3088684,28.6691093
5/9/25 5:43,432,66.7945447098005,1.935,0.0,5,9,5,21.7466431,27.5457878
5/9/25 5:28,432,66.7945447098005,1.935,0.0,5,9,5,21.8091736,27.423687
5/9/25 5:13,432,66.7945447098005,1.935,0.0,5,9,5,21.8091736,27.3748474
5/9/25 4:58,432,66.7945447098005,1.935,0.0,4,9,5,21.8091736,27.3015881
5/9/25 4:43,432,66.7945447098005,1.935,0.0,4,9,5,21.8717194,27.2771664
5/9/25 4:28,432,66.7945447098005,1.935,0.0,4,9,5,21.8717194,27.2039089
5/9/25 4:13,432,66.7945447098005,1.935,0.0,4,9,5,21.9342499,27.1062279
5/9/25 3:58,432,66.7945447098005,1.935,0.0,3,9,5,21.9342499,27.0329666
5/9/25 3:43,432,66.7945447098005,1.935,0.0,3,9,5,21.9342499,27.0085487
5/9/25 3:28,432,66.7945447098005,1.935,0.0,3,9,5,21.9967957,26.9352875
5/9/25 3:13,432,66.7945447098005,1.935,0.0,3,9,5,21.9967957,26.9108677
5/9/25 2:58,432,66.7945447098005,1.935,0.0,2,9,5,22.0593414,26.8376064
5/9/25 2:43,432,66.7945447098005,1.935,0.0,2,9,5,22.0593414,26.8131886
5/9/25 2:28,432,66.7945447098005,1.935,0.0,2,9,5,22.1218719,26.7155075
5/9/25 2:13,432,66.7945447098005,1.935,0.0,2,9,5,22.1218719,26.6422462
5/9/25 1:58,432,66.7945447098005,1.935,0.0,1,9,5,22.1844177,26.5934067
5/9/25 1:43,432,66.7945447098005,1.935,0.0,1,9,5,22.1844177,26.5201473
5/9/25 1:28,432,66.7945447098005,1.935,0.0,1,9,5,22.2469635,26.4468861
5/9/25 1:13,432,66.7945447098005,1.935,0.0,1,9,5,22.309494,26.3003654
5/9/25 0:58,432,66.7945447098005,1.935,0.0,0,9,5,22.3720398,26.2759476
5/9/25 0:43,432,66.7945447098005,1.935,0.0,0,9,5,22.4345703,26.1782665
5/9/25 0:28,432,66.7945447098005,1.935,0.0,0,9,5,22.4971161,26.129427
5/9/25 0:13,432,66.7945447098005,1.935,0.0,0,9,5,22.5596619,26.0561657
5/8/25 23:58,432,66.7945447098005,1.935,0.0,23,8,5,22.6221924,25.9096451
5/8/25 23:43,432,66.7945447098005,1.935,0.0,23,8,5,22.6847229,25.8363876
5/8/25 23:28,432,66.7945447098005,1.935,0.0,23,8,5,22.8098145,25.7387066
5/8/25 23:13,432,66.7945447098005,1.935,0.0,23,8,5,22.872345,25.6654453
5/8/25 22:58,432,66.7945447098005,1.935,0.0,22,8,5,22.9974365,25.5189247
5/8/25 22:43,432,66.7945447098005,1.935,0.0,22,8,5,23.1225128,25.3968258
5/8/25 22:28,432,66.7945447098005,1.935,0.0,22,8,5,23.2475891,25.2014656
5/8/25 22:13,432,66.7945447098005,1.935,0.0,22,8,5,23.4352112,25.0305252
5/8/25 21:58,432,66.7945447098005,1.935,0.0,21,8,5,23.3726654,25.1282043
5/8/25 21:43,432,66.7945447098005,1.935,0.0,21,8,5,23.3726654,25.1282043
5/8/25 21:28,432,66.7945447098005,1.935,0.0,21,8,5,23.4188137,25.1037865
5/8/25 21:13,432,66.7945447098005,1.935,0.0,21,8,5,23.3726654,25.0793648
5/8/25 20:58,432,66.7945447098005,1.935,0.0,20,8,5,23.3101349,25.1770458
5/8/25 20:43,432,66.7945447098005,1.935,0.0,20,8,5,23.3101349,25.1770458
5/8/25 20:28,432,66.7945447098005,1.935,0.0,20,8,5,23.3101349,25.0549469
5/8/25 20:13,432,66.7945447098005,1.935,0.0,20,8,5,23.3726654,24.9572659
5/8/25 19:58,432,66.7945447098005,1.935,0.0,19,8,5,23.497757,24.8107452
5/8/25 19:43,432,66.7945447098005,1.935,0.0,19,8,5,23.5602875,24.6886444
5/8/25 19:28,432,66.7945447098005,1.935,0.0,19,8,5,23.5602875,24.6153851
5/8/25 19:13,432,66.7945447098005,1.935,0.0,19,8,5,23.6228333,24.5421238
5/8/25 18:58,432,66.7945447098005,1.935,0.0,18,8,5,23.6228333,24.4932842
5/8/25 18:43,432,66.7945447098005,1.935,0.0,18,8,5,23.6228333,24.4932842
5/8/25 18:28,432,66.7945447098005,1.935,0.0,18,8,5,23.6228333,24.4444447
5/8/25 18:13,432,66.7945447098005,1.935,0.0,18,8,5,23.6853638,24.4200249
5/8/25 17:58,432,66.7945447098005,1.935,0.0,17,8,5,23.6228333,24.3467636
5/8/25 17:43,432,66.7945447098005,1.935,0.0,17,8,5,23.6228333,24.3223457
5/8/25 17:28,432,66.7945447098005,1.935,0.0,17,8,5,23.668972,24.3223457
5/8/25 17:13,432,66.7945447098005,1.935,0.0,17,8,5,23.6628532,24.297924
5/8/25 16:58,432,66.7945447098005,1.935,0.0,16,8,5,23.6228333,24.297924
5/8/25 16:43,432,66.7945447098005,1.935,0.0,16,8,5,23.6228333,24.2735062
5/8/25 16:28,432,66.7945447098005,1.935,0.0,16,8,5,23.5602875,24.2490845
5/8/25 16:13,432,66.7945447098005,1.935,0.0,16,8,5,23.497757,24.2246647
5/8/25 15:58,432,66.7945447098005,1.935,0.0,15,8,5,23.3101349,24.2246647
5/8/25 15:43,432,66.7945447098005,1.935,0.0,15,8,5,23.1850433,24.3956051
5/8/25 15:28,432,66.7945447098005,1.935,0.0,15,8,5,23.3726654,24.1269855
5/8/25 15:13,432,66.7945447098005,1.935,0.0,15,8,5,23.6228333,23.8827858
5/8/25 14:58,432,66.7945447098005,1.935,0.0,14,8,5,23.6228333,23.9560432
5/8/25 14:43,432,66.7945447098005,1.935,0.0,14,8,5,23.6853638,23.9804649
5/8/25 14:28,432,66.7945447098005,1.935,0.0,14,8,5,23.6853638,23.9804649
5/8/25 14:13,432,66.7945447098005,1.935,0.0,14,8,5,23.6853638,24.0293045
5/8/25 13:58,432,66.7945447098005,1.935,0.0,13,8,5,23.6853638,24.0537243
5/8/25 13:43,432,66.7945447098005,1.935,0.0,13,8,5,23.6853638,23.9804649
5/8/25 13:28,432,66.7945447098005,1.935,0.0,13,8,5,23.6853638,24.1514034
5/8/25 13:13,432,66.7945447098005,1.935,0.0,13,8,5,23.6853638,24.1269855
5/8/25 12:58,432,66.7945447098005,1.935,0.0,12,8,5,23.6853638,24.2246647
5/8/25 12:43,432,66.7945447098005,1.935,0.0,12,8,5,23.6228333,24.1758251
5/8/25 12:28,432,66.7945447098005,1.935,0.0,12,8,5,23.6228333,24.2735062
5/8/25 12:13,432,66.7945447098005,1.935,0.0,12,8,5,23.6228333,24.2735062
5/8/25 11:58,432,66.7945447098005,1.935,0.0,11,8,5,23.6853638,24.2735062
5/8/25 11:43,432,66.7945447098005,1.935,0.0,11,8,5,23.7479095,24.2735062
5/8/25 11:28,432,66.7945447098005,1.935,0.0,11,8,5,23.9355164,24.1758251
5/8/25 11:13,432,66.7945447098005,1.935,0.0,11,8,5,24.0606079,24.2246647
5/8/25 10:58,432,66.7945447098005,1.935,0.0,10,8,5,23.9355164,23.8827858
5/8/25 10:43,432,66.7945447098005,1.935,0.0,10,8,5,23.8104553,23.9072037
5/8/25 10:28,432,66.7945447098005,1.935,0.0,10,8,5,23.6228333,23.9072037
5/8/25 10:13,432,66.7945447098005,1.935,0.0,10,8,5,23.497757,23.9316254
5/8/25 9:58,432,66.7945447098005,1.935,0.0,9,8,5,23.2475891,23.9316254
5/8/25 9:43,432,66.7945447098005,1.935,0.0,9,8,5,23.059967,23.8095245
5/8/25 9:28,432,66.7945447098005,1.935,0.0,9,8,5,22.8979645,23.5897446
5/8/25 9:13,432,66.7945447098005,1.935,0.0,9,8,5,22.6847229,23.5741158
5/8/25 8:58,432,66.7945447098005,1.935,0.0,8,8,5,22.4971161,23.5897446
5/8/25 8:43,432,66.7945447098005,1.935,0.0,8,8,5,22.3720398,23.6385841
5/8/25 8:28,432,66.7945447098005,1.935,0.0,8,8,5,22.2469635,23.6874256
5/8/25 8:13,432,66.7945447098005,1.935,0.0,8,8,5,22.0593414,23.8339443
5/8/25 7:58,432,66.7945447098005,1.935,0.0,7,8,5,21.8717194,23.9804649
5/8/25 7:43,432,66.7945447098005,1.935,0.0,7,8,5,21.7466431,24.1269855
5/8/25 7:28,432,66.7945447098005,1.935,0.0,7,8,5,21.599041,24.2490845
5/8/25 7:13,432,66.7945447098005,1.935,0.0,7,8,5,21.4964905,24.3467636
5/8/25 6:58,432,66.7945447098005,1.935,0.0,6,8,5,21.3713989,24.4688663
5/8/25 6:43,432,66.7945447098005,1.935,0.0,6,8,5,21.2463226,24.5909653
5/8/25 6:28,432,66.7945447098005,1.935,0.0,6,8,5,21.0587006,24.835165
5/8/25 6:13,432,66.7945447098005,1.935,0.0,6,8,5,20.8710785,25.152626
5/8/25 5:58,432,66.7945447098005,1.935,0.0,5,8,5,20.5583801,25.6552029
5/8/25 5:43,432,66.7945447098005,1.935,0.0,5,8,5,21.1212463,24.4200249
5/8/25 5:28,432,66.7945447098005,1.935,0.0,5,8,5,21.1337528,24.3223457
5/8/25 5:13,432,66.7945447098005,1.935,0.0,5,8,5,21.1837769,24.297924
5/8/25 4:58,432,66.7945447098005,1.935,0.0,4,8,5,21.1837769,24.1758251
5/8/25 4:43,432,66.7945447098005,1.935,0.0,4,8,5,21.2463226,24.1025639
5/8/25 4:28,432,66.7945447098005,1.935,0.0,4,8,5,21.2463226,24.0048847
5/8/25 4:13,432,66.7945447098005,1.935,0.0,4,8,5,21.3088684,23.9316254
5/8/25 3:58,432,66.7945447098005,1.935,0.0,3,8,5,21.3088684,23.8827858
5/8/25 3:43,432,66.7945447098005,1.935,0.0,3,8,5,21.3088684,23.7851048
5/8/25 3:28,432,66.7945447098005,1.935,0.0,3,8,5,21.3713989,23.6630039
5/8/25 3:13,432,66.7945447098005,1.935,0.0,3,8,5,21.4339294,23.6141644
5/8/25 2:58,432,66.7945447098005,1.935,0.0,2,8,5,21.4339294,23.4920654
5/8/25 2:43,432,66.7945447098005,1.935,0.0,2,8,5,21.4964905,23.443224
5/8/25 2:28,432,66.7945447098005,1.935,0.0,2,8,5,21.559021,23.3455448
5/8/25 2:13,432,66.7945447098005,1.935,0.0,2,8,5,21.559021,23.2722836
5/8/25 1:58,432,66.7945447098005,1.935,0.0,1,8,5,21.6215515,23.1746025
5/8/25 1:43,432,66.7945447098005,1.935,0.0,1,8,5,21.6840973,23.0525036
5/8/25 1:28,432,66.7945447098005,1.935,0.0,1,8,5,21.7466431,22.9059849
5/8/25 1:13,432,66.7945447098005,1.935,0.0,1,8,5,21.8091736,22.8327236
5/8/25 0:58,432,66.7945447098005,1.935,0.0,0,8,5,21.9342499,22.7594643
5/8/25 0:43,432,66.7945447098005,1.935,0.0,0,8,5,21.9967957,22.588522
5/8/25 0:28,432,66.7945447098005,1.935,0.0,0,8,5,22.0593414,22.4420033
5/8/25 0:13,432,66.7945447098005,1.935,0.0,0,8,5,22.1844177,22.2954826
5/7/25 23:58,432,66.7945447098005,1.935,0.0,23,7,5,22.309494,22.148962
5/7/25 23:43,432,66.7945447098005,1.935,0.0,23,7,5,22.3720398,22.0268631
5/7/25 23:28,432,66.7945447098005,1.935,0.0,23,7,5,22.4971161,21.9780235
5/7/25 23:13,432,66.7945447098005,1.935,0.0,23,7,5,22.6221924,21.7826633
5/7/25 22:58,432,66.7945447098005,1.935,0.0,22,7,5,22.7472839,21.611721
5/7/25 22:43,432,66.7945447098005,1.935,0.0,22,7,5,22.9348907,21.2942619
5/7/25 22:28,432,66.7945447098005,1.935,0.0,22,7,5,23.1225128,21.074482
5/7/25 22:13,432,66.7945447098005,1.935,0.0,22,7,5,23.3101349,20.8302803
5/7/25 21:58,432,66.7945447098005,1.935,0.0,21,7,5,23.3101349,20.8058624
5/7/25 21:43,432,66.7945447098005,1.935,0.0,21,7,5,23.3726654,20.7570229
5/7/25 21:28,432,66.7945447098005,1.935,0.0,21,7,5,23.3101349,20.7570229
5/7/25 21:13,432,66.7945447098005,1.935,0.0,21,7,5,23.3726654,20.7326012
5/7/25 20:58,432,66.7945447098005,1.935,0.0,20,7,5,23.3726654,20.5860806
5/7/25 20:43,432,66.7945447098005,1.935,0.0,20,7,5,23.4352112,20.4639816
5/7/25 20:28,432,66.7945447098005,1.935,0.0,20,7,5,23.4352112,20.317461
5/7/25 20:13,432,66.7945447098005,1.935,0.0,20,7,5,23.4352112,20.1465206
5/7/25 19:58,432,66.7945447098005,1.935,0.0,19,7,5,23.497757,20
5/7/25 19:43,432,66.7945447098005,1.935,0.0,19,7,5,23.5602875,19.8290596
5/7/25 19:28,432,66.7945447098005,1.935,0.0,19,7,5,23.5602875,19.682539
5/7/25 19:13,432,66.7945447098005,1.935,0.0,19,7,5,23.6228333,19.5116005
5/7/25 18:58,432,66.7945447098005,1.935,0.0,18,7,5,23.7479095,19.4139194
5/7/25 18:43,432,66.7945447098005,1.935,0.0,18,7,5,23.6228333,19.4383392
5/7/25 18:28,432,66.7945447098005,1.935,0.0,18,7,5,23.6228333,18.9255199
5/7/25 18:13,432,66.7945447098005,1.935,0.0,18,7,5,23.6228333,18.8766785
5/7/25 17:58,432,66.7945447098005,1.935,0.0,17,7,5,23.6853638,18.7789993
5/7/25 17:43,432,66.7945447098005,1.935,0.0,17,7,5,23.6853638,18.6813183
5/7/25 17:28,432,66.7945447098005,1.935,0.0,17,7,5,23.7479095,18.6568985
5/7/25 17:13,432,66.7945447098005,1.935,0.0,17,7,5,23.8104553,18.6324787
5/7/25 16:58,432,66.7945447098005,1.935,0.0,16,7,5,23.8729858,18.6324787
5/7/25 16:43,432,66.7945447098005,1.935,0.0,16,7,5,23.9355164,19.5483589
5/7/25 16:28,432,66.7945447098005,1.935,0.0,16,7,5,23.8729858,18.6813183
5/7/25 16:13,432,66.7945447098005,1.935,0.0,16,7,5,23.8104553,18.7789993
5/7/25 15:58,432,66.7945447098005,1.935,0.0,15,7,5,23.6937599,18.7057381
5/7/25 15:43,432,66.7945447098005,1.935,0.0,15,7,5,23.5602875,18.5836391
5/7/25 15:28,432,66.7945447098005,1.935,0.0,15,7,5,23.4227028,18.6160603
5/7/25 15:13,432,66.7945447098005,1.935,0.0,15,7,5,23.497757,18.7545795
5/7/25 14:58,432,66.7945447098005,1.935,0.0,14,7,5,23.7479095,18.9987793
5/7/25 14:43,432,66.7945447098005,1.935,0.0,14,7,5,23.8104553,19.2185593
5/7/25 14:28,432,66.7945447098005,1.935,0.0,14,7,5,23.8729858,19.3894997
5/7/25 14:13,432,66.7945447098005,1.935,0.0,14,7,5,23.8729858,19.7558002
5/7/25 13:58,432,66.7945447098005,1.935,0.0,13,7,5,23.8729858,20.1709423
5/7/25 13:43,432,66.7945447098005,1.935,0.0,13,7,5,23.8729858,20.4884014
5/7/25 13:28,432,66.7945447098005,1.935,0.0,13,7,5,23.8729858,20.7814407
5/7/25 13:13,432,66.7945447098005,1.935,0.0,13,7,5,23.8729858,21.1721611
5/7/25 12:58,432,66.7945447098005,1.935,0.0,12,7,5,23.9355164,21.5384636
5/7/25 12:43,432,66.7945447098005,1.935,0.0,12,7,5,23.9355164,21.8070812
5/7/25 12:28,432,66.7945447098005,1.935,0.0,12,7,5,23.9355164,22.0512829
5/7/25 12:13,432,66.7945447098005,1.935,0.0,12,7,5,23.8729858,22.3443222
5/7/25 11:58,432,66.7945447098005,1.935,0.0,11,7,5,23.8729858,22.7594643
5/7/25 11:43,432,66.7945447098005,1.935,0.0,11,7,5,23.9355164,23.2478638
5/7/25 11:28,432,66.7945447098005,1.935,0.0,11,7,5,24.0606079,23.6141644
5/7/25 11:13,432,66.7945447098005,1.935,0.0,11,7,5,24.3733063,23.7118435
5/7/25 10:58,432,66.7945447098005,1.935,0.0,10,7,5,24.3733063,23.7362652
5/7/25 10:43,432,66.7945447098005,1.935,0.0,10,7,5,24.24823,23.7851048
5/7/25 10:28,432,66.7945447098005,1.935,0.0,10,7,5,24.0606079,23.8015232
5/7/25 10:13,432,66.7945447098005,1.935,0.0,10,7,5,23.9355164,23.7606831
5/7/25 9:58,432,66.7945447098005,1.935,0.0,9,7,5,23.7479095,23.6874256
5/7/25 9:43,432,66.7945447098005,1.935,0.0,9,7,5,23.65975,23.443224
5/7/25 9:28,432,66.7945447098005,1.935,0.0,9,7,5,23.497757,23.3455448
5/7/25 9:13,432,66.7945447098005,1.935,0.0,9,7,5,23.497757,23.1257629
5/7/25 8:58,432,66.7945447098005,1.935,0.0,8,7,5,23.497757,22.8327236
5/7/25 8:43,432,66.7945447098005,1.935,0.0,8,7,5,23.4352112,22.7838821
5/7/25 8:28,432,66.7945447098005,1.935,0.0,8,7,5,23.3726654,22.9059849
5/7/25 8:13,432,66.7945447098005,1.935,0.0,8,7,5,23.1225128,23.0360851
5/7/25 7:58,432,66.7945447098005,1.935,0.0,7,7,5,22.3589211,24.1025639
5/7/25 7:43,432,66.7945447098005,1.935,0.0,7,7,5,21.9967957,24.6968384
5/7/25 7:28,432,66.7945447098005,1.935,0.0,7,7,5,21.6215515,25.1282043
5/7/25 7:13,432,66.7945447098005,1.935,0.0,7,7,5,21.3088684,25.3235645
5/7/25 6:58,432,66.7945447098005,1.935,0.0,6,7,5,20.9336243,25.5677662
5/7/25 6:43,432,66.7945447098005,1.935,0.0,6,7,5,20.6209259,25.8852272
5/7/25 6:28,432,66.7945447098005,1.935,0.0,6,7,5,20.4333038,26.0561657
5/7/25 6:13,432,66.7945447098005,1.935,0.0,6,7,5,19.9955292,26.886446
5/7/25 5:58,432,66.7945447098005,1.935,0.0,5,7,5,20.058075,27.5506725
5/7/25 5:43,432,66.7945447098005,1.935,0.0,5,7,5,20.6209259,26.6422462
5/7/25 5:28,432,66.7945447098005,1.935,0.0,5,7,5,20.6834564,26.4957256
5/7/25 5:13,432,66.7945447098005,1.935,0.0,5,7,5,20.6834564,26.4957256
5/7/25 4:58,432,66.7945447098005,1.935,0.0,4,7,5,20.6834564,26.4224682
5/7/25 4:43,432,66.7945447098005,1.935,0.0,4,7,5,20.7460022,26.3492069
5/7/25 4:28,432,66.7945447098005,1.935,0.0,4,7,5,20.808548,26.2515259
5/7/25 4:13,432,66.7945447098005,1.935,0.0,4,7,5,20.808548,26.1782665
5/7/25 3:58,432,66.7945447098005,1.935,0.0,3,7,5,20.808548,26.129427
5/7/25 3:43,432,66.7945447098005,1.935,0.0,3,7,5,20.8710785,26.1050053
5/7/25 3:28,432,66.7945447098005,1.935,0.0,3,7,5,20.9336243,25.9340668
5/7/25 3:13,432,66.7945447098005,1.935,0.0,3,7,5,20.9336243,25.8852272
5/7/25 2:58,432,66.7945447098005,1.935,0.0,2,7,5,20.99617,25.8119659
5/7/25 2:43,432,66.7945447098005,1.935,0.0,2,7,5,21.0587006,25.7387066
5/7/25 2:28,432,66.7945447098005,1.935,0.0,2,7,5,21.0587006,25.592186
5/7/25 2:13,432,66.7945447098005,1.935,0.0,2,7,5,21.1212463,25.5433464
5/7/25 1:58,432,66.7945447098005,1.935,0.0,1,7,5,21.2463226,25.4212456
5/7/25 1:43,432,66.7945447098005,1.935,0.0,1,7,5,21.3088684,25.2503071
5/7/25 1:28,432,66.7945447098005,1.935,0.0,1,7,5,21.3713989,25.1282043
5/7/25 1:13,432,66.7945447098005,1.935,0.0,1,7,5,21.4339294,24.9572659
5/7/25 0:58,432,66.7945447098005,1.935,0.0,0,7,5,21.4964905,24.9728947
5/7/25 0:43,432,66.7945447098005,1.935,0.0,0,7,5,21.559021,24.7619057
5/7/25 0:28,432,66.7945447098005,1.935,0.0,0,7,5,21.6840973,24.6642265
5/7/25 0:13,432,66.7945447098005,1.935,0.0,0,7,5,21.8091736,24.4688663
5/6/25 23:58,432,66.7945447098005,1.935,0.0,23,6,5,21.8717194,24.3956051
5/6/25 23:43,432,66.7945447098005,1.935,0.0,23,6,5,22.0224152,24.1025639
5/6/25 23:28,432,66.7945447098005,1.935,0.0,23,6,5,22.1218719,23.9316254
5/6/25 23:13,432,66.7945447098005,1.935,0.0,23,6,5,22.2469635,23.7118435
5/6/25 22:58,432,66.7945447098005,1.935,0.0,22,6,5,22.309494,23.6141644
5/6/25 22:43,432,66.7945447098005,1.935,0.0,22,6,5,22.3720398,23.3943844
5/6/25 22:28,432,66.7945447098005,1.935,0.0,22,6,5,22.4971161,23.1501846
5/6/25 22:13,432,66.7945447098005,1.935,0.0,22,6,5,22.7472839,22.9059849
5/6/25 21:58,432,66.7945447098005,1.935,0.0,21,6,5,22.7472839,22.4420033
5/6/25 21:43,432,66.7945447098005,1.935,0.0,21,6,5,22.7842007,22.3687439
5/6/25 21:28,432,66.7945447098005,1.935,0.0,21,6,5,22.872345,22.2710629
5/6/25 21:13,432,66.7945447098005,1.935,0.0,21,6,5,22.872345,22.2954826
5/6/25 20:58,432,66.7945447098005,1.935,0.0,20,6,5,22.9348907,22.3443222
5/6/25 20:43,432,66.7945447098005,1.935,0.0,20,6,5,22.9974365,22.4175835
5/6/25 20:28,432,66.7945447098005,1.935,0.0,20,6,5,23.059967,22.5641041
5/6/25 20:13,432,66.7945447098005,1.935,0.0,20,6,5,23.1225128,22.7106247
5/6/25 19:58,432,66.7945447098005,1.935,0.0,19,6,5,23.1850433,22.8327236
5/6/25 19:43,432,66.7945447098005,1.935,0.0,19,6,5,23.2475891,22.9548244
5/6/25 19:28,432,66.7945447098005,1.935,0.0,19,6,5,23.2475891,23.1746025
5/6/25 19:13,432,66.7945447098005,1.935,0.0,19,6,5,23.3101349,23.3455448
5/6/25 18:58,432,66.7945447098005,1.935,0.0,18,6,5,23.3726654,23.5897446
5/6/25 18:43,432,66.7945447098005,1.935,0.0,18,6,5,23.3726654,23.8095245
5/6/25 18:28,432,66.7945447098005,1.935,0.0,18,6,5,23.4352112,24.1514034
5/6/25 18:13,432,66.7945447098005,1.935,0.0,18,6,5,23.497757,24.3711853
5/6/25 17:58,432,66.7945447098005,1.935,0.0,17,6,5,23.5602875,24.7130661
5/6/25 17:43,432,66.7945447098005,1.935,0.0,17,6,5,23.5602875,24.9084263
5/6/25 17:28,432,66.7945447098005,1.935,0.0,17,6,5,23.6228333,25.1770458
5/6/25 17:13,432,66.7945447098005,1.935,0.0,17,6,5,23.6853638,25.3235645
5/6/25 16:58,432,66.7945447098005,1.935,0.0,16,6,5,23.6853638,25.5433464
5/6/25 16:43,432,66.7945447098005,1.935,0.0,16,6,5,23.7479095,25.7142849
5/6/25 16:28,432,66.7945447098005,1.935,0.0,16,6,5,23.7479095,25.9340668
5/6/25 16:13,432,66.7945447098005,1.935,0.0,16,6,5,23.8104553,26.1782665
5/6/25 15:58,432,66.7945447098005,1.935,0.0,15,6,5,23.8104553,26.2759476
5/6/25 15:43,432,66.7945447098005,1.935,0.0,15,6,5,23.8104553,26.3492069
5/6/25 15:28,432,66.7945447098005,1.935,0.0,15,6,5,23.8104553,26.3492069
5/6/25 15:13,432,66.7945447098005,1.935,0.0,15,6,5,23.7479095,26.3247871
5/6/25 14:58,432,66.7945447098005,1.935,0.0,14,6,5,23.6853638,26.3247871
5/6/25 14:43,432,66.7945447098005,1.935,0.0,14,6,5,23.6853638,26.6910858
5/6/25 14:28,432,66.7945447098005,1.935,0.0,14,6,5,24.1856842,26.9108677
5/6/25 14:13,432,66.7945447098005,1.935,0.0,14,6,5,24.1231384,27.0085487
5/6/25 13:58,432,66.7945447098005,1.935,0.0,13,6,5,24.1231384,27.0573883
5/6/25 13:43,432,66.7945447098005,1.935,0.0,13,6,5,24.0606079,27.1062279
5/6/25 13:28,432,66.7945447098005,1.935,0.0,13,6,5,23.9980774,27.2039089
5/6/25 13:13,432,66.7945447098005,1.935,0.0,13,6,5,23.8104553,27.3992691
5/6/25 12:58,432,66.7945447098005,1.935,0.0,12,6,5,23.6228333,27.5702076
5/6/25 12:43,432,66.7945447098005,1.935,0.0,12,6,5,23.6228333,27.7167282
5/6/25 12:28,432,66.7945447098005,1.935,0.0,12,6,5,23.6853638,28.0341892
5/6/25 12:13,432,66.7945447098005,1.935,0.0,12,6,5,23.7479095,28.1074486
5/6/25 11:58,432,66.7945447098005,1.935,0.0,11,6,5,23.8729858,28.3028088
5/6/25 11:43,432,66.7945447098005,1.935,0.0,11,6,5,24.0606079,28.5225887
5/6/25 11:28,432,66.7945447098005,1.935,0.0,11,6,5,24.24823,28.6202698
5/6/25 11:13,432,66.7945447098005,1.935,0.0,11,6,5,24.1231384,28.7912083
5/6/25 10:58,432,66.7945447098005,1.935,0.0,10,6,5,23.9980774,29.0109901
5/6/25 10:43,432,66.7945447098005,1.935,0.0,10,6,5,23.8729858,29.1330891
5/6/25 10:28,432,66.7945447098005,1.935,0.0,10,6,5,23.6853638,29.3284492
5/6/25 10:13,432,66.7945447098005,1.935,0.0,10,6,5,23.4872627,29.4749699
5/6/25 9:58,432,66.7945447098005,1.935,0.0,9,6,5,23.2219696,29.3384514
5/6/25 9:43,432,66.7945447098005,1.935,0.0,9,6,5,22.9348907,29.035408
5/6/25 9:28,432,66.7945447098005,1.935,0.0,9,6,5,22.7472839,29.0598297
5/6/25 9:13,432,66.7945447098005,1.935,0.0,9,6,5,22.4971161,29.1575108
5/6/25 8:58,432,66.7945447098005,1.935,0.0,8,6,5,22.309494,29.1819286
5/6/25 8:43,432,66.7945447098005,1.935,0.0,8,6,5,22.1844177,29.3040295
5/6/25 8:28,432,66.7945447098005,1.935,0.0,8,6,5,21.9967957,29.4505501
5/6/25 8:13,432,66.7945447098005,1.935,0.0,8,6,5,21.8717194,29.6459103
5/6/25 7:58,432,66.7945447098005,1.935,0.0,7,6,5,21.6840973,29.8412704
5/6/25 7:43,432,66.7945447098005,1.935,0.0,7,6,5,21.559021,29.975872
5/6/25 7:28,432,66.7945447098005,1.935,0.0,7,6,5,21.4339294,30.0854702
5/6/25 7:13,432,66.7945447098005,1.935,0.0,7,6,5,21.3713989,30.2075691
5/6/25 6:58,432,66.7945447098005,1.935,0.0,6,6,5,21.2463226,30.3785114
5/6/25 6:43,432,66.7945447098005,1.935,0.0,6,6,5,21.1212463,30.525032
5/6/25 6:28,432,66.7945447098005,1.935,0.0,6,6,5,20.9336243,30.8424911
5/6/25 6:13,432,66.7945447098005,1.935,0.0,6,6,5,20.6834564,31.3797302
5/6/25 5:58,432,66.7945447098005,1.935,0.0,5,6,5,20.4958496,31.7704506
5/6/25 5:43,432,66.7945447098005,1.935,0.0,5,6,5,21.1212463,30.3296719
5/6/25 5:28,432,66.7945447098005,1.935,0.0,5,6,5,21.1212463,30.3277168
5/6/25 5:13,432,66.7945447098005,1.935,0.0,5,6,5,21.1837769,30.2319908
5/6/25 4:58,432,66.7945447098005,1.935,0.0,4,6,5,21.1837769,30.2808304
5/6/25 4:43,432,66.7945447098005,1.935,0.0,4,6,5,21.2463226,30.2075691
5/6/25 4:28,432,66.7945447098005,1.935,0.0,4,6,5,21.2463226,30.1343117
5/6/25 4:13,432,66.7945447098005,1.935,0.0,4,6,5,21.3088684,30.10989
5/6/25 3:58,432,66.7945447098005,1.935,0.0,3,6,5,21.3088684,30.0610504
5/6/25 3:43,432,66.7945447098005,1.935,0.0,3,6,5,21.3713989,30.0610504
5/6/25 3:28,432,66.7945447098005,1.935,0.0,3,6,5,21.4339294,29.9633694
5/6/25 3:13,432,66.7945447098005,1.935,0.0,3,6,5,21.4339294,29.9438343
5/6/25 2:58,432,66.7945447098005,1.935,0.0,2,6,5,21.4964905,29.9145298
5/6/25 2:43,432,66.7945447098005,1.935,0.0,2,6,5,21.559021,29.758007
5/6/25 2:28,432,66.7945447098005,1.935,0.0,2,6,5,21.6215515,29.6947498
5/6/25 2:13,432,66.7945447098005,1.935,0.0,2,6,5,21.6215515,29.6947498
5/6/25 1:58,432,66.7945447098005,1.935,0.0,1,6,5,21.6840973,29.6214886
5/6/25 1:43,432,66.7945447098005,1.935,0.0,1,6,5,21.8091736,29.6214886
5/6/25 1:28,432,66.7945447098005,1.935,0.0,1,6,5,21.8091736,29.4749699
5/6/25 1:13,432,66.7945447098005,1.935,0.0,1,6,5,21.8717194,29.4749699
5/6/25 0:58,432,66.7945447098005,1.935,0.0,0,6,5,21.9967957,29.4017105
5/6/25 0:43,432,66.7945447098005,1.935,0.0,0,6,5,22.0593414,29.2307682
5/6/25 0:28,432,66.7945447098005,1.935,0.0,0,6,5,22.1844177,29.1700134
5/6/25 0:13,432,66.7945447098005,1.935,0.0,0,6,5,22.2469635,29.1330891
5/5/25 23:58,432,66.7945447098005,1.935,0.0,23,5,5,22.3720398,28.9377289
5/5/25 23:43,432,66.7945447098005,1.935,0.0,23,5,5,22.4345703,29.035408
5/5/25 23:28,432,66.7945447098005,1.935,0.0,23,5,5,22.4971161,28.8888893
5/5/25 23:13,432,66.7945447098005,1.935,0.0,23,5,5,22.5596619,28.7423687
5/5/25 22:58,432,66.7945447098005,1.935,0.0,22,5,5,22.5596619,28.7667904
5/5/25 22:43,432,66.7945447098005,1.935,0.0,22,5,5,22.6221924,28.5470085
5/5/25 22:28,432,66.7945447098005,1.935,0.0,22,5,5,22.7934227,28.4737492
5/5/25 22:13,432,66.7945447098005,1.935,0.0,22,5,5,22.9348907,28.4004879
5/5/25 21:58,432,66.7945447098005,1.935,0.0,21,5,5,22.9348907,28.0097675
5/5/25 21:43,432,66.7945447098005,1.935,0.0,21,5,5,22.9974365,28.0097675
5/5/25 21:28,432,66.7945447098005,1.935,0.0,21,5,5,23.059967,28.0097675
5/5/25 21:13,432,66.7945447098005,1.935,0.0,21,5,5,23.1225128,27.960928
5/5/25 20:58,432,66.7945447098005,1.935,0.0,20,5,5,23.1850433,28.0586071
5/5/25 20:43,432,66.7945447098005,1.935,0.0,20,5,5,23.2475891,28.0830288
5/5/25 20:28,432,66.7945447098005,1.935,0.0,20,5,5,23.3726654,28.1074486
5/5/25 20:13,432,66.7945447098005,1.935,0.0,20,5,5,23.4352112,28.1074486
5/5/25 19:58,432,66.7945447098005,1.935,0.0,19,5,5,23.497757,28.1562881
5/5/25 19:43,432,66.7945447098005,1.935,0.0,19,5,5,23.5602875,28.2539673
5/5/25 19:28,432,66.7945447098005,1.935,0.0,19,5,5,23.6228333,28.278389
5/5/25 19:13,432,66.7945447098005,1.935,0.0,19,5,5,23.7479095,28.3516483
5/5/25 18:58,432,66.7945447098005,1.935,0.0,18,5,5,23.6853638,28.0586071
5/5/25 18:43,432,66.7945447098005,1.935,0.0,18,5,5,23.6853638,28.0830288
5/5/25 18:28,432,66.7945447098005,1.935,0.0,18,5,5,23.7479095,28.0830288
5/5/25 18:13,432,66.7945447098005,1.935,0.0,18,5,5,23.8104553,28.0341892
5/5/25 17:58,432,66.7945447098005,1.935,0.0,17,5,5,23.8104553,28.0586071
5/5/25 17:43,432,66.7945447098005,1.935,0.0,17,5,5,23.8729858,28.0097675
5/5/25 17:28,432,66.7945447098005,1.935,0.0,17,5,5,23.9355164,27.9853497
5/5/25 17:13,432,66.7945447098005,1.935,0.0,17,5,5,23.8729858,27.9208794
5/5/25 16:58,432,66.7945447098005,1.935,0.0,16,5,5,23.8729858,27.7167282
5/5/25 16:43,432,66.7945447098005,1.935,0.0,16,5,5,23.8104553,27.4969482
5/5/25 16:28,432,66.7945447098005,1.935,0.0,16,5,5,23.6853638,27.4725266
5/5/25 16:13,432,66.7945447098005,1.935,0.0,16,5,5,23.5602875,27.7167282
5/5/25 15:58,432,66.7945447098005,1.935,0.0,15,5,5,23.6853638,27.9365082
5/5/25 15:43,432,66.7945447098005,1.935,0.0,15,5,5,23.7479095,28.2539673
5/5/25 15:28,432,66.7945447098005,1.935,0.0,15,5,5,23.7479095,28.4004879
5/5/25 15:13,432,66.7945447098005,1.935,0.0,15,5,5,23.8104553,28.1807098
5/5/25 14:58,432,66.7945447098005,1.935,0.0,14,5,5,23.8729858,28.1562881
5/5/25 14:43,432,66.7945447098005,1.935,0.0,14,5,5,23.8729858,27.9853497
5/5/25 14:28,432,66.7945447098005,1.935,0.0,14,5,5,23.8729858,27.6290493
5/5/25 14:13,432,66.7945447098005,1.935,0.0,14,5,5,23.8729858,27.2527485
5/5/25 13:58,432,66.7945447098005,1.935,0.0,13,5,5,23.9355164,27.1550674
5/5/25 13:43,432,66.7945447098005,1.935,0.0,13,5,5,23.9355164,26.8376064
5/5/25 13:28,432,66.7945447098005,1.935,0.0,13,5,5,23.9980774,26.227108
5/5/25 13:13,432,66.7945447098005,1.935,0.0,13,5,5,23.9980774,26.4957256
5/5/25 12:58,432,66.7945447098005,1.935,0.0,12,5,5,23.9355164,26.8131886
5/5/25 12:43,432,66.7945447098005,1.935,0.0,12,5,5,23.8813782,27.0329666
5/5/25 12:28,432,66.7945447098005,1.935,0.0,12,5,5,23.8729858,27.2527485
5/5/25 12:13,432,66.7945447098005,1.935,0.0,12,5,5,23.8729858,27.3754349
5/5/25 11:58,432,66.7945447098005,1.935,0.0,11,5,5,23.9355164,27.3260078
5/5/25 11:43,432,66.7945447098005,1.935,0.0,11,5,5,23.9980774,27.1062279
5/5/25 11:28,432,66.7945447098005,1.935,0.0,11,5,5,24.0606079,26.886446
5/5/25 11:13,432,66.7945447098005,1.935,0.0,11,5,5,24.3107605,26.6666679
5/5/25 10:58,432,66.7945447098005,1.935,0.0,10,5,5,24.4983826,26.2026863
5/5/25 10:43,432,66.7945447098005,1.935,0.0,10,5,5,24.3733063,26.227108
5/5/25 10:28,432,66.7945447098005,1.935,0.0,10,5,5,24.1856842,26.2515259
5/5/25 10:13,432,66.7945447098005,1.935,0.0,10,5,5,23.9980774,26.227108
5/5/25 9:58,432,66.7945447098005,1.935,0.0,9,5,5,23.8104553,26.3003654
5/5/25 9:43,432,66.7945447098005,1.935,0.0,9,5,5,23.6228333,26.5201473
5/5/25 9:28,432,66.7945447098005,1.935,0.0,9,5,5,23.4352112,26.5445671
5/5/25 9:13,432,66.7945447098005,1.935,0.0,9,5,5,23.2475891,26.4468861
5/5/25 8:58,432,66.7945447098005,1.935,0.0,8,5,5,23.059967,26.4957256
5/5/25 8:43,432,66.7945447098005,1.935,0.0,8,5,5,22.872345,26.4713078
5/5/25 8:28,432,66.7945447098005,1.935,0.0,8,5,5,22.6847229,26.3003654
5/5/25 8:13,432,66.7945447098005,1.935,0.0,8,5,5,22.4971161,26.2026863
5/5/25 7:58,432,66.7945447098005,1.935,0.0,7,5,5,22.309494,26.227108
5/5/25 7:43,432,66.7945447098005,1.935,0.0,7,5,5,22.1844177,26.2759476
5/5/25 7:28,432,66.7945447098005,1.935,0.0,7,5,5,22.1218719,26.3736267
5/5/25 7:13,432,66.7945447098005,1.935,0.0,7,5,5,21.9967957,26.4468861
5/5/25 6:58,432,66.7945447098005,1.935,0.0,6,5,5,21.9967957,26.5201473
5/5/25 6:43,432,66.7945447098005,1.935,0.0,6,5,5,21.8717194,26.6178284
5/5/25 6:28,432,66.7945447098005,1.935,0.0,6,5,5,21.7466431,26.7887669
5/5/25 6:13,432,66.7945447098005,1.935,0.0,6,5,5,21.4964905,27.1550674
5/5/25 5:58,432,66.7945447098005,1.935,0.0,5,5,5,21.3088684,27.0573883
5/5/25 5:43,432,66.7945447098005,1.935,0.0,5,5,5,21.8091736,25.4700851
5/5/25 5:28,432,66.7945447098005,1.935,0.0,5,5,5,21.8717194,25.4700851
5/5/25 5:13,432,66.7945447098005,1.935,0.0,5,5,5,21.8717194,25.3968258
5/5/25 4:58,432,66.7945447098005,1.935,0.0,4,5,5,21.9342499,25.372406
5/5/25 4:43,432,66.7945447098005,1.935,0.0,4,5,5,21.9342499,25.3235645
5/5/25 4:28,432,66.7945447098005,1.935,0.0,4,5,5,21.9342499,25.2503071
5/5/25 4:13,432,66.7945447098005,1.935,0.0,4,5,5,21.9967957,25.1770458
5/5/25 3:58,432,66.7945447098005,1.935,0.0,3,5,5,22.0593414,25.1282043
5/5/25 3:43,432,66.7945447098005,1.935,0.0,3,5,5,22.0593414,25.0305252
5/5/25 3:28,432,66.7945447098005,1.935,0.0,3,5,5,22.1218719,24.9816856
5/5/25 3:13,432,66.7945447098005,1.935,0.0,3,5,5,22.1218719,24.9572659
5/5/25 2:58,432,66.7945447098005,1.935,0.0,2,5,5,22.1844177,24.9572659
5/5/25 2:43,432,66.7945447098005,1.935,0.0,2,5,5,22.2469635,24.8840046
5/5/25 2:28,432,66.7945447098005,1.935,0.0,2,5,5,22.2469635,24.7863255
5/5/25 2:13,432,66.7945447098005,1.935,0.0,2,5,5,22.309494,24.7274818
5/5/25 1:58,432,66.7945447098005,1.935,0.0,1,5,5,22.3720398,24.6153851
5/5/25 1:43,432,66.7945447098005,1.935,0.0,1,5,5,22.4345703,24.5909653
5/5/25 1:28,432,66.7945447098005,1.935,0.0,1,5,5,22.4345703,24.5421238
5/5/25 1:13,432,66.7945447098005,1.935,0.0,1,5,5,22.4971161,24.4688663
5/5/25 0:58,432,66.7945447098005,1.935,0.0,0,5,5,22.5596619,24.4200249
5/5/25 0:43,432,66.7945447098005,1.935,0.0,0,5,5,22.6017017,24.3467636
5/5/25 0:28,432,66.7945447098005,1.935,0.0,0,5,5,22.6847229,24.2002449
5/5/25 0:13,432,66.7945447098005,1.935,0.0,0,5,5,22.7472839,24.1514034
5/4/25 23:58,432,66.7945447098005,1.935,0.0,23,4,5,22.8098145,24.0537243
5/4/25 23:43,432,66.7945447098005,1.935,0.0,23,4,5,22.872345,23.9072037
5/4/25 23:28,432,66.7945447098005,1.935,0.0,23,4,5,22.9974365,23.8095245
5/4/25 23:13,432,66.7945447098005,1.935,0.0,23,4,5,23.059967,23.7118435
5/4/25 22:58,432,66.7945447098005,1.935,0.0,22,4,5,23.1850433,23.5653229
5/4/25 22:43,432,66.7945447098005,1.935,0.0,22,4,5,23.3101349,23.4188042
5/4/25 22:28,432,66.7945447098005,1.935,0.0,22,4,5,23.4352112,23.2478638
5/4/25 22:13,432,66.7945447098005,1.935,0.0,22,4,5,23.5602875,23.0280838
5/4/25 21:58,432,66.7945447098005,1.935,0.0,21,4,5,23.497757,23.3455448
5/4/25 21:43,432,66.7945447098005,1.935,0.0,21,4,5,23.5602875,23.223444
5/4/25 21:28,432,66.7945447098005,1.935,0.0,21,4,5,23.6228333,23.1257629
5/4/25 21:13,432,66.7945447098005,1.935,0.0,21,4,5,23.6228333,23.0769234
5/4/25 20:58,432,66.7945447098005,1.935,0.0,20,4,5,23.5602875,23.0769234
5/4/25 20:43,432,66.7945447098005,1.935,0.0,20,4,5,23.6228333,23.0525036
5/4/25 20:28,432,66.7945447098005,1.935,0.0,20,4,5,23.6228333,22.9792423
5/4/25 20:13,432,66.7945447098005,1.935,0.0,20,4,5,23.6228333,22.9548244
5/4/25 19:58,432,66.7945447098005,1.935,0.0,19,4,5,23.6853638,22.9059849
5/4/25 19:43,432,66.7945447098005,1.935,0.0,19,4,5,23.6853638,22.9059849
5/4/25 19:28,432,66.7945447098005,1.935,0.0,19,4,5,23.6853638,22.8327236
5/4/25 19:13,432,66.7945447098005,1.935,0.0,19,4,5,23.7479095,22.7594643
5/4/25 18:58,432,66.7945447098005,1.935,0.0,18,4,5,23.7479095,22.8083038
5/4/25 18:43,432,66.7945447098005,1.935,0.0,18,4,5,23.6853638,22.8327236
5/4/25 18:28,432,66.7945447098005,1.935,0.0,18,4,5,23.6853638,22.7106247
5/4/25 18:13,432,66.7945447098005,1.935,0.0,18,4,5,23.7479095,22.7350426
5/4/25 17:58,432,66.7945447098005,1.935,0.0,17,4,5,23.7479095,22.7838821
5/4/25 17:43,432,66.7945447098005,1.935,0.0,17,4,5,23.7479095,22.7838821
5/4/25 17:28,432,66.7945447098005,1.935,0.0,17,4,5,23.7479095,22.8327236
5/4/25 17:13,432,66.7945447098005,1.935,0.0,17,4,5,23.7479095,22.9059849
5/4/25 16:58,432,66.7945447098005,1.935,0.0,16,4,5,23.7479095,22.8571433999999
5/4/25 16:43,432,66.7945447098005,1.935,0.0,16,4,5,23.7479095,22.8327236
5/4/25 16:28,432,66.7945447098005,1.935,0.0,16,4,5,23.6853638,22.8327236
5/4/25 16:13,432,66.7945447098005,1.935,0.0,16,4,5,23.6853638,22.7594643
5/4/25 15:58,432,66.7945447098005,1.935,0.0,15,4,5,23.5602875,22.8327236
5/4/25 15:43,432,66.7945447098005,1.935,0.0,15,4,5,23.3726654,23.0280838
5/4/25 15:28,432,66.7945447098005,1.935,0.0,15,4,5,23.6853638,23.443224
5/4/25 15:13,432,66.7945447098005,1.935,0.0,15,4,5,24.1856842,23.5897446
5/4/25 14:58,432,66.7945447098005,1.935,0.0,14,4,5,24.1651878,23.6874256
5/4/25 14:43,432,66.7945447098005,1.935,0.0,14,4,5,24.1231384,23.7851048
5/4/25 14:28,432,66.7945447098005,1.935,0.0,14,4,5,24.0606079,23.8339443
5/4/25 14:13,432,66.7945447098005,1.935,0.0,14,4,5,23.9355164,23.7606831
5/4/25 13:58,432,66.7945447098005,1.935,0.0,13,4,5,23.7479095,23.8827858
5/4/25 13:43,432,66.7945447098005,1.935,0.0,13,4,5,23.6853638,24.1025639
5/4/25 13:28,432,66.7945447098005,1.935,0.0,13,4,5,23.7479095,24.2002449
5/4/25 13:13,432,66.7945447098005,1.935,0.0,13,4,5,23.8209457,24.2735062
5/4/25 12:58,432,66.7945447098005,1.935,0.0,12,4,5,23.9355164,24.3223457
5/4/25 12:43,432,66.7945447098005,1.935,0.0,12,4,5,24.1231384,24.3223457
5/4/25 12:28,432,66.7945447098005,1.935,0.0,12,4,5,24.4358368,24.2735062
5/4/25 12:13,432,66.7945447098005,1.935,0.0,12,4,5,24.4983826,24.2490845
5/4/25 11:58,432,66.7945447098005,1.935,0.0,11,4,5,24.3733063,24.3223457
5/4/25 11:43,432,66.7945447098005,1.935,0.0,11,4,5,24.1856842,24.3467636
5/4/25 11:28,432,66.7945447098005,1.935,0.0,11,4,5,23.9980774,24.3223457
5/4/25 11:13,432,66.7945447098005,1.935,0.0,11,4,5,23.8104553,23.9804649
5/4/25 10:58,432,66.7945447098005,1.935,0.0,10,4,5,23.6853638,24.0537243
5/4/25 10:43,432,66.7945447098005,1.935,0.0,10,4,5,23.497757,24.1758251
5/4/25 10:28,432,66.7945447098005,1.935,0.0,10,4,5,23.3726654,24.297924
5/4/25 10:13,432,66.7945447098005,1.935,0.0,10,4,5,23.1850433,24.3711853
5/4/25 9:58,432,66.7945447098005,1.935,0.0,9,4,5,22.9974365,24.4932842
5/4/25 9:43,432,66.7945447098005,1.935,0.0,9,4,5,22.8098145,24.5909653
5/4/25 9:28,432,66.7945447098005,1.935,0.0,9,4,5,22.6221924,24.6642265
5/4/25 9:13,432,66.7945447098005,1.935,0.0,9,4,5,22.3720398,24.7130661
5/4/25 8:58,432,66.7945447098005,1.935,0.0,8,4,5,22.2469635,24.7619057
5/4/25 8:43,432,66.7945447098005,1.935,0.0,8,4,5,22.0593414,24.835165
5/4/25 8:28,432,66.7945447098005,1.935,0.0,8,4,5,21.9342499,24.8595867
5/4/25 8:13,432,66.7945447098005,1.935,0.0,8,4,5,21.8091736,24.8840046
5/4/25 7:58,432,66.7945447098005,1.935,0.0,7,4,5,21.6840973,24.9816856
5/4/25 7:43,432,66.7945447098005,1.935,0.0,7,4,5,21.559021,25.0549469
5/4/25 7:28,432,66.7945447098005,1.935,0.0,7,4,5,21.4964905,25.152626
5/4/25 7:13,432,66.7945447098005,1.935,0.0,7,4,5,21.3713989,25.2258854
5/4/25 6:58,432,66.7945447098005,1.935,0.0,6,4,5,21.3088684,25.3235645
5/4/25 6:43,432,66.7945447098005,1.935,0.0,6,4,5,21.1837769,25.4456673
5/4/25 6:28,432,66.7945447098005,1.935,0.0,6,4,5,20.99617,25.6410275
5/4/25 6:13,432,66.7945447098005,1.935,0.0,6,4,5,20.808548,26.0561657
5/4/25 5:58,432,66.7945447098005,1.935,0.0,5,4,5,20.6209259,26.4468861
5/4/25 5:43,432,66.7945447098005,1.935,0.0,5,4,5,21.2463226,25.372406
5/4/25 5:28,432,66.7945447098005,1.935,0.0,5,4,5,21.2463226,25.2991467
5/4/25 5:13,432,66.7945447098005,1.935,0.0,5,4,5,21.3088684,25.2991467
5/4/25 4:58,432,66.7945447098005,1.935,0.0,4,4,5,21.3088684,25.2014656
5/4/25 4:43,432,66.7945447098005,1.935,0.0,4,4,5,21.3088684,25.1282043
5/4/25 4:28,432,66.7945447098005,1.935,0.0,4,4,5,21.3713989,25.1037865
5/4/25 4:13,432,66.7945447098005,1.935,0.0,4,4,5,21.4339294,24.9816856
5/4/25 3:58,432,66.7945447098005,1.935,0.0,3,4,5,21.4339294,24.9203415
5/4/25 3:43,432,66.7945447098005,1.935,0.0,3,4,5,21.4964905,24.8840046
5/4/25 3:28,432,66.7945447098005,1.935,0.0,3,4,5,21.4964905,24.835165
5/4/25 3:13,432,66.7945447098005,1.935,0.0,3,4,5,21.559021,24.737484
5/4/25 2:58,432,66.7945447098005,1.935,0.0,2,4,5,21.559021,24.7130661
5/4/25 2:43,432,66.7945447098005,1.935,0.0,2,4,5,21.6215515,24.6153851
5/4/25 2:28,432,66.7945447098005,1.935,0.0,2,4,5,21.6840973,24.5421238
5/4/25 2:13,432,66.7945447098005,1.935,0.0,2,4,5,21.6840973,24.4932842
5/4/25 1:58,432,66.7945447098005,1.935,0.0,1,4,5,21.7466431,24.4688663
5/4/25 1:43,432,66.7945447098005,1.935,0.0,1,4,5,21.8091736,24.3623924
5/4/25 1:28,432,66.7945447098005,1.935,0.0,1,4,5,21.8175697,24.3223457
5/4/25 1:13,432,66.7945447098005,1.935,0.0,1,4,5,21.9342499,24.1758251
5/4/25 0:58,432,66.7945447098005,1.935,0.0,0,4,5,21.9967957,24.1514034
5/4/25 0:43,432,66.7945447098005,1.935,0.0,0,4,5,21.9967957,24.1025639
5/4/25 0:28,432,66.7945447098005,1.935,0.0,0,4,5,22.0593414,24.0048847
5/4/25 0:13,432,66.7945447098005,1.935,0.0,0,4,5,22.1218719,23.9072037
5/3/25 23:58,432,66.7945447098005,1.935,0.0,23,3,5,22.2469635,23.8095245
5/3/25 23:43,432,66.7945447098005,1.935,0.0,23,3,5,22.309494,23.7118435
5/3/25 23:28,432,66.7945447098005,1.935,0.0,23,3,5,22.3720398,23.6630039
5/3/25 23:13,432,66.7945447098005,1.935,0.0,23,3,5,22.4971161,23.540905
5/3/25 22:58,432,66.7945447098005,1.935,0.0,22,3,5,22.5596619,23.3455448
5/3/25 22:43,432,66.7945447098005,1.935,0.0,22,3,5,22.7472839,23.1746025
5/3/25 22:28,432,66.7945447098005,1.935,0.0,22,3,5,22.872345,22.9792423
5/3/25 22:13,432,66.7945447098005,1.935,0.0,22,3,5,23.059967,22.8327236
5/3/25 21:58,432,66.7945447098005,1.935,0.0,21,3,5,23.059967,22.8083038
5/3/25 21:43,432,66.7945447098005,1.935,0.0,21,3,5,23.059967,22.7594643
5/3/25 21:28,432,66.7945447098005,1.935,0.0,21,3,5,23.059967,22.8083038
5/3/25 21:13,432,66.7945447098005,1.935,0.0,21,3,5,23.059967,22.9304028
5/3/25 20:58,432,66.7945447098005,1.935,0.0,20,3,5,23.059967,22.8327236
5/3/25 20:43,432,66.7945447098005,1.935,0.0,20,3,5,22.9974365,22.9216137
5/3/25 20:28,432,66.7945447098005,1.935,0.0,20,3,5,22.9974365,22.9304028
5/3/25 20:13,432,66.7945447098005,1.935,0.0,20,3,5,23.059967,22.9548244
5/3/25 19:58,432,66.7945447098005,1.935,0.0,19,3,5,23.1225128,22.9059849
5/3/25 19:43,432,66.7945447098005,1.935,0.0,19,3,5,23.1850433,22.9059849
5/3/25 19:28,432,66.7945447098005,1.935,0.0,19,3,5,23.2475891,22.9059849
5/3/25 19:13,432,66.7945447098005,1.935,0.0,19,3,5,23.3101349,22.8571433999999
5/3/25 18:58,432,66.7945447098005,1.935,0.0,18,3,5,23.4352112,22.8571433999999
5/3/25 18:43,432,66.7945447098005,1.935,0.0,18,3,5,23.497757,22.8327236
5/3/25 18:28,432,66.7945447098005,1.935,0.0,18,3,5,23.5602875,22.8571433999999
5/3/25 18:13,432,66.7945447098005,1.935,0.0,18,3,5,23.6228333,22.9059849
5/3/25 17:58,432,66.7945447098005,1.935,0.0,17,3,5,23.6853638,22.8571433999999
5/3/25 17:43,432,66.7945447098005,1.935,0.0,17,3,5,23.7479095,22.9304028
5/3/25 17:28,432,66.7945447098005,1.935,0.0,17,3,5,23.7479095,22.9792423
5/3/25 17:13,432,66.7945447098005,1.935,0.0,17,3,5,23.8104553,23.0280838
5/3/25 16:58,432,66.7945447098005,1.935,0.0,16,3,5,23.8729858,23.0769234
5/3/25 16:43,432,66.7945447098005,1.935,0.0,16,3,5,23.8729858,23.1013451
5/3/25 16:28,432,66.7945447098005,1.935,0.0,16,3,5,23.9355164,23.1257629
5/3/25 16:13,432,66.7945447098005,1.935,0.0,16,3,5,23.9980774,23.1501846
5/3/25 15:58,432,66.7945447098005,1.935,0.0,15,3,5,23.9980774,23.1746025
5/3/25 15:43,432,66.7945447098005,1.935,0.0,15,3,5,23.9980774,23.1746025
5/3/25 15:28,432,66.7945447098005,1.935,0.0,15,3,5,23.9980774,23.1501846
5/3/25 15:13,432,66.7945447098005,1.935,0.0,15,3,5,23.9355164,23.1990242
5/3/25 14:58,432,66.7945447098005,1.935,0.0,14,3,5,23.8104553,23.2967052
5/3/25 14:43,432,66.7945447098005,1.935,0.0,14,3,5,23.6228333,23.443224
5/3/25 14:28,432,66.7945447098005,1.935,0.0,14,3,5,23.6228333,23.443224
5/3/25 14:13,432,66.7945447098005,1.935,0.0,14,3,5,23.7479095,23.3699627
5/3/25 13:58,432,66.7945447098005,1.935,0.0,13,3,5,23.8729858,23.3699627
5/3/25 13:43,432,66.7945447098005,1.935,0.0,13,3,5,24.0606079,23.1501846
5/3/25 13:28,432,66.7945447098005,1.935,0.0,13,3,5,24.3733063,23.0400009
5/3/25 13:13,432,66.7945447098005,1.935,0.0,13,3,5,24.4983826,22.9548244
5/3/25 12:58,432,66.7945447098005,1.935,0.0,12,3,5,24.3733063,22.8083038
5/3/25 12:43,432,66.7945447098005,1.935,0.0,12,3,5,24.24823,22.9059849
5/3/25 12:28,432,66.7945447098005,1.935,0.0,12,3,5,24.0606079,23.003664
5/3/25 12:13,432,66.7945447098005,1.935,0.0,12,3,5,23.8729858,23.0769234
5/3/25 11:58,432,66.7945447098005,1.935,0.0,11,3,5,23.6853638,23.1013451
5/3/25 11:43,432,66.7945447098005,1.935,0.0,11,3,5,23.4352112,23.1501846
5/3/25 11:28,432,66.7945447098005,1.935,0.0,11,3,5,23.2475891,23.1990242
5/3/25 11:13,432,66.7945447098005,1.935,0.0,11,3,5,23.059967,23.2967052
5/3/25 10:58,432,66.7945447098005,1.935,0.0,10,3,5,22.872345,23.3943844
5/3/25 10:43,432,66.7945447098005,1.935,0.0,10,3,5,22.6847229,23.4920654
5/3/25 10:28,432,66.7945447098005,1.935,0.0,10,3,5,22.4345703,23.6630039
5/3/25 10:13,432,66.7945447098005,1.935,0.0,10,3,5,22.2469635,23.7606831
5/3/25 9:58,432,66.7945447098005,1.935,0.0,9,3,5,22.0593414,23.8583641
5/3/25 9:43,432,66.7945447098005,1.935,0.0,9,3,5,21.8717194,23.9316254
5/3/25 9:28,432,66.7945447098005,1.935,0.0,9,3,5,21.7466431,23.9560432
5/3/25 9:13,432,66.7945447098005,1.935,0.0,9,3,5,21.6215515,24.0293045
5/3/25 8:58,432,66.7945447098005,1.935,0.0,8,3,5,21.559021,24.0537243
5/3/25 8:43,432,66.7945447098005,1.935,0.0,8,3,5,21.4339294,24.1269855
5/3/25 8:28,432,66.7945447098005,1.935,0.0,8,3,5,21.3713989,24.1514034
5/3/25 8:13,432,66.7945447098005,1.935,0.0,8,3,5,21.3713989,24.1758251
5/3/25 7:58,432,66.7945447098005,1.935,0.0,7,3,5,21.3088684,24.1758251
5/3/25 7:43,432,66.7945447098005,1.935,0.0,7,3,5,21.2463226,24.2002449
5/3/25 7:28,432,66.7945447098005,1.935,0.0,7,3,5,21.2463226,24.2002449
5/3/25 7:13,432,66.7945447098005,1.935,0.0,7,3,5,21.1837769,24.2246647
5/3/25 6:58,432,66.7945447098005,1.935,0.0,6,3,5,21.0587006,24.297924
5/3/25 6:43,432,66.7945447098005,1.935,0.0,6,3,5,20.99617,24.3956051
5/3/25 6:28,432,66.7945447098005,1.935,0.0,6,3,5,20.808548,24.5665455
5/3/25 6:13,432,66.7945447098005,1.935,0.0,6,3,5,20.5583801,24.9328442
5/3/25 5:58,432,66.7945447098005,1.935,0.0,5,3,5,20.4333038,25.592186
5/3/25 5:43,432,66.7945447098005,1.935,0.0,5,3,5,21.1212463,24.9084263
5/3/25 5:28,432,66.7945447098005,1.935,0.0,5,3,5,21.1212463,24.8840046
5/3/25 5:13,432,66.7945447098005,1.935,0.0,5,3,5,21.1212463,24.835165
5/3/25 4:58,432,66.7945447098005,1.935,0.0,4,3,5,21.1212463,24.8107452
5/3/25 4:43,432,66.7945447098005,1.935,0.0,4,3,5,21.1837769,24.7619057
5/3/25 4:28,432,66.7945447098005,1.935,0.0,4,3,5,21.1837769,24.7130661
5/3/25 4:13,432,66.7945447098005,1.935,0.0,4,3,5,21.2463226,24.6153851
5/3/25 3:58,432,66.7945447098005,1.935,0.0,3,3,5,21.2463226,24.5909653
5/3/25 3:43,432,66.7945447098005,1.935,0.0,3,3,5,21.3088684,24.5421238
5/3/25 3:28,432,66.7945447098005,1.935,0.0,3,3,5,21.3088684,24.4688663
5/3/25 3:13,432,66.7945447098005,1.935,0.0,3,3,5,21.3713989,24.4444447
5/3/25 2:58,432,66.7945447098005,1.935,0.0,2,3,5,21.3713989,24.3711853
5/3/25 2:43,432,66.7945447098005,1.935,0.0,2,3,5,21.4339294,24.297924
5/3/25 2:28,432,66.7945447098005,1.935,0.0,2,3,5,21.4964905,24.2490845
5/3/25 2:13,432,66.7945447098005,1.935,0.0,2,3,5,21.5128822,24.1514034
5/3/25 1:58,432,66.7945447098005,1.935,0.0,1,3,5,21.559021,24.078146
5/3/25 1:43,432,66.7945447098005,1.935,0.0,1,3,5,21.6215515,24.0048847
5/3/25 1:28,432,66.7945447098005,1.935,0.0,1,3,5,21.6840973,23.9804649
5/3/25 1:13,432,66.7945447098005,1.935,0.0,1,3,5,21.7466431,23.8915749
5/3/25 0:58,432,66.7945447098005,1.935,0.0,0,3,5,21.8091736,23.7606831
5/3/25 0:43,432,66.7945447098005,1.935,0.0,0,3,5,21.8717194,23.7118435
5/3/25 0:28,432,66.7945447098005,1.935,0.0,0,3,5,21.9342499,23.6141644
5/3/25 0:13,432,66.7945447098005,1.935,0.0,0,3,5,21.9967957,23.540905
5/2/25 23:58,432,66.7945447098005,1.935,0.0,23,2,5,22.0593414,23.4920654
5/2/25 23:43,432,66.7945447098005,1.935,0.0,23,2,5,22.1218719,23.3943844
5/2/25 23:28,432,66.7945447098005,1.935,0.0,23,2,5,22.2469635,23.2478638
5/2/25 23:13,432,66.7945447098005,1.935,0.0,23,2,5,22.309494,23.1257629
5/2/25 22:58,432,66.7945447098005,1.935,0.0,22,2,5,22.4345703,22.9792423
5/2/25 22:43,432,66.7945447098005,1.935,0.0,22,2,5,22.5596619,22.8327236
5/2/25 22:28,432,66.7945447098005,1.935,0.0,22,2,5,22.693119,22.6617832
5/2/25 22:13,432,66.7945447098005,1.935,0.0,22,2,5,22.9348907,22.4420033
5/2/25 21:58,432,66.7945447098005,1.935,0.0,21,2,5,22.872345,22.2710629
5/2/25 21:43,432,66.7945447098005,1.935,0.0,21,2,5,22.9974365,22.2222233
5/2/25 21:28,432,66.7945447098005,1.935,0.0,21,2,5,23.059967,22.1978016
5/2/25 21:13,432,66.7945447098005,1.935,0.0,21,2,5,23.059967,22.148962
5/2/25 20:58,432,66.7945447098005,1.935,0.0,20,2,5,23.1225128,22.0757027
5/2/25 20:43,432,66.7945447098005,1.935,0.0,20,2,5,23.059967,22.1978016
5/2/25 20:28,432,66.7945447098005,1.935,0.0,20,2,5,23.1225128,22.2954826
5/2/25 20:13,432,66.7945447098005,1.935,0.0,20,2,5,23.2106628,22.4175835
5/2/25 19:58,432,66.7945447098005,1.935,0.0,19,2,5,23.2475891,22.588522
5/2/25 19:43,432,66.7945447098005,1.935,0.0,19,2,5,23.3101349,22.686203
5/2/25 19:28,432,66.7945447098005,1.935,0.0,19,2,5,23.4352112,22.7838821
5/2/25 19:13,432,66.7945447098005,1.935,0.0,19,2,5,23.497757,22.9059849
5/2/25 18:58,432,66.7945447098005,1.935,0.0,18,2,5,23.6228333,23.3455448
5/2/25 18:43,432,66.7945447098005,1.935,0.0,18,2,5,23.6228333,23.4920654
5/2/25 18:28,432,66.7945447098005,1.935,0.0,18,2,5,23.497757,23.1013451
5/2/25 18:13,432,66.7945447098005,1.935,0.0,18,2,5,23.5602875,23.3211231
5/2/25 17:58,432,66.7945447098005,1.935,0.0,17,2,5,23.6228333,23.540905
5/2/25 17:43,432,66.7945447098005,1.935,0.0,17,2,5,23.6853638,23.7851048
5/2/25 17:28,432,66.7945447098005,1.935,0.0,17,2,5,23.7479095,23.9804649
5/2/25 17:13,432,66.7945447098005,1.935,0.0,17,2,5,23.8729858,24.1514034
5/2/25 16:58,432,66.7945447098005,1.935,0.0,16,2,5,23.9355164,24.9897156
5/2/25 16:43,432,66.7945447098005,1.935,0.0,16,2,5,23.9355164,24.4200249
5/2/25 16:28,432,66.7945447098005,1.935,0.0,16,2,5,23.9355164,24.3223457
5/2/25 16:13,432,66.7945447098005,1.935,0.0,16,2,5,23.9980774,24.3467636
5/2/25 15:58,432,66.7945447098005,1.935,0.0,15,2,5,24.0606079,24.4200249
5/2/25 15:43,432,66.7945447098005,1.935,0.0,15,2,5,24.1231384,24.5421238
5/2/25 15:28,432,66.7945447098005,1.935,0.0,15,2,5,24.1231384,24.6153851
5/2/25 15:13,432,66.7945447098005,1.935,0.0,15,2,5,24.1856842,24.7130661
5/2/25 14:58,432,66.7945447098005,1.935,0.0,14,2,5,24.1856842,24.737484
5/2/25 14:43,432,66.7945447098005,1.935,0.0,14,2,5,24.1856842,24.7619057
5/2/25 14:28,432,66.7945447098005,1.935,0.0,14,2,5,24.17519,24.9328442
5/2/25 14:13,432,66.7945447098005,1.935,0.0,14,2,5,24.0606079,25.0549469
5/2/25 13:58,432,66.7945447098005,1.935,0.0,13,2,5,23.9980774,25.152626
5/2/25 13:43,432,66.7945447098005,1.935,0.0,13,2,5,23.8104553,25.2258854
5/2/25 13:28,432,66.7945447098005,1.935,0.0,13,2,5,23.497757,25.372406
5/2/25 13:13,432,66.7945447098005,1.935,0.0,13,2,5,23.3101349,25.4212456
5/2/25 12:58,432,66.7945447098005,1.935,0.0,12,2,5,23.5602875,25.5677662
5/2/25 12:43,432,66.7945447098005,1.935,0.0,12,2,5,24.24823,25.5433464
5/2/25 12:28,432,66.7945447098005,1.935,0.0,12,2,5,24.1231384,25.5433464
5/2/25 12:13,432,66.7945447098005,1.935,0.0,12,2,5,23.9355164,25.7142849
5/2/25 11:58,432,66.7945447098005,1.935,0.0,11,2,5,24.1231384,25.5433464
5/2/25 11:43,432,66.7945447098005,1.935,0.0,11,2,5,24.5609283,25.0549469
5/2/25 11:28,432,66.7945447098005,1.935,0.0,11,2,5,24.4983826,25.0305252
5/2/25 11:13,432,66.7945447098005,1.935,0.0,11,2,5,24.4358368,25.1037865
5/2/25 10:58,432,66.7945447098005,1.935,0.0,10,2,5,24.3107605,25.0793648
5/2/25 10:43,432,66.7945447098005,1.935,0.0,10,2,5,24.3107605,25.0793648
5/2/25 10:28,432,66.7945447098005,1.935,0.0,10,2,5,24.24823,25.0305252
5/2/25 10:13,432,66.7945447098005,1.935,0.0,10,2,5,24.1856842,24.7130661
5/2/25 9:58,432,66.7945447098005,1.935,0.0,9,2,5,24.24823,24.4444447
5/2/25 9:43,432,66.7945447098005,1.935,0.0,9,2,5,24.1231384,24.3956051
5/2/25 9:28,432,66.7945447098005,1.935,0.0,9,2,5,23.8104553,24.7863255
5/2/25 9:13,432,66.7945447098005,1.935,0.0,9,2,5,23.1225128,25.5433464
5/2/25 8:58,432,66.7945447098005,1.935,0.0,8,2,5,22.6847229,26.227108
5/2/25 8:43,432,66.7945447098005,1.935,0.0,8,2,5,22.4345703,26.7643471
5/2/25 8:28,432,66.7945447098005,1.935,0.0,8,2,5,22.2574539,26.886446
5/2/25 8:13,432,66.7945447098005,1.935,0.0,8,2,5,22.1218719,27.1062279
5/2/25 7:58,432,66.7945447098005,1.935,0.0,7,2,5,21.9342499,27.3504276
5/2/25 7:43,432,66.7945447098005,1.935,0.0,7,2,5,21.7466431,27.5702076
5/2/25 7:28,432,66.7945447098005,1.935,0.0,7,2,5,21.4964905,27.8876686
5/2/25 7:13,432,66.7945447098005,1.935,0.0,7,2,5,21.3088684,28.1562881
5/2/25 6:58,432,66.7945447098005,1.935,0.0,6,2,5,20.99617,28.4249096
5/2/25 6:43,432,66.7945447098005,1.935,0.0,6,2,5,20.808548,28.6691093
5/2/25 6:28,432,66.7945447098005,1.935,0.0,6,2,5,20.7460022,28.6446877
5/2/25 6:13,432,66.7945447098005,1.935,0.0,6,2,5,20.183136,29.7191696
5/2/25 5:58,432,66.7945447098005,1.935,0.0,5,2,5,20.245697,30.3052502
5/2/25 5:43,432,66.7945447098005,1.935,0.0,5,2,5,20.7460022,30.0122089
5/2/25 5:28,432,66.7945447098005,1.935,0.0,5,2,5,20.7460022,30.0122089
5/2/25 5:13,432,66.7945447098005,1.935,0.0,5,2,5,20.808548,29.9797897
5/2/25 4:58,432,66.7945447098005,1.935,0.0,4,2,5,20.808548,29.9389515
5/2/25 4:43,432,66.7945447098005,1.935,0.0,4,2,5,20.808548,29.9145298
5/2/25 4:28,432,66.7945447098005,1.935,0.0,4,2,5,20.8710785,29.89011
5/2/25 4:13,432,66.7945447098005,1.935,0.0,4,2,5,20.8710785,29.8656902
5/2/25 3:58,432,66.7945447098005,1.935,0.0,3,2,5,20.9336243,29.8656902
5/2/25 3:43,432,66.7945447098005,1.935,0.0,3,2,5,20.9336243,29.7924309
5/2/25 3:28,432,66.7945447098005,1.935,0.0,3,2,5,20.99617,29.7435913
5/2/25 3:13,432,66.7945447098005,1.935,0.0,3,2,5,20.99617,29.7435913
5/2/25 2:58,432,66.7945447098005,1.935,0.0,2,2,5,21.0587006,29.7015877
5/2/25 2:43,432,66.7945447098005,1.935,0.0,2,2,5,21.0587006,29.6459103
5/2/25 2:28,432,66.7945447098005,1.935,0.0,2,2,5,21.1212463,29.6214886
5/2/25 2:13,432,66.7945447098005,1.935,0.0,2,2,5,21.1212463,29.572649
5/2/25 1:58,432,66.7945447098005,1.935,0.0,1,2,5,21.1837769,29.5482311
5/2/25 1:43,432,66.7945447098005,1.935,0.0,1,2,5,21.2463226,29.5238094
5/2/25 1:28,432,66.7945447098005,1.935,0.0,1,2,5,21.3088684,29.4993896
5/2/25 1:13,432,66.7945447098005,1.935,0.0,1,2,5,21.3088684,29.4505501
5/2/25 0:58,432,66.7945447098005,1.935,0.0,0,2,5,21.4339294,29.4017105
5/2/25 0:43,432,66.7945447098005,1.935,0.0,0,2,5,21.4339294,29.333334
5/2/25 0:28,432,66.7945447098005,1.935,0.0,0,2,5,21.4964905,29.3284492
5/2/25 0:13,432,66.7945447098005,1.935,0.0,0,2,5,21.559021,29.2551899
5/1/25 23:58,432,66.7945447098005,1.935,0.0,23,1,5,21.6840973,29.1819286
5/1/25 23:43,432,66.7945447098005,1.935,0.0,23,1,5,21.8091736,29.0598297
5/1/25 23:28,432,66.7945447098005,1.935,0.0,23,1,5,21.8717194,29.0109901
5/1/25 23:13,432,66.7945447098005,1.935,0.0,23,1,5,21.9967957,28.9133091
5/1/25 22:58,432,66.7945447098005,1.935,0.0,22,1,5,22.1218719,28.81563
5/1/25 22:43,432,66.7945447098005,1.935,0.0,22,1,5,22.309494,28.6691093
5/1/25 22:28,432,66.7945447098005,1.935,0.0,22,1,5,22.4971161,28.3516483
5/1/25 22:13,432,66.7945447098005,1.935,0.0,22,1,5,22.7472839,28.0341892
5/1/25 21:58,432,66.7945447098005,1.935,0.0,21,1,5,22.8098145,28.0097675
5/1/25 21:43,432,66.7945447098005,1.935,0.0,21,1,5,22.872345,27.960928
5/1/25 21:28,432,66.7945447098005,1.935,0.0,21,1,5,22.9348907,27.9853497
5/1/25 21:13,432,66.7945447098005,1.935,0.0,21,1,5,22.9348907,28.0341892
5/1/25 20:58,432,66.7945447098005,1.935,0.0,20,1,5,22.9974365,28.0341892
5/1/25 20:43,432,66.7945447098005,1.935,0.0,20,1,5,23.059967,28.0586071
5/1/25 20:28,432,66.7945447098005,1.935,0.0,20,1,5,23.059967,28.1807098
5/1/25 20:13,432,66.7945447098005,1.935,0.0,20,1,5,23.059967,28.278389
5/1/25 19:58,432,66.7945447098005,1.935,0.0,19,1,5,23.1225128,28.278389
5/1/25 19:43,432,66.7945447098005,1.935,0.0,19,1,5,23.1850433,28.278389
5/1/25 19:28,432,66.7945447098005,1.935,0.0,19,1,5,23.2475891,28.278389
5/1/25 19:13,432,66.7945447098005,1.935,0.0,19,1,5,23.2475891,28.3028088
5/1/25 18:58,432,66.7945447098005,1.935,0.0,18,1,5,23.2475891,28.3028088
5/1/25 18:43,432,66.7945447098005,1.935,0.0,18,1,5,23.2475891,28.278389
5/1/25 18:28,432,66.7945447098005,1.935,0.0,18,1,5,23.3101349,28.278389
5/1/25 18:13,432,66.7945447098005,1.935,0.0,18,1,5,23.3726654,28.278389
5/1/25 17:58,432,66.7945447098005,1.935,0.0,17,1,5,23.3726654,28.3272285
5/1/25 17:43,432,66.7945447098005,1.935,0.0,17,1,5,23.4352112,28.3028088
5/1/25 17:28,432,66.7945447098005,1.935,0.0,17,1,5,23.4352112,28.3028088
5/1/25 17:13,432,66.7945447098005,1.935,0.0,17,1,5,23.497757,28.3272285
5/1/25 16:58,432,66.7945447098005,1.935,0.0,16,1,5,23.497757,28.3028088
5/1/25 16:43,432,66.7945447098005,1.935,0.0,16,1,5,23.497757,28.3516483
5/1/25 16:28,432,66.7945447098005,1.935,0.0,16,1,5,23.5602875,28.4004879
5/1/25 16:13,432,66.7945447098005,1.935,0.0,16,1,5,23.5602875,28.4249096
5/1/25 15:58,432,66.7945447098005,1.935,0.0,15,1,5,23.5602875,28.4737492
5/1/25 15:43,432,66.7945447098005,1.935,0.0,15,1,5,23.5602875,28.4004879
5/1/25 15:28,432,66.7945447098005,1.935,0.0,15,1,5,23.5602875,28.37607
5/1/25 15:13,432,66.7945447098005,1.935,0.0,15,1,5,23.5602875,28.4004879
5/1/25 14:58,432,66.7945447098005,1.935,0.0,14,1,5,23.6228333,28.37607
5/1/25 14:43,432,66.7945447098005,1.935,0.0,14,1,5,23.6228333,28.37607
5/1/25 14:28,432,66.7945447098005,1.935,0.0,14,1,5,23.5908089,28.3028088
5/1/25 14:13,432,66.7945447098005,1.935,0.0,14,1,5,23.5602875,28.3272285
5/1/25 13:58,432,66.7945447098005,1.935,0.0,13,1,5,23.5602875,28.2295494
5/1/25 13:43,432,66.7945447098005,1.935,0.0,13,1,5,23.497757,28.1318684
5/1/25 13:28,432,66.7945447098005,1.935,0.0,13,1,5,23.4352112,28.1074486
5/1/25 13:13,432,66.7945447098005,1.935,0.0,13,1,5,23.3726654,28.1562881
5/1/25 12:58,432,66.7945447098005,1.935,0.0,12,1,5,23.2475891,28.2295494
5/1/25 12:43,432,66.7945447098005,1.935,0.0,12,1,5,23.1225128,28.1074486
5/1/25 12:28,432,66.7945447098005,1.935,0.0,12,1,5,23.059967,28.0341892
5/1/25 12:13,432,66.7945447098005,1.935,0.0,12,1,5,22.9348907,27.9365082
5/1/25 11:58,432,66.7945447098005,1.935,0.0,11,1,5,22.872345,27.7999916
5/1/25 11:43,432,66.7945447098005,1.935,0.0,11,1,5,22.8098145,27.6923084
5/1/25 11:28,432,66.7945447098005,1.935,0.0,11,1,5,22.7472839,27.6190472
5/1/25 11:13,432,66.7945447098005,1.935,0.0,11,1,5,22.6847229,27.5702076
5/1/25 10:58,432,66.7945447098005,1.935,0.0,10,1,5,22.6847229,27.4969482
5/1/25 10:43,432,66.7945447098005,1.935,0.0,10,1,5,22.6221924,27.423687
5/1/25 10:28,432,66.7945447098005,1.935,0.0,10,1,5,22.5596619,27.3748474
5/1/25 10:13,432,66.7945447098005,1.935,0.0,10,1,5,22.5596619,27.3504276
5/1/25 9:58,432,66.7945447098005,1.935,0.0,9,1,5,22.4345703,27.3260078
5/1/25 9:43,432,66.7945447098005,1.935,0.0,9,1,5,22.309494,27.3504276
5/1/25 9:28,432,66.7945447098005,1.935,0.0,9,1,5,22.1844177,27.4481087
5/1/25 9:13,432,66.7945447098005,1.935,0.0,9,1,5,21.9967957,27.6190472
5/1/25 8:58,432,66.7945447098005,1.935,0.0,8,1,5,21.8091736,27.7167282
5/1/25 8:43,432,66.7945447098005,1.935,0.0,8,1,5,21.6215515,27.8876686
5/1/25 8:28,432,66.7945447098005,1.935,0.0,8,1,5,21.559021,27.960928
5/1/25 8:13,432,66.7945447098005,1.935,0.0,8,1,5,21.4964905,28.0341892
5/1/25 7:58,432,66.7945447098005,1.935,0.0,7,1,5,21.4339294,28.1074486
5/1/25 7:43,432,66.7945447098005,1.935,0.0,7,1,5,21.3713989,28.1562881
5/1/25 7:28,432,66.7945447098005,1.935,0.0,7,1,5,21.3713989,28.1318684
5/1/25 7:13,432,66.7945447098005,1.935,0.0,7,1,5,21.3088684,28.1562881
5/1/25 6:58,432,66.7945447098005,1.935,0.0,6,1,5,21.2463226,28.3028088
5/1/25 6:43,432,66.7945447098005,1.935,0.0,6,1,5,21.1632862,28.4249096
5/1/25 6:28,432,66.7945447098005,1.935,0.0,6,1,5,20.99617,28.6691093
5/1/25 6:13,432,66.7945447098005,1.935,0.0,6,1,5,20.7460022,29.3284492
5/1/25 5:58,432,66.7945447098005,1.935,0.0,5,1,5,20.6834564,29.3528709
5/1/25 5:43,432,66.7945447098005,1.935,0.0,5,1,5,21.4339294,27.6923084
5/1/25 5:28,432,66.7945447098005,1.935,0.0,5,1,5,21.4339294,27.6434689
5/1/25 5:13,432,66.7945447098005,1.935,0.0,5,1,5,21.4964905,27.5457878
5/1/25 4:58,432,66.7945447098005,1.935,0.0,4,1,5,21.5485306,27.521368
5/1/25 4:43,432,66.7945447098005,1.935,0.0,4,1,5,21.559021,27.4361897
5/1/25 4:28,432,66.7945447098005,1.935,0.0,4,1,5,21.6215515,27.3748474
5/1/25 4:13,432,66.7945447098005,1.935,0.0,4,1,5,21.6215515,27.3504276
5/1/25 3:58,432,66.7945447098005,1.935,0.0,3,1,5,21.6840973,27.3015881
5/1/25 3:43,432,66.7945447098005,1.935,0.0,3,1,5,21.7466431,27.3015881
5/1/25 3:28,432,66.7945447098005,1.935,0.0,3,1,5,21.7466431,27.2039089
5/1/25 3:13,432,66.7945447098005,1.935,0.0,3,1,5,21.8091736,27.1550674
5/1/25 2:58,432,66.7945447098005,1.935,0.0,2,1,5,21.8717194,27.1062279
5/1/25 2:43,432,66.7945447098005,1.935,0.0,2,1,5,21.9342499,27.0573883
5/1/25 2:28,432,66.7945447098005,1.935,0.0,2,1,5,21.9967957,27.0241776
5/1/25 2:13,432,66.7945447098005,1.935,0.0,2,1,5,22.0593414,27.0085487
5/1/25 1:58,432,66.7945447098005,1.935,0.0,1,1,5,22.0593414,26.9352875
5/1/25 1:43,432,66.7945447098005,1.935,0.0,1,1,5,22.1844177,26.8620281
5/1/25 1:28,432,66.7945447098005,1.935,0.0,1,1,5,22.2469635,26.7643471
5/1/25 1:13,432,66.7945447098005,1.935,0.0,1,1,5,22.309494,26.6666679
5/1/25 0:58,432,66.7945447098005,1.935,0.0,0,1,5,22.3720398,26.6422462
5/1/25 0:43,432,66.7945447098005,1.935,0.0,0,1,5,22.4345703,26.5689869
5/1/25 0:28,432,66.7945447098005,1.935,0.0,0,1,5,22.5096245,26.5201473
5/1/25 0:13,432,66.7945447098005,1.935,0.0,0,1,5,22.6221924,26.4468861
4/30/25 23:58,432,66.7945447098005,1.935,0.0,23,30,4,22.6847229,26.3003654
4/30/25 23:43,432,66.7945447098005,1.935,0.0,23,30,4,22.8098145,26.227108
4/30/25 23:28,432,66.7945447098005,1.935,0.0,23,30,4,22.9348907,26.129427
4/30/25 23:13,432,66.7945447098005,1.935,0.0,23,30,4,22.9974365,26.0073261
4/30/25 22:58,432,66.7945447098005,1.935,0.0,22,30,4,23.1850433,25.8852272
4/30/25 22:43,432,66.7945447098005,1.935,0.0,22,30,4,23.3101349,25.7875462
4/30/25 22:28,432,66.7945447098005,1.935,0.0,22,30,4,23.4352112,25.7387066
4/30/25 22:13,432,66.7945447098005,1.935,0.0,22,30,4,23.497757,25.6166058
4/30/25 21:58,432,66.7945447098005,1.935,0.0,21,30,4,23.4352112,25.7875462
4/30/25 21:43,432,66.7945447098005,1.935,0.0,21,30,4,23.497757,25.8119659
4/30/25 21:28,432,66.7945447098005,1.935,0.0,21,30,4,23.5602875,25.7631264
4/30/25 21:13,432,66.7945447098005,1.935,0.0,21,30,4,23.6228333,25.7631264
4/30/25 20:58,432,66.7945447098005,1.935,0.0,20,30,4,23.6853638,25.7631264
4/30/25 20:43,432,66.7945447098005,1.935,0.0,20,30,4,23.7479095,25.7875462
4/30/25 20:28,432,66.7945447098005,1.935,0.0,20,30,4,23.8104553,25.8363876
4/30/25 20:13,432,66.7945447098005,1.935,0.0,20,30,4,23.8104553,25.9096451
4/30/25 19:58,432,66.7945447098005,1.935,0.0,19,30,4,23.8729858,25.9829063
4/30/25 19:43,432,66.7945447098005,1.935,0.0,19,30,4,23.8729858,26.0805874
4/30/25 19:28,432,66.7945447098005,1.935,0.0,19,30,4,23.8104553,26.3247871
4/30/25 19:13,432,66.7945447098005,1.935,0.0,19,30,4,23.8729858,26.3980465
4/30/25 18:58,432,66.7945447098005,1.935,0.0,18,30,4,23.8729858,26.5201473
4/30/25 18:43,432,66.7945447098005,1.935,0.0,18,30,4,23.9355164,26.7399273
4/30/25 18:28,432,66.7945447098005,1.935,0.0,18,30,4,23.9355164,26.9352875
4/30/25 18:13,432,66.7945447098005,1.935,0.0,18,30,4,23.9980774,27.1550674
4/30/25 17:58,432,66.7945447098005,1.935,0.0,17,30,4,23.9980774,27.4725266
4/30/25 17:43,432,66.7945447098005,1.935,0.0,17,30,4,23.9980774,27.5457878
4/30/25 17:28,432,66.7945447098005,1.935,0.0,17,30,4,23.9980774,27.7655678
4/30/25 17:13,432,66.7945447098005,1.935,0.0,17,30,4,24.0606079,27.521368
4/30/25 16:58,432,66.7945447098005,1.935,0.0,16,30,4,24.0606079,27.5702076
4/30/25 16:43,432,66.7945447098005,1.935,0.0,16,30,4,24.1067467,27.5702076
4/30/25 16:28,432,66.7945447098005,1.935,0.0,16,30,4,24.1231384,27.5702076
4/30/25 16:13,432,66.7945447098005,1.935,0.0,16,30,4,24.1231384,27.4725266
4/30/25 15:58,432,66.7945447098005,1.935,0.0,15,30,4,24.1231384,27.2527485
4/30/25 15:43,432,66.7945447098005,1.935,0.0,15,30,4,24.1231384,27.0818062
4/30/25 15:28,432,66.7945447098005,1.935,0.0,15,30,4,24.1231384,26.7643471
4/30/25 15:13,432,66.7945447098005,1.935,0.0,15,30,4,24.1856842,26.4713078
4/30/25 14:58,432,66.7945447098005,1.935,0.0,14,30,4,24.24823,26.1782665
4/30/25 14:43,432,66.7945447098005,1.935,0.0,14,30,4,24.24823,25.8608055
4/30/25 14:28,432,66.7945447098005,1.935,0.0,14,30,4,24.24823,25.5677662
4/30/25 14:13,432,66.7945447098005,1.935,0.0,14,30,4,24.1856842,25.3849087
4/30/25 13:58,432,66.7945447098005,1.935,0.0,13,30,4,24.1856842,25.2014656
4/30/25 13:43,432,66.7945447098005,1.935,0.0,13,30,4,24.1231384,24.9572659
4/30/25 13:28,432,66.7945447098005,1.935,0.0,13,30,4,23.9980774,24.6398048
4/30/25 13:13,432,66.7945447098005,1.935,0.0,13,30,4,23.9355164,24.4932842
4/30/25 12:58,432,66.7945447098005,1.935,0.0,12,30,4,23.8104553,24.2002449
4/30/25 12:43,432,66.7945447098005,1.935,0.0,12,30,4,23.7479095,23.9560432
4/30/25 12:28,432,66.7945447098005,1.935,0.0,12,30,4,23.6228333,23.7606831
4/30/25 12:13,432,66.7945447098005,1.935,0.0,12,30,4,23.5602875,23.5164833
4/30/25 11:58,432,66.7945447098005,1.935,0.0,11,30,4,23.5602875,23.2478638
4/30/25 11:43,432,66.7945447098005,1.935,0.0,11,30,4,23.497757,23.0769234
4/30/25 11:28,432,66.7945447098005,1.935,0.0,11,30,4,23.497757,23.0769234
4/30/25 11:13,432,66.7945447098005,1.935,0.0,11,30,4,23.3726654,22.7594643
4/30/25 10:58,432,66.7945447098005,1.935,0.0,10,30,4,23.3101349,22.686203
4/30/25 10:43,432,66.7945447098005,1.935,0.0,10,30,4,23.1850433,22.4175835
4/30/25 10:28,432,66.7945447098005,1.935,0.0,10,30,4,22.9974365,22.3443222
4/30/25 10:13,432,66.7945447098005,1.935,0.0,10,30,4,22.8098145,21.9780235
4/30/25 9:58,432,66.7945447098005,1.935,0.0,9,30,4,22.4971161,21.611721
4/30/25 9:43,432,66.7945447098005,1.935,0.0,9,30,4,22.309494,21.2698421
4/30/25 9:28,432,66.7945447098005,1.935,0.0,9,30,4,22.1218719,21.074482
4/30/25 9:13,432,66.7945447098005,1.935,0.0,9,30,4,21.9967957,20.9154587
4/30/25 8:58,432,66.7945447098005,1.935,0.0,8,30,4,21.9342499,20.7570229
4/30/25 8:43,432,66.7945447098005,1.935,0.0,8,30,4,21.8717194,20.6349201
4/30/25 8:28,432,66.7945447098005,1.935,0.0,8,30,4,21.8091736,20.537241
4/30/25 8:13,432,66.7945447098005,1.935,0.0,8,30,4,21.8091736,20.3907204
4/30/25 7:58,432,66.7945447098005,1.935,0.0,7,30,4,21.7466431,20.2930412
4/30/25 7:43,432,66.7945447098005,1.935,0.0,7,30,4,21.7466431,20.1221008
4/30/25 7:28,432,66.7945447098005,1.935,0.0,7,30,4,21.8091736,19.9511604
4/30/25 7:13,432,66.7945447098005,1.935,0.0,7,30,4,21.8091736,19.9023209
4/30/25 6:58,432,66.7945447098005,1.935,0.0,6,30,4,21.3088684,20.2441998
4/30/25 6:43,432,66.7945447098005,1.935,0.0,6,30,4,21.1212463,20.3907204
4/30/25 6:28,432,66.7945447098005,1.935,0.0,6,30,4,20.9336243,20.3907204
4/30/25 6:13,432,66.7945447098005,1.935,0.0,6,30,4,20.5583801,20.8302803
4/30/25 5:58,432,66.7945447098005,1.935,0.0,5,30,4,20.4333038,20.4884014
4/30/25 5:43,432,66.7945447098005,1.935,0.0,5,30,4,21.1212463,17.5579987
4/30/25 5:28,432,66.7945447098005,1.935,0.0,5,30,4,21.1212463,17.4847374
4/30/25 5:13,432,66.7945447098005,1.935,0.0,5,30,4,21.1212463,17.411478
4/30/25 4:58,432,66.7945447098005,1.935,0.0,4,30,4,21.1837769,17.3382168
4/30/25 4:43,432,66.7945447098005,1.935,0.0,4,30,4,21.2358284,17.1916981
4/30/25 4:28,432,66.7945447098005,1.935,0.0,4,30,4,21.2463226,17.094017
4/30/25 4:13,432,66.7945447098005,1.935,0.0,4,30,4,21.3088684,17.0088406
4/30/25 3:58,432,66.7945447098005,1.935,0.0,3,30,4,21.3088684,16.9230766
4/30/25 3:43,432,66.7945447098005,1.935,0.0,3,30,4,21.3713989,16.8498173
4/30/25 3:28,432,66.7945447098005,1.935,0.0,3,30,4,21.3713989,16.7032967
4/30/25 3:13,432,66.7945447098005,1.935,0.0,3,30,4,21.4339294,16.6300373
4/30/25 2:58,432,66.7945447098005,1.935,0.0,2,30,4,21.4339294,16.5079365
4/30/25 2:43,432,66.7945447098005,1.935,0.0,2,30,4,21.4964905,16.4102573
4/30/25 2:28,432,66.7945447098005,1.935,0.0,2,30,4,21.559021,16.3125763
4/30/25 2:13,432,66.7945447098005,1.935,0.0,2,30,4,21.559021,16.2393169
4/30/25 1:58,432,66.7945447098005,1.935,0.0,1,30,4,21.6215515,16.0927963
4/30/25 1:43,432,66.7945447098005,1.935,0.0,1,30,4,21.6840973,15.9951162
4/30/25 1:28,432,66.7945447098005,1.935,0.0,1,30,4,21.7466431,15.8730164
4/30/25 1:13,432,66.7945447098005,1.935,0.0,1,30,4,21.8091736,15.7264957
4/30/25 0:58,432,66.7945447098005,1.935,0.0,0,30,4,21.8717194,15.6532364
4/30/25 0:43,432,66.7945447098005,1.935,0.0,0,30,4,21.8717194,15.5067158
4/30/25 0:28,432,66.7945447098005,1.935,0.0,0,30,4,21.9967957,15.4090357
4/30/25 0:13,432,66.7945447098005,1.935,0.0,0,30,4,22.0593414,15.3113556
4/29/25 23:58,432,66.7945447098005,1.935,0.0,23,29,4,22.1218719,15.1648359
4/29/25 23:43,432,66.7945447098005,1.935,0.0,23,29,4,22.2469635,15.0427351
4/29/25 23:28,432,66.7945447098005,1.935,0.0,23,29,4,22.309494,14.8962154
4/29/25 23:13,432,66.7945447098005,1.935,0.0,23,29,4,22.4971161,14.7496948
4/29/25 22:58,432,66.7945447098005,1.935,0.0,22,29,4,22.6221924,14.6520147
4/29/25 22:43,432,66.7945447098005,1.935,0.0,22,29,4,22.7472839,14.4810753
4/29/25 22:28,432,66.7945447098005,1.935,0.0,22,29,4,22.872345,14.3345547
4/29/25 22:13,432,66.7945447098005,1.935,0.0,22,29,4,23.059967,14.188035
4/29/25 21:58,432,66.7945447098005,1.935,0.0,21,29,4,22.9974365,14.0415144
4/29/25 21:43,432,66.7945447098005,1.935,0.0,21,29,4,22.9974365,13.9926748
4/29/25 21:28,432,66.7945447098005,1.935,0.0,21,29,4,23.059967,13.9438343
4/29/25 21:13,432,66.7945447098005,1.935,0.0,21,29,4,23.059967,13.6752138
4/29/25 20:58,432,66.7945447098005,1.935,0.0,20,29,4,23.1225128,13.6019545
4/29/25 20:43,432,66.7945447098005,1.935,0.0,20,29,4,23.1225128,13.5286942
4/29/25 20:28,432,66.7945447098005,1.935,0.0,20,29,4,23.1850433,13.4554338
4/29/25 20:13,432,66.7945447098005,1.935,0.0,20,29,4,23.1225128,13.5286942
4/29/25 19:58,432,66.7945447098005,1.935,0.0,19,29,4,23.1850433,13.6019545
4/29/25 19:43,432,66.7945447098005,1.935,0.0,19,29,4,23.1850433,13.650794
4/29/25 19:28,432,66.7945447098005,1.935,0.0,19,29,4,23.2475891,13.6752138
4/29/25 19:13,432,66.7945447098005,1.935,0.0,19,29,4,23.2475891,13.650794
4/29/25 18:58,432,66.7945447098005,1.935,0.0,18,29,4,23.2475891,13.6019545
4/29/25 18:43,432,66.7945447098005,1.935,0.0,18,29,4,23.3101349,13.5775337
4/29/25 18:28,432,66.7945447098005,1.935,0.0,18,29,4,23.4352112,13.6263742
4/29/25 18:13,432,66.7945447098005,1.935,0.0,18,29,4,23.497757,13.6752138
4/29/25 17:58,432,66.7945447098005,1.935,0.0,17,29,4,23.5602875,13.6996346
4/29/25 17:43,432,66.7945447098005,1.935,0.0,17,29,4,23.6228333,13.7240543
4/29/25 17:28,432,66.7945447098005,1.935,0.0,17,29,4,23.6853638,13.7728939
4/29/25 17:13,432,66.7945447098005,1.935,0.0,17,29,4,23.7479095,13.8217344
4/29/25 16:58,432,66.7945447098005,1.935,0.0,16,29,4,23.7973366,13.8949947
4/29/25 16:43,432,66.7945447098005,1.935,0.0,16,29,4,23.8729858,13.9682541
4/29/25 16:28,432,66.7945447098005,1.935,0.0,16,29,4,23.9355164,14.0415144
4/29/25 16:13,432,66.7945447098005,1.935,0.0,16,29,4,23.9355164,14.1147747
4/29/25 15:58,432,66.7945447098005,1.935,0.0,15,29,4,23.9980774,14.1636143
4/29/25 15:43,432,66.7945447098005,1.935,0.0,15,29,4,24.0606079,14.2368746
4/29/25 15:28,432,66.7945447098005,1.935,0.0,15,29,4,24.1231384,14.2857151
4/29/25 15:13,432,66.7945447098005,1.935,0.0,15,29,4,24.1856842,14.3589745
4/29/25 14:58,432,66.7945447098005,1.935,0.0,14,29,4,24.1856842,14.3833952
4/29/25 14:43,432,66.7945447098005,1.935,0.0,14,29,4,24.1856842,14.4566545
4/29/25 14:28,432,66.7945447098005,1.935,0.0,14,29,4,24.1231384,14.5054951
4/29/25 14:13,432,66.7945447098005,1.935,0.0,14,29,4,23.9355164,14.2612944
4/29/25 13:58,432,66.7945447098005,1.935,0.0,13,29,4,23.6228333,14.0659342
4/29/25 13:43,432,66.7945447098005,1.935,0.0,13,29,4,24.0606079,14.3833952
4/29/25 13:28,432,66.7945447098005,1.935,0.0,13,29,4,24.3107605,14.5787554
4/29/25 13:13,432,66.7945447098005,1.935,0.0,13,29,4,23.9980774,14.4566545
4/29/25 12:58,432,66.7945447098005,1.935,0.0,12,29,4,23.9980774,14.6275949
4/29/25 12:43,432,66.7945447098005,1.935,0.0,12,29,4,24.24823,14.9206352
4/29/25 12:28,432,66.7945447098005,1.935,0.0,12,29,4,23.8729858,14.725275
4/29/25 12:13,432,66.7945447098005,1.935,0.0,12,29,4,24.24823,14.9938955
4/29/25 11:58,432,66.7945447098005,1.935,0.0,11,29,4,24.4358368,15.7753363
4/29/25 11:43,432,66.7945447098005,1.935,0.0,11,29,4,24.5609283,16.556776
4/29/25 11:28,432,66.7945447098005,1.935,0.0,11,29,4,24.7485504,16.9719181
4/29/25 11:13,432,66.7945447098005,1.935,0.0,11,29,4,24.6859894,16.9474964
4/29/25 10:58,432,66.7945447098005,1.935,0.0,10,29,4,24.675499,16.5323563
4/29/25 10:43,432,66.7945447098005,1.935,0.0,10,29,4,24.6234589,16.4590969
4/29/25 10:28,432,66.7945447098005,1.935,0.0,10,29,4,24.5609283,16.3858376
4/29/25 10:13,432,66.7945447098005,1.935,0.0,10,29,4,24.3733063,16.4346771
4/29/25 9:58,432,66.7945447098005,1.935,0.0,9,29,4,24.24823,16.4835167
4/29/25 9:43,432,66.7945447098005,1.935,0.0,9,29,4,24.1231384,16.5811977
4/29/25 9:28,432,66.7945447098005,1.935,0.0,9,29,4,24.1231384,16.4835167
4/29/25 9:13,432,66.7945447098005,1.935,0.0,9,29,4,24.3733063,16.4346771
4/29/25 8:58,432,66.7945447098005,1.935,0.0,8,29,4,23.8104553,16.8742371
4/29/25 8:43,432,66.7945447098005,1.935,0.0,8,29,4,23.3726654,17.4065933
4/29/25 8:28,432,66.7945447098005,1.935,0.0,8,29,4,22.9348907,18.0463982
4/29/25 8:13,432,66.7945447098005,1.935,0.0,8,29,4,22.4345703,19.2662106
4/29/25 7:58,432,66.7945447098005,1.935,0.0,7,29,4,22.0593414,19.5604401
4/29/25 7:43,432,66.7945447098005,1.935,0.0,7,29,4,21.7466431,19.7069607
4/29/25 7:28,432,66.7945447098005,1.935,0.0,7,29,4,21.4339294,19.8534794
4/29/25 7:13,432,66.7945447098005,1.935,0.0,7,29,4,21.0587006,20.0732613
4/29/25 6:58,432,66.7945447098005,1.935,0.0,6,29,4,20.7460022,20.3418808
4/29/25 6:43,432,66.7945447098005,1.935,0.0,6,29,4,20.4958496,20.5616627
4/29/25 6:28,432,66.7945447098005,1.935,0.0,6,29,4,20.183136,20.7081814
4/29/25 6:13,432,66.7945447098005,1.935,0.0,6,29,4,19.620285,21.6849823
4/29/25 5:58,432,66.7945447098005,1.935,0.0,5,29,4,19.5577545,23.0725098
4/29/25 5:43,432,66.7945447098005,1.935,0.0,5,29,4,20.1206055,24.0048847
4/29/25 5:28,432,66.7945447098005,1.935,0.0,5,29,4,20.245697,23.9560432
4/29/25 5:13,432,66.7945447098005,1.935,0.0,5,29,4,20.245697,23.9560432
4/29/25 4:58,432,66.7945447098005,1.935,0.0,4,29,4,20.245697,23.9072037
4/29/25 4:43,432,66.7945447098005,1.935,0.0,4,29,4,20.3082275,23.8339443
4/29/25 4:28,432,66.7945447098005,1.935,0.0,4,29,4,20.3082275,23.8339443
4/29/25 4:13,432,66.7945447098005,1.935,0.0,4,29,4,20.3707581,23.7851048
4/29/25 3:58,432,66.7945447098005,1.935,0.0,3,29,4,20.4333038,23.7118435
4/29/25 3:43,432,66.7945447098005,1.935,0.0,3,29,4,20.4333038,23.6749229
4/29/25 3:28,432,66.7945447098005,1.935,0.0,3,29,4,20.4958496,23.6141644
4/29/25 3:13,432,66.7945447098005,1.935,0.0,3,29,4,20.4958496,23.5897446
4/29/25 2:58,432,66.7945447098005,1.935,0.0,2,29,4,20.5583801,23.540905
4/29/25 2:43,432,66.7945447098005,1.935,0.0,2,29,4,20.6209259,23.4920654
4/29/25 2:28,432,66.7945447098005,1.935,0.0,2,29,4,20.6209259,23.3943844
4/29/25 2:13,432,66.7945447098005,1.935,0.0,2,29,4,20.6834564,23.3211231
4/29/25 1:58,432,66.7945447098005,1.935,0.0,1,29,4,20.7460022,23.2478638
4/29/25 1:43,432,66.7945447098005,1.935,0.0,1,29,4,20.808548,23.1746025
4/29/25 1:28,432,66.7945447098005,1.935,0.0,1,29,4,20.8710785,23.1013451
4/29/25 1:13,432,66.7945447098005,1.935,0.0,1,29,4,20.9336243,22.9792423
4/29/25 0:58,432,66.7945447098005,1.935,0.0,0,29,4,20.99617,22.8815632
4/29/25 0:43,432,66.7945447098005,1.935,0.0,0,29,4,21.0587006,22.7838821
4/29/25 0:28,432,66.7945447098005,1.935,0.0,0,29,4,21.1837769,22.686203
4/29/25 0:13,432,66.7945447098005,1.935,0.0,0,29,4,21.2463226,22.5152645
4/28/25 23:58,432,66.7945447098005,1.935,0.0,23,28,4,21.3713989,22.3931618
4/28/25 23:43,432,66.7945447098005,1.935,0.0,23,28,4,21.4339294,22.1978016
4/28/25 23:28,432,66.7945447098005,1.935,0.0,23,28,4,21.6215515,22.0512829
4/28/25 23:13,432,66.7945447098005,1.935,0.0,23,28,4,21.7466431,21.8315029
4/28/25 22:58,432,66.7945447098005,1.935,0.0,22,28,4,21.8717194,21.611721
4/28/25 22:43,432,66.7945447098005,1.935,0.0,22,28,4,22.0593414,21.3675213
4/28/25 22:28,432,66.7945447098005,1.935,0.0,22,28,4,22.2469635,21.0500622
4/28/25 22:13,432,66.7945447098005,1.935,0.0,22,28,4,22.5596619,20.7244072
4/28/25 21:58,432,66.7945447098005,1.935,0.0,21,28,4,22.4971161,20.6837616
4/28/25 21:43,432,66.7945447098005,1.935,0.0,21,28,4,22.2469635,20.9768009
4/28/25 21:28,432,66.7945447098005,1.935,0.0,21,28,4,22.1844177,21.3186817
4/28/25 21:13,432,66.7945447098005,1.935,0.0,21,28,4,22.309494,21.1721611
4/28/25 20:58,432,66.7945447098005,1.935,0.0,20,28,4,22.3720398,21.3186817
4/28/25 20:43,432,66.7945447098005,1.935,0.0,20,28,4,22.3720398,21.4652023
4/28/25 20:28,432,66.7945447098005,1.935,0.0,20,28,4,22.4971161,21.611721
4/28/25 20:13,432,66.7945447098005,1.935,0.0,20,28,4,22.5596619,21.8315029
4/28/25 19:58,432,66.7945447098005,1.935,0.0,19,28,4,22.6221924,22.0024414
4/28/25 19:43,432,66.7945447098005,1.935,0.0,19,28,4,22.6221924,22.2222233
4/28/25 19:28,432,66.7945447098005,1.935,0.0,19,28,4,22.7472839,22.3931618
4/28/25 19:13,432,66.7945447098005,1.935,0.0,19,28,4,22.7472839,22.588522
4/28/25 18:58,432,66.7945447098005,1.935,0.0,18,28,4,22.8098145,22.7594643
4/28/25 18:43,432,66.7945447098005,1.935,0.0,18,28,4,22.872345,23.0280838
4/28/25 18:28,432,66.7945447098005,1.935,0.0,18,28,4,22.9348907,23.223444
4/28/25 18:13,432,66.7945447098005,1.935,0.0,18,28,4,22.9974365,23.443224
4/28/25 17:58,432,66.7945447098005,1.935,0.0,17,28,4,23.059967,23.7362652
4/28/25 17:43,432,66.7945447098005,1.935,0.0,17,28,4,23.1225128,23.8827858
4/28/25 17:28,432,66.7945447098005,1.935,0.0,17,28,4,23.1850433,24.0537243
4/28/25 17:13,432,66.7945447098005,1.935,0.0,17,28,4,23.1850433,24.2735062
4/28/25 16:58,432,66.7945447098005,1.935,0.0,16,28,4,23.2475891,24.3956051
4/28/25 16:43,432,66.7945447098005,1.935,0.0,16,28,4,23.3101349,24.6398048
4/28/25 16:28,432,66.7945447098005,1.935,0.0,16,28,4,23.3726654,24.8107452
4/28/25 16:13,432,66.7945447098005,1.935,0.0,16,28,4,23.497757,25.0061054
4/28/25 15:58,432,66.7945447098005,1.935,0.0,15,28,4,23.5602875,25.2014656
4/28/25 15:43,432,66.7945447098005,1.935,0.0,15,28,4,23.6853638,25.274725
4/28/25 15:28,432,66.7945447098005,1.935,0.0,15,28,4,23.8729858,25.274725
4/28/25 15:13,432,66.7945447098005,1.935,0.0,15,28,4,24.0606079,25.4700851
4/28/25 14:58,432,66.7945447098005,1.935,0.0,14,28,4,24.1231384,25.8608055
4/28/25 14:43,432,66.7945447098005,1.935,0.0,14,28,4,23.8729858,26.4957256
4/28/25 14:28,432,66.7945447098005,1.935,0.0,14,28,4,23.497757,27.7899895
4/28/25 14:13,432,66.7945447098005,1.935,0.0,14,28,4,23.497757,28.1074486
4/28/25 13:58,432,66.7945447098005,1.935,0.0,13,28,4,23.5602875,28.37607
4/28/25 13:43,432,66.7945447098005,1.935,0.0,13,28,4,23.6853638,28.0341892
4/28/25 13:28,432,66.7945447098005,1.935,0.0,13,28,4,23.6228333,28.1074486
4/28/25 13:13,432,66.7945447098005,1.935,0.0,13,28,4,23.497757,28.3360195
4/28/25 12:58,432,66.7945447098005,1.935,0.0,12,28,4,23.4352112,28.4249096
4/28/25 12:43,432,66.7945447098005,1.935,0.0,12,28,4,23.3726654,28.6446877
4/28/25 12:28,432,66.7945447098005,1.935,0.0,12,28,4,23.3726654,28.5714302
4/28/25 12:13,432,66.7945447098005,1.935,0.0,12,28,4,23.3101349,28.6446877
4/28/25 11:58,432,66.7945447098005,1.935,0.0,11,28,4,23.2475891,28.6935291
4/28/25 11:43,432,66.7945447098005,1.935,0.0,11,28,4,23.1850433,28.7179489
4/28/25 11:28,432,66.7945447098005,1.935,0.0,11,28,4,23.1225128,28.7423687
4/28/25 11:13,432,66.7945447098005,1.935,0.0,11,28,4,23.059967,28.8644695
4/28/25 10:58,432,66.7945447098005,1.935,0.0,10,28,4,22.9769402,29.1086693
4/28/25 10:43,432,66.7945447098005,1.935,0.0,10,28,4,22.872345,29.0598297
4/28/25 10:28,432,66.7945447098005,1.935,0.0,10,28,4,22.8098145,29.0109901
4/28/25 10:13,432,66.7945447098005,1.935,0.0,10,28,4,22.7472839,29.0598297
4/28/25 9:58,432,66.7945447098005,1.935,0.0,9,28,4,22.6221924,29.1575108
4/28/25 9:43,432,66.7945447098005,1.935,0.0,9,28,4,22.4971161,29.2063503
4/28/25 9:28,432,66.7945447098005,1.935,0.0,9,28,4,22.3720398,29.2551899
4/28/25 9:13,432,66.7945447098005,1.935,0.0,9,28,4,22.2469635,29.3772888
4/28/25 8:58,432,66.7945447098005,1.935,0.0,8,28,4,22.0593414,29.5970707
4/28/25 8:43,432,66.7945447098005,1.935,0.0,8,28,4,21.8717194,29.7924309
4/28/25 8:28,432,66.7945447098005,1.935,0.0,8,28,4,21.7466431,29.8656902
4/28/25 8:13,432,66.7945447098005,1.935,0.0,8,28,4,21.8717194,29.7015877
4/28/25 7:58,432,66.7945447098005,1.935,0.0,7,28,4,21.8717194,29.5482311
4/28/25 7:43,432,66.7945447098005,1.935,0.0,7,28,4,21.9342499,29.4017105
4/28/25 7:28,432,66.7945447098005,1.935,0.0,7,28,4,21.9967957,29.2063503
4/28/25 7:13,432,66.7945447098005,1.935,0.0,7,28,4,21.9967957,29.1330891
4/28/25 6:58,432,66.7945447098005,1.935,0.0,6,28,4,21.6520729,29.4017105
4/28/25 6:43,432,66.7945447098005,1.935,0.0,6,28,4,21.4964905,29.4017105
4/28/25 6:28,432,66.7945447098005,1.935,0.0,6,28,4,21.3713989,29.4017105
4/28/25 6:13,432,66.7945447098005,1.935,0.0,6,28,4,21.1212463,29.4749699
4/28/25 5:58,432,66.7945447098005,1.935,0.0,5,28,4,20.99617,29.4749699
4/28/25 5:43,432,66.7945447098005,1.935,0.0,5,28,4,20.99617,29.3528709
4/28/25 5:28,432,66.7945447098005,1.935,0.0,5,28,4,20.99617,29.3204479
4/28/25 5:13,432,66.7945447098005,1.935,0.0,5,28,4,20.99617,29.2307682
4/28/25 4:58,432,66.7945447098005,1.935,0.0,4,28,4,21.0587006,29.1819286
4/28/25 4:43,432,66.7945447098005,1.935,0.0,4,28,4,21.0587006,29.0598297
4/28/25 4:28,432,66.7945447098005,1.935,0.0,4,28,4,21.0587006,29.0109901
4/28/25 4:13,432,66.7945447098005,1.935,0.0,4,28,4,21.1212463,28.9377289
4/28/25 3:58,432,66.7945447098005,1.935,0.0,3,28,4,21.1212463,28.8644695
4/28/25 3:43,432,66.7945447098005,1.935,0.0,3,28,4,21.1212463,28.7912083
4/28/25 3:28,432,66.7945447098005,1.935,0.0,3,28,4,21.1212463,28.6935291
4/28/25 3:13,432,66.7945447098005,1.935,0.0,3,28,4,21.1837769,28.6202698
4/28/25 2:58,432,66.7945447098005,1.935,0.0,2,28,4,21.1837769,28.5470085
4/28/25 2:43,432,66.7945447098005,1.935,0.0,2,28,4,21.1837769,28.4981689
4/28/25 2:28,432,66.7945447098005,1.935,0.0,2,28,4,21.2463226,28.37607
4/28/25 2:13,432,66.7945447098005,1.935,0.0,2,28,4,21.2463226,28.3516483
4/28/25 1:58,432,66.7945447098005,1.935,0.0,1,28,4,21.2463226,28.278389
4/28/25 1:43,432,66.7945447098005,1.935,0.0,1,28,4,21.3088684,28.2539673
4/28/25 1:28,432,66.7945447098005,1.935,0.0,1,28,4,21.3088684,28.1807098
4/28/25 1:13,432,66.7945447098005,1.935,0.0,1,28,4,21.3713989,28.1074486
4/28/25 0:58,432,66.7945447098005,1.935,0.0,0,28,4,21.3713989,28.0586071
4/28/25 0:43,432,66.7945447098005,1.935,0.0,0,28,4,21.4339294,28.0097675
4/28/25 0:28,432,66.7945447098005,1.935,0.0,0,28,4,21.4339294,27.9605141
4/28/25 0:13,432,66.7945447098005,1.935,0.0,0,28,4,21.4964905,27.9365082
4/27/25 23:58,432,66.7945447098005,1.935,0.0,23,27,4,21.559021,27.9120884
4/27/25 23:43,432,66.7945447098005,1.935,0.0,23,27,4,21.6215515,27.8632469
4/27/25 23:28,432,66.7945447098005,1.935,0.0,23,27,4,21.6840973,27.7899895
4/27/25 23:13,432,66.7945447098005,1.935,0.0,23,27,4,21.7466431,27.7899895
4/27/25 22:58,432,66.7945447098005,1.935,0.0,22,27,4,21.859211,27.6923084
4/27/25 22:43,432,66.7945447098005,1.935,0.0,22,27,4,21.9342499,27.5702076
4/27/25 22:28,432,66.7945447098005,1.935,0.0,22,27,4,22.0593414,27.4481087
4/27/25 22:13,432,66.7945447098005,1.935,0.0,22,27,4,22.2469635,27.1794872
4/27/25 21:58,432,66.7945447098005,1.935,0.0,21,27,4,22.3720398,27.1062279
4/27/25 21:43,432,66.7945447098005,1.935,0.0,21,27,4,22.4345703,27.0329666
4/27/25 21:28,432,66.7945447098005,1.935,0.0,21,27,4,22.4345703,26.9597073
4/27/25 21:13,432,66.7945447098005,1.935,0.0,21,27,4,22.4550667,26.886446
4/27/25 20:58,432,66.7945447098005,1.935,0.0,20,27,4,22.4971161,26.7643471
4/27/25 20:43,432,66.7945447098005,1.935,0.0,20,27,4,22.5596619,26.6910858
4/27/25 20:28,432,66.7945447098005,1.935,0.0,20,27,4,22.5596619,26.5934067
4/27/25 20:13,432,66.7945447098005,1.935,0.0,20,27,4,22.6221924,26.5201473
4/27/25 19:58,432,66.7945447098005,1.935,0.0,19,27,4,22.6221924,26.4713078
4/27/25 19:43,432,66.7945447098005,1.935,0.0,19,27,4,22.6221924,26.3736267
4/27/25 19:28,432,66.7945447098005,1.935,0.0,19,27,4,22.6221924,26.3656254
4/27/25 19:13,432,66.7945447098005,1.935,0.0,19,27,4,22.5596619,26.4224682
4/27/25 18:58,432,66.7945447098005,1.935,0.0,18,27,4,22.4971161,26.4468861
4/27/25 18:43,432,66.7945447098005,1.935,0.0,18,27,4,22.4345703,26.4224682
4/27/25 18:28,432,66.7945447098005,1.935,0.0,18,27,4,22.4345703,26.4224682
4/27/25 18:13,432,66.7945447098005,1.935,0.0,18,27,4,22.4345703,26.3736267
4/27/25 17:58,432,66.7945447098005,1.935,0.0,17,27,4,22.4345703,26.3003654
4/27/25 17:43,432,66.7945447098005,1.935,0.0,17,27,4,22.4971161,26.2515259
4/27/25 17:28,432,66.7945447098005,1.935,0.0,17,27,4,22.4971161,26.2026863
4/27/25 17:13,432,66.7945447098005,1.935,0.0,17,27,4,22.4971161,26.129427
4/27/25 16:58,432,66.7945447098005,1.935,0.0,16,27,4,22.4971161,26.0805874
4/27/25 16:43,432,66.7945447098005,1.935,0.0,16,27,4,22.4971161,26.0317478
4/27/25 16:28,432,66.7945447098005,1.935,0.0,16,27,4,22.4971161,25.9096451
4/27/25 16:13,432,66.7945447098005,1.935,0.0,16,27,4,22.5596619,25.8363876
4/27/25 15:58,432,66.7945447098005,1.935,0.0,15,27,4,22.6221924,25.7387066
4/27/25 15:43,432,66.7945447098005,1.935,0.0,15,27,4,22.6221924,25.6654453
4/27/25 15:28,432,66.7945447098005,1.935,0.0,15,27,4,22.6847229,25.5189247
4/27/25 15:13,432,66.7945447098005,1.935,0.0,15,27,4,22.7472839,25.3968258
4/27/25 14:58,432,66.7945447098005,1.935,0.0,14,27,4,22.7472839,25.2872276
4/27/25 14:43,432,66.7945447098005,1.935,0.0,14,27,4,22.7472839,25.2258854
4/27/25 14:28,432,66.7945447098005,1.935,0.0,14,27,4,22.7472839,25.152626
4/27/25 14:13,432,66.7945447098005,1.935,0.0,14,27,4,22.6847229,25.1282043
4/27/25 13:58,432,66.7945447098005,1.935,0.0,13,27,4,22.6847229,25.0305252
4/27/25 13:43,432,66.7945447098005,1.935,0.0,13,27,4,22.6847229,24.9572659
4/27/25 13:28,432,66.7945447098005,1.935,0.0,13,27,4,22.6221924,24.835165
4/27/25 13:13,432,66.7945447098005,1.935,0.0,13,27,4,22.6221924,24.7130661
4/27/25 12:58,432,66.7945447098005,1.935,0.0,12,27,4,22.6221924,24.6153851
4/27/25 12:43,432,66.7945447098005,1.935,0.0,12,27,4,22.5596619,24.5177059
4/27/25 12:28,432,66.7945447098005,1.935,0.0,12,27,4,22.5596619,24.4444447
4/27/25 12:13,432,66.7945447098005,1.935,0.0,12,27,4,22.4971161,24.3711853
4/27/25 11:58,432,66.7945447098005,1.935,0.0,11,27,4,22.4345703,24.297924
4/27/25 11:43,432,66.7945447098005,1.935,0.0,11,27,4,22.4345703,24.2246647
4/27/25 11:28,432,66.7945447098005,1.935,0.0,11,27,4,22.4345703,24.1758251
4/27/25 11:13,432,66.7945447098005,1.935,0.0,11,27,4,22.3720398,24.1025639
4/27/25 10:58,432,66.7945447098005,1.935,0.0,10,27,4,22.309494,24.078146
4/27/25 10:43,432,66.7945447098005,1.935,0.0,10,27,4,22.2469635,23.9804649
4/27/25 10:28,432,66.7945447098005,1.935,0.0,10,27,4,22.1844177,23.9316254
4/27/25 10:13,432,66.7945447098005,1.935,0.0,10,27,4,22.1218719,23.8095245
4/27/25 9:58,432,66.7945447098005,1.935,0.0,9,27,4,22.1218719,23.7118435
4/27/25 9:43,432,66.7945447098005,1.935,0.0,9,27,4,22.1218719,23.6141644
4/27/25 9:28,432,66.7945447098005,1.935,0.0,9,27,4,22.1218719,23.4920654
4/27/25 9:13,432,66.7945447098005,1.935,0.0,9,27,4,22.1218719,23.3943844
4/27/25 8:58,432,66.7945447098005,1.935,0.0,8,27,4,22.1844177,23.2722836
4/27/25 8:43,432,66.7945447098005,1.935,0.0,8,27,4,22.1844177,23.1501846
4/27/25 8:28,432,66.7945447098005,1.935,0.0,8,27,4,22.1844177,23.0280838
4/27/25 8:13,432,66.7945447098005,1.935,0.0,8,27,4,22.2469635,22.8815632
4/27/25 7:58,432,66.7945447098005,1.935,0.0,7,27,4,22.2469635,22.7106247
4/27/25 7:43,432,66.7945447098005,1.935,0.0,7,27,4,22.309494,22.588522
4/27/25 7:28,432,66.7945447098005,1.935,0.0,7,27,4,22.3720398,22.3931618
4/27/25 7:13,432,66.7945447098005,1.935,0.0,7,27,4,22.4345703,22.1978016
4/27/25 6:58,432,66.7945447098005,1.935,0.0,6,27,4,22.3720398,22.0024414
4/27/25 6:43,432,66.7945447098005,1.935,0.0,6,27,4,22.309494,22.0757027
4/27/25 6:28,432,66.7945447098005,1.935,0.0,6,27,4,22.1218719,22.1245441
4/27/25 6:13,432,66.7945447098005,1.935,0.0,6,27,4,21.8717194,22.1978016
4/27/25 5:58,432,66.7945447098005,1.935,0.0,5,27,4,21.559021,22.2954826
4/27/25 5:43,432,66.7945447098005,1.935,0.0,5,27,4,21.559021,22.2466431
4/27/25 5:28,432,66.7945447098005,1.935,0.0,5,27,4,21.559021,22.1978016
4/27/25 5:13,432,66.7945447098005,1.935,0.0,5,27,4,21.559021,22.148962
4/27/25 4:58,432,66.7945447098005,1.935,0.0,4,27,4,21.559021,22.0901203
4/27/25 4:43,432,66.7945447098005,1.935,0.0,4,27,4,21.559021,22.0512829
4/27/25 4:28,432,66.7945447098005,1.935,0.0,4,27,4,21.6215515,21.9780235
4/27/25 4:13,432,66.7945447098005,1.935,0.0,4,27,4,21.6215515,21.929184
4/27/25 3:58,432,66.7945447098005,1.935,0.0,3,27,4,21.6215515,21.8559227
4/27/25 3:43,432,66.7945447098005,1.935,0.0,3,27,4,21.6215515,21.7826633
4/27/25 3:28,432,66.7945447098005,1.935,0.0,3,27,4,21.6840973,21.7338238
4/27/25 3:13,432,66.7945447098005,1.935,0.0,3,27,4,21.6840973,21.6849823
4/27/25 2:58,432,66.7945447098005,1.935,0.0,2,27,4,21.6840973,21.6361427
4/27/25 2:43,432,66.7945447098005,1.935,0.0,2,27,4,21.7466431,21.5628815
4/27/25 2:28,432,66.7945447098005,1.935,0.0,2,27,4,21.7466431,21.4896221
4/27/25 2:13,432,66.7945447098005,1.935,0.0,2,27,4,21.7466431,21.4407825
4/27/25 1:58,432,66.7945447098005,1.935,0.0,1,27,4,21.8091736,21.3675213
4/27/25 1:43,432,66.7945447098005,1.935,0.0,1,27,4,21.8091736,21.2942619
4/27/25 1:28,432,66.7945447098005,1.935,0.0,1,27,4,21.8553219,21.2454224
4/27/25 1:13,432,66.7945447098005,1.935,0.0,1,27,4,21.8717194,21.1721611
4/27/25 0:58,432,66.7945447098005,1.935,0.0,0,27,4,21.9342499,21.074482
4/27/25 0:43,432,66.7945447098005,1.935,0.0,0,27,4,21.9342499,21.0256405
4/27/25 0:28,432,66.7945447098005,1.935,0.0,0,27,4,21.9967957,21.0012226
4/27/25 0:13,432,66.7945447098005,1.935,0.0,0,27,4,21.9967957,20.952383
4/26/25 23:58,432,66.7945447098005,1.935,0.0,23,26,4,22.0593414,20.9279613
4/26/25 23:43,432,66.7945447098005,1.935,0.0,23,26,4,22.1218719,20.854702
4/26/25 23:28,432,66.7945447098005,1.935,0.0,23,26,4,22.1844177,20.7814407
4/26/25 23:13,432,66.7945447098005,1.935,0.0,23,26,4,22.269474,20.6837616
4/26/25 22:58,432,66.7945447098005,1.935,0.0,22,26,4,22.3720398,20.6105022
4/26/25 22:43,432,66.7945447098005,1.935,0.0,22,26,4,22.4971161,20.537241
4/26/25 22:28,432,66.7945447098005,1.935,0.0,22,26,4,22.6221924,20.4151421
4/26/25 22:13,432,66.7945447098005,1.935,0.0,22,26,4,22.7472839,20.1709423
4/26/25 21:58,432,66.7945447098005,1.935,0.0,21,26,4,22.7472839,20.2197819
4/26/25 21:43,432,66.7945447098005,1.935,0.0,21,26,4,22.8098145,20.0244217
4/26/25 21:28,432,66.7945447098005,1.935,0.0,21,26,4,22.872345,19.8046398
4/26/25 21:13,432,66.7945447098005,1.935,0.0,21,26,4,22.9348907,19.6581192
4/26/25 20:58,432,66.7945447098005,1.935,0.0,20,26,4,22.9974365,19.5116005
4/26/25 20:43,432,66.7945447098005,1.935,0.0,20,26,4,23.1225128,19.3650799
4/26/25 20:28,432,66.7945447098005,1.935,0.0,20,26,4,23.1850433,19.1697197
4/26/25 20:13,432,66.7945447098005,1.935,0.0,20,26,4,23.2475891,18.9987793
4/26/25 19:58,432,66.7945447098005,1.935,0.0,19,26,4,23.3726654,18.8522587
4/26/25 19:43,432,66.7945447098005,1.935,0.0,19,26,4,23.3726654,18.7301598
4/26/25 19:28,432,66.7945447098005,1.935,0.0,19,26,4,23.3726654,18.6568985
4/26/25 19:13,432,66.7945447098005,1.935,0.0,19,26,4,23.3726654,18.5592194
4/26/25 18:58,432,66.7945447098005,1.935,0.0,18,26,4,23.3726654,18.4371185
4/26/25 18:43,432,66.7945447098005,1.935,0.0,18,26,4,23.4352112,18.3150177
4/26/25 18:28,432,66.7945447098005,1.935,0.0,18,26,4,23.497757,18.3150177
4/26/25 18:13,432,66.7945447098005,1.935,0.0,18,26,4,23.497757,18.3394394
4/26/25 17:58,432,66.7945447098005,1.935,0.0,17,26,4,23.497757,18.4126987
4/26/25 17:43,432,66.7945447098005,1.935,0.0,17,26,4,23.497757,18.4371185
4/26/25 17:28,432,66.7945447098005,1.935,0.0,17,26,4,23.5602875,18.4615383
4/26/25 17:13,432,66.7945447098005,1.935,0.0,17,26,4,23.5602875,18.4615383
4/26/25 16:58,432,66.7945447098005,1.935,0.0,16,26,4,23.5602875,18.5103779
4/26/25 16:43,432,66.7945447098005,1.935,0.0,16,26,4,23.5602875,18.6244774
4/26/25 16:28,432,66.7945447098005,1.935,0.0,16,26,4,23.6228333,18.7057381
4/26/25 16:13,432,66.7945447098005,1.935,0.0,16,26,4,23.6228333,18.8278389
4/26/25 15:58,432,66.7945447098005,1.935,0.0,15,26,4,23.6228333,18.9010983
4/26/25 15:43,432,66.7945447098005,1.935,0.0,15,26,4,23.7479095,18.9255199
4/26/25 15:28,432,66.7945447098005,1.935,0.0,15,26,4,23.8104553,18.9987793
4/26/25 15:13,432,66.7945447098005,1.935,0.0,15,26,4,23.8729858,19.0231991
4/26/25 14:58,432,66.7945447098005,1.935,0.0,14,26,4,23.9355164,19.0476189
4/26/25 14:43,432,66.7945447098005,1.935,0.0,14,26,4,23.9980774,19.0476189
4/26/25 14:28,432,66.7945447098005,1.935,0.0,14,26,4,24.0606079,19.0231991
4/26/25 14:13,432,66.7945447098005,1.935,0.0,14,26,4,24.1231384,19.0476189
4/26/25 13:58,432,66.7945447098005,1.935,0.0,13,26,4,24.1856842,19.0476189
4/26/25 13:43,432,66.7945447098005,1.935,0.0,13,26,4,24.1856842,19.0476189
4/26/25 13:28,432,66.7945447098005,1.935,0.0,13,26,4,24.1856842,19.0476189
4/26/25 13:13,432,66.7945447098005,1.935,0.0,13,26,4,24.1856842,19.0720387
4/26/25 12:58,432,66.7945447098005,1.935,0.0,12,26,4,24.1856842,19.0964584
4/26/25 12:43,432,66.7945447098005,1.935,0.0,12,26,4,24.1231384,19.1208801
4/26/25 12:28,432,66.7945447098005,1.935,0.0,12,26,4,24.0606079,19.1697197
4/26/25 12:13,432,66.7945447098005,1.935,0.0,12,26,4,23.9980774,19.2273502
4/26/25 11:58,432,66.7945447098005,1.935,0.0,11,26,4,23.9355164,19.2673988
4/26/25 11:43,432,66.7945447098005,1.935,0.0,11,26,4,23.8104553,19.3406601
4/26/25 11:28,432,66.7945447098005,1.935,0.0,11,26,4,23.6853638,19.3650799
4/26/25 11:13,432,66.7945447098005,1.935,0.0,11,26,4,23.5602875,19.4139194
4/26/25 10:58,432,66.7945447098005,1.935,0.0,10,26,4,23.4352112,19.462759
4/26/25 10:43,432,66.7945447098005,1.935,0.0,10,26,4,23.3101349,19.4871788
4/26/25 10:28,432,66.7945447098005,1.935,0.0,10,26,4,23.1850433,19.5360203
4/26/25 10:13,432,66.7945447098005,1.935,0.0,10,26,4,22.9974365,19.5604401
4/26/25 9:58,432,66.7945447098005,1.935,0.0,9,26,4,22.872345,19.5848598
4/26/25 9:43,432,66.7945447098005,1.935,0.0,9,26,4,22.6847229,19.5848598
4/26/25 9:28,432,66.7945447098005,1.935,0.0,9,26,4,22.5596619,19.6092796
4/26/25 9:13,432,66.7945447098005,1.935,0.0,9,26,4,22.4345703,19.5360203
4/26/25 8:58,432,66.7945447098005,1.935,0.0,8,26,4,22.309494,19.5360203
4/26/25 8:43,432,66.7945447098005,1.935,0.0,8,26,4,22.1844177,19.5116005
4/26/25 8:28,432,66.7945447098005,1.935,0.0,8,26,4,22.1844177,19.462759
4/26/25 8:13,432,66.7945447098005,1.935,0.0,8,26,4,22.1844177,19.4139194
4/26/25 7:58,432,66.7945447098005,1.935,0.0,7,26,4,22.2469635,19.3162403
4/26/25 7:43,432,66.7945447098005,1.935,0.0,7,26,4,22.1844177,19.2918186
4/26/25 7:28,432,66.7945447098005,1.935,0.0,7,26,4,21.8091736,19.5604401
4/26/25 7:13,432,66.7945447098005,1.935,0.0,7,26,4,21.2463226,20.2197819
4/26/25 6:58,432,66.7945447098005,1.935,0.0,6,26,4,20.99617,20.3663025
4/26/25 6:43,432,66.7945447098005,1.935,0.0,6,26,4,20.8710785,20.4639816
4/26/25 6:28,432,66.7945447098005,1.935,0.0,6,26,4,20.8710785,20.317461
4/26/25 6:13,432,66.7945447098005,1.935,0.0,6,26,4,20.3707581,20.8791218
4/26/25 5:58,432,66.7945447098005,1.935,0.0,5,26,4,20.3082275,21.6849823
4/26/25 5:43,432,66.7945447098005,1.935,0.0,5,26,4,20.8710785,21.4407825
4/26/25 5:28,432,66.7945447098005,1.935,0.0,5,26,4,20.8710785,21.2942619
4/26/25 5:13,432,66.7945447098005,1.935,0.0,5,26,4,20.9336243,21.2454224
4/26/25 4:58,432,66.7945447098005,1.935,0.0,4,26,4,20.9336243,21.1477432
4/26/25 4:43,432,66.7945447098005,1.935,0.0,4,26,4,20.99617,21.074482
4/26/25 4:28,432,66.7945447098005,1.935,0.0,4,26,4,20.99617,20.9968052
4/26/25 4:13,432,66.7945447098005,1.935,0.0,4,26,4,21.0587006,20.8791218
4/26/25 3:58,432,66.7945447098005,1.935,0.0,3,26,4,21.0587006,20.8302803
4/26/25 3:43,432,66.7945447098005,1.935,0.0,3,26,4,21.0587006,20.7326012
4/26/25 3:28,432,66.7945447098005,1.935,0.0,3,26,4,21.1212463,20.6593418
4/26/25 3:13,432,66.7945447098005,1.935,0.0,3,26,4,21.1212463,20.537241
4/26/25 2:58,432,66.7945447098005,1.935,0.0,2,26,4,21.1837769,20.4639816
4/26/25 2:43,432,66.7945447098005,1.935,0.0,2,26,4,21.2463226,20.3663025
4/26/25 2:28,432,66.7945447098005,1.935,0.0,2,26,4,21.2463226,20.2930412
4/26/25 2:13,432,66.7945447098005,1.935,0.0,2,26,4,21.3088684,20.1953602
4/26/25 1:58,432,66.7945447098005,1.935,0.0,1,26,4,21.3713989,20.0732613
4/26/25 1:43,432,66.7945447098005,1.935,0.0,1,26,4,21.4339294,19.9755802
4/26/25 1:28,432,66.7945447098005,1.935,0.0,1,26,4,21.4339294,19.8046398
4/26/25 1:13,432,66.7945447098005,1.935,0.0,1,26,4,21.4964905,19.7069607
4/26/25 0:58,432,66.7945447098005,1.935,0.0,0,26,4,21.559021,19.6092796
4/26/25 0:43,432,66.7945447098005,1.935,0.0,0,26,4,21.6215515,19.4871788
4/26/25 0:28,432,66.7945447098005,1.935,0.0,0,26,4,21.6840973,19.3650799
4/26/25 0:13,432,66.7945447098005,1.935,0.0,0,26,4,21.7466431,19.242979
4/25/25 23:58,432,66.7945447098005,1.935,0.0,23,25,4,21.8717194,19.0964584
4/25/25 23:43,432,66.7945447098005,1.935,0.0,23,25,4,21.9342499,18.9499397
4/25/25 23:28,432,66.7945447098005,1.935,0.0,23,25,4,21.9967957,18.8930969
4/25/25 23:13,432,66.7945447098005,1.935,0.0,23,25,4,22.1218719,18.6324787
4/25/25 22:58,432,66.7945447098005,1.935,0.0,22,25,4,22.2469635,18.4371185
4/25/25 22:43,432,66.7945447098005,1.935,0.0,22,25,4,22.3720398,18.2661781
4/25/25 22:28,432,66.7945447098005,1.935,0.0,22,25,4,22.5596619,18.0952377
4/25/25 22:13,432,66.7945447098005,1.935,0.0,22,25,4,22.7636757,17.9242973
4/25/25 21:58,432,66.7945447098005,1.935,0.0,21,25,4,22.7472839,17.631258
4/25/25 21:43,432,66.7945447098005,1.935,0.0,21,25,4,22.872345,17.5824184
4/25/25 21:28,432,66.7945447098005,1.935,0.0,21,25,4,22.9348907,17.5824184
4/25/25 21:13,432,66.7945447098005,1.935,0.0,21,25,4,22.9974365,17.5943356
4/25/25 20:58,432,66.7945447098005,1.935,0.0,20,25,4,22.9974365,17.5824184
4/25/25 20:43,432,66.7945447098005,1.935,0.0,20,25,4,22.9974365,17.7045174
4/25/25 20:28,432,66.7945447098005,1.935,0.0,20,25,4,23.1225128,17.8021984
4/25/25 20:13,432,66.7945447098005,1.935,0.0,20,25,4,23.1850433,17.8998775
4/25/25 19:58,432,66.7945447098005,1.935,0.0,19,25,4,23.2475891,18.1196575
4/25/25 19:43,432,66.7945447098005,1.935,0.0,19,25,4,23.2475891,18.2661781
4/25/25 19:28,432,66.7945447098005,1.935,0.0,19,25,4,23.3101349,18.4615383
4/25/25 19:13,432,66.7945447098005,1.935,0.0,19,25,4,23.3726654,18.6813183
4/25/25 18:58,432,66.7945447098005,1.935,0.0,18,25,4,23.497757,18.9255199
4/25/25 18:43,432,66.7945447098005,1.935,0.0,18,25,4,23.497757,19.1697197
4/25/25 18:28,432,66.7945447098005,1.935,0.0,18,25,4,23.4352112,19.4547577
4/25/25 18:13,432,66.7945447098005,1.935,0.0,18,25,4,23.3726654,19.3162403
4/25/25 17:58,432,66.7945447098005,1.935,0.0,17,25,4,23.4352112,19.5116005
4/25/25 17:43,432,66.7945447098005,1.935,0.0,17,25,4,23.497757,19.78022
4/25/25 17:28,432,66.7945447098005,1.935,0.0,17,25,4,23.5602875,20.1221008
4/25/25 17:13,432,66.7945447098005,1.935,0.0,17,25,4,23.6853638,20.3663025
4/25/25 16:58,432,66.7945447098005,1.935,0.0,16,25,4,23.7479095,20.6349201
4/25/25 16:43,432,66.7945447098005,1.935,0.0,16,25,4,23.9355164,21.0989017
4/25/25 16:28,432,66.7945447098005,1.935,0.0,16,25,4,23.9980774,21.391943
4/25/25 16:13,432,66.7945447098005,1.935,0.0,16,25,4,23.9355164,21.4407825
4/25/25 15:58,432,66.7945447098005,1.935,0.0,15,25,4,23.9980774,21.6849823
4/25/25 15:43,432,66.7945447098005,1.935,0.0,15,25,4,24.0606079,21.9433594
4/25/25 15:28,432,66.7945447098005,1.935,0.0,15,25,4,24.1231384,22.148962
4/25/25 15:13,432,66.7945447098005,1.935,0.0,15,25,4,24.1856842,22.3443222
4/25/25 14:58,432,66.7945447098005,1.935,0.0,14,25,4,24.24823,22.5396824
4/25/25 14:43,432,66.7945447098005,1.935,0.0,14,25,4,24.24823,22.8571433999999
4/25/25 14:28,432,66.7945447098005,1.935,0.0,14,25,4,24.1231384,22.9059849
4/25/25 14:13,432,66.7945447098005,1.935,0.0,14,25,4,23.9980774,22.8815632
4/25/25 13:58,432,66.7945447098005,1.935,0.0,13,25,4,23.8104553,22.8766785
4/25/25 13:43,432,66.7945447098005,1.935,0.0,13,25,4,23.4352112,22.8571433999999
4/25/25 13:28,432,66.7945447098005,1.935,0.0,13,25,4,23.3101349,23.2839012
4/25/25 13:13,432,66.7945447098005,1.935,0.0,13,25,4,23.6853638,24.3956051
4/25/25 12:58,432,66.7945447098005,1.935,0.0,12,25,4,24.0606079,25.4212456
4/25/25 12:43,432,66.7945447098005,1.935,0.0,12,25,4,24.0606079,25.592186
4/25/25 12:28,432,66.7945447098005,1.935,0.0,12,25,4,24.1231384,25.5677662
4/25/25 12:13,432,66.7945447098005,1.935,0.0,12,25,4,24.3733063,25.4700851
4/25/25 11:58,432,66.7945447098005,1.935,0.0,11,25,4,24.5609283,25.274725
4/25/25 11:43,432,66.7945447098005,1.935,0.0,11,25,4,24.4358368,25.4407825
4/25/25 11:28,432,66.7945447098005,1.935,0.0,11,25,4,24.3107605,25.592186
4/25/25 11:13,432,66.7945447098005,1.935,0.0,11,25,4,24.1856842,25.7302895
4/25/25 10:58,432,66.7945447098005,1.935,0.0,10,25,4,24.0606079,25.8852272
4/25/25 10:43,432,66.7945447098005,1.935,0.0,10,25,4,23.8729858,25.8608055
4/25/25 10:28,432,66.7945447098005,1.935,0.0,10,25,4,23.5602875,25.8608055
4/25/25 10:13,432,66.7945447098005,1.935,0.0,10,25,4,23.3726654,26.0561657
4/25/25 9:58,432,66.7945447098005,1.935,0.0,9,25,4,23.1850433,26.2515259
4/25/25 9:43,432,66.7945447098005,1.935,0.0,9,25,4,22.9974365,26.3736267
4/25/25 9:28,432,66.7945447098005,1.935,0.0,9,25,4,22.7472839,26.5934067
4/25/25 9:13,432,66.7945447098005,1.935,0.0,9,25,4,22.6221924,26.6422462
4/25/25 8:58,432,66.7945447098005,1.935,0.0,8,25,4,22.5596619,26.5982914
4/25/25 8:43,432,66.7945447098005,1.935,0.0,8,25,4,22.5596619,26.4957256
4/25/25 8:28,432,66.7945447098005,1.935,0.0,8,25,4,22.6722164,26.3003654
4/25/25 8:13,432,66.7945447098005,1.935,0.0,8,25,4,22.5596619,26.3003654
4/25/25 7:58,432,66.7945447098005,1.935,0.0,7,25,4,22.4345703,26.5445671
4/25/25 7:43,432,66.7945447098005,1.935,0.0,7,25,4,22.309494,26.6666679
4/25/25 7:28,432,66.7945447098005,1.935,0.0,7,25,4,21.8717194,27.1306477
4/25/25 7:13,432,66.7945447098005,1.935,0.0,7,25,4,21.1837769,28.2051277
4/25/25 6:58,432,66.7945447098005,1.935,0.0,6,25,4,20.9336243,28.4737492
4/25/25 6:43,432,66.7945447098005,1.935,0.0,6,25,4,20.7460022,28.6691093
4/25/25 6:28,432,66.7945447098005,1.935,0.0,6,25,4,20.5583801,28.8888893
4/25/25 6:13,432,66.7945447098005,1.935,0.0,6,25,4,20.183136,29.6603279
4/25/25 5:58,432,66.7945447098005,1.935,0.0,5,25,4,20.183136,30.0122089
4/25/25 5:43,432,66.7945447098005,1.935,0.0,5,25,4,20.6834564,29.035408
4/25/25 5:28,432,66.7945447098005,1.935,0.0,5,25,4,20.7460022,28.9377289
4/25/25 5:13,432,66.7945447098005,1.935,0.0,5,25,4,20.7460022,28.8888893
4/25/25 4:58,432,66.7945447098005,1.935,0.0,4,25,4,20.808548,28.81563
4/25/25 4:43,432,66.7945447098005,1.935,0.0,4,25,4,20.808548,28.7667904
4/25/25 4:28,432,66.7945447098005,1.935,0.0,4,25,4,20.858572,28.6935291
4/25/25 4:13,432,66.7945447098005,1.935,0.0,4,25,4,20.8710785,28.6691093
4/25/25 3:58,432,66.7945447098005,1.935,0.0,3,25,4,20.9336243,28.5958481
4/25/25 3:43,432,66.7945447098005,1.935,0.0,3,25,4,20.99617,28.4981689
4/25/25 3:28,432,66.7945447098005,1.935,0.0,3,25,4,20.99617,28.4493275
4/25/25 3:13,432,66.7945447098005,1.935,0.0,3,25,4,21.0587006,28.3516483
4/25/25 2:58,432,66.7945447098005,1.935,0.0,2,25,4,21.0587006,28.3028088
4/25/25 2:43,432,66.7945447098005,1.935,0.0,2,25,4,21.1212463,28.2295494
4/25/25 2:28,432,66.7945447098005,1.935,0.0,2,25,4,21.1212463,28.1807098
4/25/25 2:13,432,66.7945447098005,1.935,0.0,2,25,4,21.2463226,28.0830288
4/25/25 1:58,432,66.7945447098005,1.935,0.0,1,25,4,21.2463226,27.960928
4/25/25 1:43,432,66.7945447098005,1.935,0.0,1,25,4,21.3088684,27.8437119
4/25/25 1:28,432,66.7945447098005,1.935,0.0,1,25,4,21.3713989,27.7899895
4/25/25 1:13,432,66.7945447098005,1.935,0.0,1,25,4,21.4339294,27.7003098
4/25/25 0:58,432,66.7945447098005,1.935,0.0,0,25,4,21.4964905,27.5946293
4/25/25 0:43,432,66.7945447098005,1.935,0.0,0,25,4,21.559021,27.4969482
4/25/25 0:28,432,66.7945447098005,1.935,0.0,0,25,4,21.6215515,27.3748474
4/25/25 0:13,432,66.7945447098005,1.935,0.0,0,25,4,21.6840973,27.2527485
4/24/25 23:58,432,66.7945447098005,1.935,0.0,23,24,4,21.8091736,27.2771664
4/24/25 23:43,432,66.7945447098005,1.935,0.0,23,24,4,21.8717194,27.1550674
4/24/25 23:28,432,66.7945447098005,1.935,0.0,23,24,4,21.9342499,27.0573883
4/24/25 23:13,432,66.7945447098005,1.935,0.0,23,24,4,21.9967957,26.8376064
4/24/25 22:58,432,66.7945447098005,1.935,0.0,22,24,4,22.1218719,26.6910858
4/24/25 22:43,432,66.7945447098005,1.935,0.0,22,24,4,22.2869835,26.5934067
4/24/25 22:28,432,66.7945447098005,1.935,0.0,22,24,4,22.4345703,26.4122257
4/24/25 22:13,432,66.7945447098005,1.935,0.0,22,24,4,22.6221924,26.1538467
4/24/25 21:58,432,66.7945447098005,1.935,0.0,21,24,4,22.6847229,25.9829063
4/24/25 21:43,432,66.7945447098005,1.935,0.0,21,24,4,22.7472839,25.8852272
4/24/25 21:28,432,66.7945447098005,1.935,0.0,21,24,4,22.8098145,25.8119659
4/24/25 21:13,432,66.7945447098005,1.935,0.0,21,24,4,22.872345,25.7631264
4/24/25 20:58,432,66.7945447098005,1.935,0.0,20,24,4,22.872345,25.7142849
4/24/25 20:43,432,66.7945447098005,1.935,0.0,20,24,4,22.9348907,25.689867
4/24/25 20:28,432,66.7945447098005,1.935,0.0,20,24,4,22.9974365,25.6654453
4/24/25 20:13,432,66.7945447098005,1.935,0.0,20,24,4,22.9974365,25.5677662
4/24/25 19:58,432,66.7945447098005,1.935,0.0,19,24,4,23.059967,25.5677662
4/24/25 19:43,432,66.7945447098005,1.935,0.0,19,24,4,23.1225128,25.4945068
4/24/25 19:28,432,66.7945447098005,1.935,0.0,19,24,4,23.1225128,25.4700851
4/24/25 19:13,432,66.7945447098005,1.935,0.0,19,24,4,23.1850433,25.3968258
4/24/25 18:58,432,66.7945447098005,1.935,0.0,18,24,4,23.2475891,25.372406
4/24/25 18:43,432,66.7945447098005,1.935,0.0,18,24,4,23.2475891,25.3479862
4/24/25 18:28,432,66.7945447098005,1.935,0.0,18,24,4,23.3101349,25.3479862
4/24/25 18:13,432,66.7945447098005,1.935,0.0,18,24,4,23.3726654,25.3479862
4/24/25 17:58,432,66.7945447098005,1.935,0.0,17,24,4,23.3726654,25.2628098
4/24/25 17:43,432,66.7945447098005,1.935,0.0,17,24,4,23.3726654,25.2258854
4/24/25 17:28,432,66.7945447098005,1.935,0.0,17,24,4,23.4352112,25.1770458
4/24/25 17:13,432,66.7945447098005,1.935,0.0,17,24,4,23.4352112,25.0793648
4/24/25 16:58,432,66.7945447098005,1.935,0.0,16,24,4,23.497757,25.1282043
4/24/25 16:43,432,66.7945447098005,1.935,0.0,16,24,4,23.497757,25.0549469
4/24/25 16:28,432,66.7945447098005,1.935,0.0,16,24,4,23.6228333,25.0061054
4/24/25 16:13,432,66.7945447098005,1.935,0.0,16,24,4,23.6853638,25.0305252
4/24/25 15:58,432,66.7945447098005,1.935,0.0,15,24,4,23.7479095,25.0305252
4/24/25 15:43,432,66.7945447098005,1.935,0.0,15,24,4,23.8104553,24.9328442
4/24/25 15:28,432,66.7945447098005,1.935,0.0,15,24,4,23.8104553,24.835165
4/24/25 15:13,432,66.7945447098005,1.935,0.0,15,24,4,23.8729858,24.8981838
4/24/25 14:58,432,66.7945447098005,1.935,0.0,14,24,4,23.8729858,24.9084263
4/24/25 14:43,432,66.7945447098005,1.935,0.0,14,24,4,23.8729858,24.9816856
4/24/25 14:28,432,66.7945447098005,1.935,0.0,14,24,4,23.7479095,25.0061054
4/24/25 14:13,432,66.7945447098005,1.935,0.0,14,24,4,23.6853638,25.0061054
4/24/25 13:58,432,66.7945447098005,1.935,0.0,13,24,4,23.8104553,25.1770458
4/24/25 13:43,432,66.7945447098005,1.935,0.0,13,24,4,24.1856842,25.0549469
4/24/25 13:28,432,66.7945447098005,1.935,0.0,13,24,4,24.4983826,24.8840046
4/24/25 13:13,432,66.7945447098005,1.935,0.0,13,24,4,24.4358368,24.8595867
4/24/25 12:58,432,66.7945447098005,1.935,0.0,12,24,4,24.3733063,24.8965073
4/24/25 12:43,432,66.7945447098005,1.935,0.0,12,24,4,24.3107605,24.9816856
4/24/25 12:28,432,66.7945447098005,1.935,0.0,12,24,4,24.24823,24.9572659
4/24/25 12:13,432,66.7945447098005,1.935,0.0,12,24,4,24.1856842,25.0305252
4/24/25 11:58,432,66.7945447098005,1.935,0.0,11,24,4,24.0606079,25.1037865
4/24/25 11:43,432,66.7945447098005,1.935,0.0,11,24,4,23.9980774,25.0549469
4/24/25 11:28,432,66.7945447098005,1.935,0.0,11,24,4,23.9355164,24.9816856
4/24/25 11:13,432,66.7945447098005,1.935,0.0,11,24,4,23.8729858,24.9572659
4/24/25 10:58,432,66.7945447098005,1.935,0.0,10,24,4,23.7479095,24.9572659
4/24/25 10:43,432,66.7945447098005,1.935,0.0,10,24,4,23.6228333,24.9572659
4/24/25 10:28,432,66.7945447098005,1.935,0.0,10,24,4,23.497757,25.0061054
4/24/25 10:13,432,66.7945447098005,1.935,0.0,10,24,4,23.3726654,25.0305252
4/24/25 9:58,432,66.7945447098005,1.935,0.0,9,24,4,23.2475891,24.9572659
4/24/25 9:43,432,66.7945447098005,1.935,0.0,9,24,4,23.1850433,24.8107452
4/24/25 9:28,432,66.7945447098005,1.935,0.0,9,24,4,23.1225128,24.7130661
4/24/25 9:13,432,66.7945447098005,1.935,0.0,9,24,4,23.3101349,24.4444447
4/24/25 8:58,432,66.7945447098005,1.935,0.0,8,24,4,23.497757,23.9804649
4/24/25 8:43,432,66.7945447098005,1.935,0.0,8,24,4,23.3101349,24.1758251
4/24/25 8:28,432,66.7945447098005,1.935,0.0,8,24,4,22.6847229,24.9816856
4/24/25 8:13,432,66.7945447098005,1.935,0.0,8,24,4,22.2469635,25.6410275
4/24/25 7:58,432,66.7945447098005,1.935,0.0,7,24,4,21.9342499,26.0805874
4/24/25 7:43,432,66.7945447098005,1.935,0.0,7,24,4,21.6215515,26.7399273
4/24/25 7:28,432,66.7945447098005,1.935,0.0,7,24,4,21.0587006,27.6434689
4/24/25 7:13,432,66.7945447098005,1.935,0.0,7,24,4,20.7460022,27.9120884
4/24/25 6:58,432,66.7945447098005,1.935,0.0,6,24,4,20.3932743,28.3028088
4/24/25 6:43,432,66.7945447098005,1.935,0.0,6,24,4,20.058075,28.6153851
4/24/25 6:28,432,66.7945447098005,1.935,0.0,6,24,4,19.7453766,29.0109901
4/24/25 6:13,432,66.7945447098005,1.935,0.0,6,24,4,19.3075867,29.8492718
4/24/25 5:58,432,66.7945447098005,1.935,0.0,5,24,4,19.432663,30.8913307
4/24/25 5:43,432,66.7945447098005,1.935,0.0,5,24,4,19.9955292,30.647131
4/24/25 5:28,432,66.7945447098005,1.935,0.0,5,24,4,19.9955292,30.5982895
4/24/25 5:13,432,66.7945447098005,1.935,0.0,5,24,4,20.058075,30.525032
4/24/25 4:58,432,66.7945447098005,1.935,0.0,4,24,4,20.058075,30.5006104
4/24/25 4:43,432,66.7945447098005,1.935,0.0,4,24,4,20.058075,30.525032
4/24/25 4:28,432,66.7945447098005,1.935,0.0,4,24,4,20.1206055,30.4517708
4/24/25 4:13,432,66.7945447098005,1.935,0.0,4,24,4,20.1206055,30.427351
4/24/25 3:58,432,66.7945447098005,1.935,0.0,3,24,4,20.183136,30.3660088
4/24/25 3:43,432,66.7945447098005,1.935,0.0,3,24,4,20.2200718,30.3052502
4/24/25 3:28,432,66.7945447098005,1.935,0.0,3,24,4,20.245697,30.2808304
4/24/25 3:13,432,66.7945447098005,1.935,0.0,3,24,4,20.245697,30.2319908
4/24/25 2:58,432,66.7945447098005,1.935,0.0,2,24,4,20.3082275,30.2075691
4/24/25 2:43,432,66.7945447098005,1.935,0.0,2,24,4,20.3082275,30.1831512
4/24/25 2:28,432,66.7945447098005,1.935,0.0,2,24,4,20.3707581,30.0854702
4/24/25 2:13,432,66.7945447098005,1.935,0.0,2,24,4,20.3707581,30.0366306
4/24/25 1:58,432,66.7945447098005,1.935,0.0,1,24,4,20.4333038,30.0122089
4/24/25 1:43,432,66.7945447098005,1.935,0.0,1,24,4,20.4958496,29.9233227
4/24/25 1:28,432,66.7945447098005,1.935,0.0,1,24,4,20.5583801,29.8656902
4/24/25 1:13,432,66.7945447098005,1.935,0.0,1,24,4,20.6209259,29.7924309
4/24/25 0:58,432,66.7945447098005,1.935,0.0,0,24,4,20.6209259,29.6947498
4/24/25 0:43,432,66.7945447098005,1.935,0.0,0,24,4,20.6834564,29.67033
4/24/25 0:28,432,66.7945447098005,1.935,0.0,0,24,4,20.7460022,29.5482311
4/24/25 0:13,432,66.7945447098005,1.935,0.0,0,24,4,20.808548,29.4749699
4/23/25 23:58,432,66.7945447098005,1.935,0.0,23,23,4,20.8710785,29.4261284
4/23/25 23:43,432,66.7945447098005,1.935,0.0,23,23,4,20.9336243,29.3772888
4/23/25 23:28,432,66.7945447098005,1.935,0.0,23,23,4,20.99617,29.2063503
4/23/25 23:13,432,66.7945447098005,1.935,0.0,23,23,4,21.0587006,29.0598297
4/23/25 22:58,432,66.7945447098005,1.935,0.0,22,23,4,21.2463226,28.8883038
4/23/25 22:43,432,66.7945447098005,1.935,0.0,22,23,4,21.4339294,28.7179489
4/23/25 22:28,432,66.7945447098005,1.935,0.0,22,23,4,21.6215515,28.4493275
4/23/25 22:13,432,66.7945447098005,1.935,0.0,22,23,4,21.9342499,28.1074486
4/23/25 21:58,432,66.7945447098005,1.935,0.0,21,23,4,21.9967957,27.8144073
4/23/25 21:43,432,66.7945447098005,1.935,0.0,21,23,4,22.1218719,27.838829
4/23/25 21:28,432,66.7945447098005,1.935,0.0,21,23,4,22.1844177,27.8144073
4/23/25 21:13,432,66.7945447098005,1.935,0.0,21,23,4,22.2469635,27.9120884
4/23/25 20:58,432,66.7945447098005,1.935,0.0,20,23,4,22.2469635,27.960928
4/23/25 20:43,432,66.7945447098005,1.935,0.0,20,23,4,22.309494,27.9853497
4/23/25 20:28,432,66.7945447098005,1.935,0.0,20,23,4,22.2469635,28.2051277
4/23/25 20:13,432,66.7945447098005,1.935,0.0,20,23,4,22.309494,28.3272285
4/23/25 19:58,432,66.7945447098005,1.935,0.0,19,23,4,22.3720398,28.4249096
4/23/25 19:43,432,66.7945447098005,1.935,0.0,19,23,4,22.4345703,28.4493275
4/23/25 19:28,432,66.7945447098005,1.935,0.0,19,23,4,22.5596619,28.5470085
4/23/25 19:13,432,66.7945447098005,1.935,0.0,19,23,4,22.7472839,28.5470085
4/23/25 18:58,432,66.7945447098005,1.935,0.0,18,23,4,22.7472839,28.7912083
4/23/25 18:43,432,66.7945447098005,1.935,0.0,18,23,4,22.6847229,29.2307682
4/23/25 18:28,432,66.7945447098005,1.935,0.0,18,23,4,22.5596619,28.7912083
4/23/25 18:13,432,66.7945447098005,1.935,0.0,18,23,4,22.6221924,28.8400478
4/23/25 17:58,432,66.7945447098005,1.935,0.0,17,23,4,22.6847229,28.85005
4/23/25 17:43,432,66.7945447098005,1.935,0.0,17,23,4,22.6847229,28.8644695
4/23/25 17:28,432,66.7945447098005,1.935,0.0,17,23,4,22.7472839,28.9621506
4/23/25 17:13,432,66.7945447098005,1.935,0.0,17,23,4,22.7472839,28.9133091
4/23/25 16:58,432,66.7945447098005,1.935,0.0,16,23,4,22.872345,28.8888893
4/23/25 16:43,432,66.7945447098005,1.935,0.0,16,23,4,22.872345,29.1575108
4/23/25 16:28,432,66.7945447098005,1.935,0.0,16,23,4,22.872345,28.9865685
4/23/25 16:13,432,66.7945447098005,1.935,0.0,16,23,4,22.8098145,29.1086693
4/23/25 15:58,432,66.7945447098005,1.935,0.0,15,23,4,22.7472839,28.9621506
4/23/25 15:43,432,66.7945447098005,1.935,0.0,15,23,4,22.7472839,29.0109901
4/23/25 15:28,432,66.7945447098005,1.935,0.0,15,23,4,22.7472839,29.0109901
4/23/25 15:13,432,66.7945447098005,1.935,0.0,15,23,4,22.6847229,29.0109901
4/23/25 14:58,432,66.7945447098005,1.935,0.0,14,23,4,22.6221924,29.0598297
4/23/25 14:43,432,66.7945447098005,1.935,0.0,14,23,4,22.5596619,29.1330891
4/23/25 14:28,432,66.7945447098005,1.935,0.0,14,23,4,22.4345703,29.2551899
4/23/25 14:13,432,66.7945447098005,1.935,0.0,14,23,4,22.309494,29.1819286
4/23/25 13:58,432,66.7945447098005,1.935,0.0,13,23,4,22.1844177,29.1819286
4/23/25 13:43,432,66.7945447098005,1.935,0.0,13,23,4,22.081852,29.2307682
4/23/25 13:28,432,66.7945447098005,1.935,0.0,13,23,4,21.9967957,29.2307682
4/23/25 13:13,432,66.7945447098005,1.935,0.0,13,23,4,21.9342499,29.2063503
4/23/25 12:58,432,66.7945447098005,1.935,0.0,12,23,4,21.8717194,29.3937092
4/23/25 12:43,432,66.7945447098005,1.935,0.0,12,23,4,21.8091736,29.4749699
4/23/25 12:28,432,66.7945447098005,1.935,0.0,12,23,4,21.7466431,29.572649
4/23/25 12:13,432,66.7945447098005,1.935,0.0,12,23,4,21.6840973,29.6459103
4/23/25 11:58,432,66.7945447098005,1.935,0.0,11,23,4,21.6215515,29.7680092
4/23/25 11:43,432,66.7945447098005,1.935,0.0,11,23,4,21.6215515,29.9389515
4/23/25 11:28,432,66.7945447098005,1.935,0.0,11,23,4,21.559021,29.7680092
4/23/25 11:13,432,66.7945447098005,1.935,0.0,11,23,4,21.4964905,29.9194145
4/23/25 10:58,432,66.7945447098005,1.935,0.0,10,23,4,21.4964905,29.9145298
4/23/25 10:43,432,66.7945447098005,1.935,0.0,10,23,4,21.4964905,29.8368549
4/23/25 10:28,432,66.7945447098005,1.935,0.0,10,23,4,21.4964905,30.0854702
4/23/25 10:13,432,66.7945447098005,1.935,0.0,10,23,4,21.4339294,29.758955
4/23/25 9:58,432,66.7945447098005,1.935,0.0,9,23,4,21.3088684,30.2808304
4/23/25 9:43,432,66.7945447098005,1.935,0.0,9,23,4,21.1837769,29.7680092
4/23/25 9:28,432,66.7945447098005,1.935,0.0,9,23,4,21.1837769,29.8656902
4/23/25 9:13,432,66.7945447098005,1.935,0.0,9,23,4,21.1837769,29.7680092
4/23/25 8:58,432,66.7945447098005,1.935,0.0,8,23,4,21.1837769,29.7191696
4/23/25 8:43,432,66.7945447098005,1.935,0.0,8,23,4,21.2463226,29.67033
4/23/25 8:28,432,66.7945447098005,1.935,0.0,8,23,4,21.3088684,29.6547012
4/23/25 8:13,432,66.7945447098005,1.935,0.0,8,23,4,21.3088684,29.6214886
4/23/25 7:58,432,66.7945447098005,1.935,0.0,7,23,4,21.4339294,29.5402298
4/23/25 7:43,432,66.7945447098005,1.935,0.0,7,23,4,21.1837769,29.8168488
4/23/25 7:28,432,66.7945447098005,1.935,0.0,7,23,4,20.6834564,30.6227112
4/23/25 7:13,432,66.7945447098005,1.935,0.0,7,23,4,20.5583801,30.9401703
4/23/25 6:58,432,66.7945447098005,1.935,0.0,6,23,4,20.3082275,31.2576313
4/23/25 6:43,432,66.7945447098005,1.935,0.0,6,23,4,20.1206055,31.5262508
4/23/25 6:28,432,66.7945447098005,1.935,0.0,6,23,4,19.9329834,31.7460327
4/23/25 6:13,432,66.7945447098005,1.935,0.0,6,23,4,19.432663,32.6593399
4/23/25 5:58,432,66.7945447098005,1.935,0.0,5,23,4,19.4952087,32.5030518
4/23/25 5:43,432,66.7945447098005,1.935,0.0,5,23,4,19.9955292,31.1255283
4/23/25 5:28,432,66.7945447098005,1.935,0.0,5,23,4,20.058075,31.1111126
4/23/25 5:13,432,66.7945447098005,1.935,0.0,5,23,4,20.058075,31.0866909
4/23/25 4:58,432,66.7945447098005,1.935,0.0,4,23,4,20.058075,31.0622711
4/23/25 4:43,432,66.7945447098005,1.935,0.0,4,23,4,20.058075,31.0378513
4/23/25 4:28,432,66.7945447098005,1.935,0.0,4,23,4,20.058075,31.0134315
4/23/25 4:13,432,66.7945447098005,1.935,0.0,4,23,4,20.058075,30.9890099
4/23/25 3:58,432,66.7945447098005,1.935,0.0,3,23,4,20.1206055,30.9890099
4/23/25 3:43,432,66.7945447098005,1.935,0.0,3,23,4,20.058075,30.9157524
4/23/25 3:28,432,66.7945447098005,1.935,0.0,3,23,4,20.1206055,30.9157524
4/23/25 3:13,432,66.7945447098005,1.935,0.0,3,23,4,20.1206055,30.9157524
4/23/25 2:58,432,66.7945447098005,1.935,0.0,2,23,4,20.1206055,30.8669109
4/23/25 2:43,432,66.7945447098005,1.935,0.0,2,23,4,20.183136,30.8424911
4/23/25 2:28,432,66.7945447098005,1.935,0.0,2,23,4,20.183136,30.7936497
4/23/25 2:13,432,66.7945447098005,1.935,0.0,2,23,4,20.245697,30.7936497
4/23/25 1:58,432,66.7945447098005,1.935,0.0,1,23,4,20.245697,30.7448101
4/23/25 1:43,432,66.7945447098005,1.935,0.0,1,23,4,20.245697,30.7203922
4/23/25 1:28,432,66.7945447098005,1.935,0.0,1,23,4,20.3082275,30.6959705
4/23/25 1:13,432,66.7945447098005,1.935,0.0,1,23,4,20.3707581,30.6715508
4/23/25 0:58,432,66.7945447098005,1.935,0.0,0,23,4,20.4333038,30.6227112
4/23/25 0:43,432,66.7945447098005,1.935,0.0,0,23,4,20.4333038,30.5822868
4/23/25 0:28,432,66.7945447098005,1.935,0.0,0,23,4,20.4958496,30.525032
4/23/25 0:13,432,66.7945447098005,1.935,0.0,0,23,4,20.5583801,30.4761906
4/22/25 23:58,432,66.7945447098005,1.935,0.0,23,22,4,20.6209259,30.4029293
4/22/25 23:43,432,66.7945447098005,1.935,0.0,23,22,4,20.6834564,30.3540897
4/22/25 23:28,432,66.7945447098005,1.935,0.0,23,22,4,20.808548,30.3296719
4/22/25 23:13,432,66.7945447098005,1.935,0.0,23,22,4,20.808548,30.3052502
4/22/25 22:58,432,66.7945447098005,1.935,0.0,22,22,4,20.9336243,30.2075691
4/22/25 22:43,432,66.7945447098005,1.935,0.0,22,22,4,20.99617,30.0854702
4/22/25 22:28,432,66.7945447098005,1.935,0.0,22,22,4,21.1212463,30.024128
4/22/25 22:13,432,66.7945447098005,1.935,0.0,22,22,4,21.3088684,29.8168488
4/22/25 21:58,432,66.7945447098005,1.935,0.0,21,22,4,21.3713989,29.7435913
4/22/25 21:43,432,66.7945447098005,1.935,0.0,21,22,4,21.3713989,29.7435913
4/22/25 21:28,432,66.7945447098005,1.935,0.0,21,22,4,21.3713989,29.67033
4/22/25 21:13,432,66.7945447098005,1.935,0.0,21,22,4,21.4339294,29.572649
4/22/25 20:58,432,66.7945447098005,1.935,0.0,20,22,4,21.4964905,29.4505501
4/22/25 20:43,432,66.7945447098005,1.935,0.0,20,22,4,21.559021,29.3772888
4/22/25 20:28,432,66.7945447098005,1.935,0.0,20,22,4,21.559021,29.3040295
4/22/25 20:13,432,66.7945447098005,1.935,0.0,20,22,4,21.559021,29.246397
4/22/25 19:58,432,66.7945447098005,1.935,0.0,19,22,4,21.559021,29.1086693
4/22/25 19:43,432,66.7945447098005,1.935,0.0,19,22,4,21.6215515,28.9701519
4/22/25 19:28,432,66.7945447098005,1.935,0.0,19,22,4,21.6215515,28.81563
4/22/25 19:13,432,66.7945447098005,1.935,0.0,19,22,4,21.7466431,28.6935291
4/22/25 18:58,432,66.7945447098005,1.935,0.0,18,22,4,21.7466431,28.5470085
4/22/25 18:43,432,66.7945447098005,1.935,0.0,18,22,4,21.7466431,28.4004879
4/22/25 18:28,432,66.7945447098005,1.935,0.0,18,22,4,21.8091736,28.278389
4/22/25 18:13,432,66.7945447098005,1.935,0.0,18,22,4,21.8091736,28.1074486
4/22/25 17:58,432,66.7945447098005,1.935,0.0,17,22,4,21.8091736,28.0097675
4/22/25 17:43,432,66.7945447098005,1.935,0.0,17,22,4,21.8717194,27.8632469
4/22/25 17:28,432,66.7945447098005,1.935,0.0,17,22,4,21.8717194,27.7003098
4/22/25 17:13,432,66.7945447098005,1.935,0.0,17,22,4,21.8717194,27.5702076
4/22/25 16:58,432,66.7945447098005,1.935,0.0,16,22,4,21.8717194,27.3992691
4/22/25 16:43,432,66.7945447098005,1.935,0.0,16,22,4,21.9342499,27.2283268
4/22/25 16:28,432,66.7945447098005,1.935,0.0,16,22,4,21.9342499,27.0085487
4/22/25 16:13,432,66.7945447098005,1.935,0.0,16,22,4,21.9342499,26.8376064
4/22/25 15:58,432,66.7945447098005,1.935,0.0,15,22,4,21.9342499,26.6178284
4/22/25 15:43,432,66.7945447098005,1.935,0.0,15,22,4,21.9342499,26.3247871
4/22/25 15:28,432,66.7945447098005,1.935,0.0,15,22,4,21.9967957,26.227108
4/22/25 15:13,432,66.7945447098005,1.935,0.0,15,22,4,21.9967957,26.129427
4/22/25 14:58,432,66.7945447098005,1.935,0.0,14,22,4,21.9967957,26.0805874
4/22/25 14:43,432,66.7945447098005,1.935,0.0,14,22,4,21.9967957,25.9096451
4/22/25 14:28,432,66.7945447098005,1.935,0.0,14,22,4,21.9967957,25.8119659
4/22/25 14:13,432,66.7945447098005,1.935,0.0,14,22,4,21.9967957,25.7631264
4/22/25 13:58,432,66.7945447098005,1.935,0.0,13,22,4,21.9967957,25.7142849
4/22/25 13:43,432,66.7945447098005,1.935,0.0,13,22,4,21.9342499,25.689867
4/22/25 13:28,432,66.7945447098005,1.935,0.0,13,22,4,21.9342499,25.6654453
4/22/25 13:13,432,66.7945447098005,1.935,0.0,13,22,4,21.8717194,25.6654453
4/22/25 12:58,432,66.7945447098005,1.935,0.0,12,22,4,21.8091736,25.689867
4/22/25 12:43,432,66.7945447098005,1.935,0.0,12,22,4,21.7466431,25.6654453
4/22/25 12:28,432,66.7945447098005,1.935,0.0,12,22,4,21.7466431,25.657444
4/22/25 12:13,432,66.7945447098005,1.935,0.0,12,22,4,21.6840973,25.6410275
4/22/25 11:58,432,66.7945447098005,1.935,0.0,11,22,4,21.559021,25.689867
4/22/25 11:43,432,66.7945447098005,1.935,0.0,11,22,4,21.4964905,25.7387066
4/22/25 11:28,432,66.7945447098005,1.935,0.0,11,22,4,21.3713989,25.7387066
4/22/25 11:13,432,66.7945447098005,1.935,0.0,11,22,4,21.1212463,26.0073261
4/22/25 10:58,432,66.7945447098005,1.935,0.0,10,22,4,21.1212463,26.1782665
4/22/25 10:43,432,66.7945447098005,1.935,0.0,10,22,4,21.4339294,25.9829063
4/22/25 10:28,432,66.7945447098005,1.935,0.0,10,22,4,21.559021,25.689867
4/22/25 10:13,432,66.7945447098005,1.935,0.0,10,22,4,21.4964905,25.7875462
4/22/25 9:58,432,66.7945447098005,1.935,0.0,9,22,4,21.4339294,25.8363876
4/22/25 9:43,432,66.7945447098005,1.935,0.0,9,22,4,21.3713989,25.8119659
4/22/25 9:28,432,66.7945447098005,1.935,0.0,9,22,4,21.3088684,25.7875462
4/22/25 9:13,432,66.7945447098005,1.935,0.0,9,22,4,21.2463226,25.7631264
4/22/25 8:58,432,66.7945447098005,1.935,0.0,8,22,4,21.2463226,25.7631264
4/22/25 8:43,432,66.7945447098005,1.935,0.0,8,22,4,21.2463226,25.7387066
4/22/25 8:28,432,66.7945447098005,1.935,0.0,8,22,4,21.2463226,25.689867
4/22/25 8:13,432,66.7945447098005,1.935,0.0,8,22,4,21.2463226,25.689867
4/22/25 7:58,432,66.7945447098005,1.935,0.0,7,22,4,21.2463226,25.6849823
4/22/25 7:43,432,66.7945447098005,1.935,0.0,7,22,4,21.1837769,25.7142849
4/22/25 7:28,432,66.7945447098005,1.935,0.0,7,22,4,21.1837769,25.7387066
4/22/25 7:13,432,66.7945447098005,1.935,0.0,7,22,4,21.0587006,25.8119659
4/22/25 6:58,432,66.7945447098005,1.935,0.0,6,22,4,20.5583801,26.6910858
4/22/25 6:43,432,66.7945447098005,1.935,0.0,6,22,4,20.3707581,26.8620281
4/22/25 6:28,432,66.7945447098005,1.935,0.0,6,22,4,20.245697,26.9597073
4/22/25 6:13,432,66.7945447098005,1.935,0.0,6,22,4,19.620285,27.8876686
4/22/25 5:58,432,66.7945447098005,1.935,0.0,5,22,4,19.620285,28.278389
4/22/25 5:43,432,66.7945447098005,1.935,0.0,5,22,4,20.245697,27.1599522
4/22/25 5:28,432,66.7945447098005,1.935,0.0,5,22,4,20.245697,27.1062279
4/22/25 5:13,432,66.7945447098005,1.935,0.0,5,22,4,20.245697,27.0573883
4/22/25 4:58,432,66.7945447098005,1.935,0.0,4,22,4,20.3082275,27.0085487
4/22/25 4:43,432,66.7945447098005,1.935,0.0,4,22,4,20.3082275,26.9352875
4/22/25 4:28,432,66.7945447098005,1.935,0.0,4,22,4,20.3082275,26.8620281
4/22/25 4:13,432,66.7945447098005,1.935,0.0,4,22,4,20.3082275,26.8376064
4/22/25 3:58,432,66.7945447098005,1.935,0.0,3,22,4,20.3082275,26.8131886
4/22/25 3:43,432,66.7945447098005,1.935,0.0,3,22,4,20.3707581,26.7399273
4/22/25 3:28,432,66.7945447098005,1.935,0.0,3,22,4,20.3707581,26.6910858
4/22/25 3:13,432,66.7945447098005,1.935,0.0,3,22,4,20.4333038,26.6178284
4/22/25 2:58,432,66.7945447098005,1.935,0.0,2,22,4,20.4958496,26.5445671
4/22/25 2:43,432,66.7945447098005,1.935,0.0,2,22,4,20.4958496,26.4957256
4/22/25 2:28,432,66.7945447098005,1.935,0.0,2,22,4,20.5583801,26.4224682
4/22/25 2:13,432,66.7945447098005,1.935,0.0,2,22,4,20.6209259,26.3247871
4/22/25 1:58,432,66.7945447098005,1.935,0.0,1,22,4,20.6209259,26.227108
4/22/25 1:43,432,66.7945447098005,1.935,0.0,1,22,4,20.6834564,26.1538467
4/22/25 1:28,432,66.7945447098005,1.935,0.0,1,22,4,20.7460022,26.129427
4/22/25 1:13,432,66.7945447098005,1.935,0.0,1,22,4,20.6834564,26.0805874
4/22/25 0:58,432,66.7945447098005,1.935,0.0,0,22,4,20.7460022,26.1050053
4/22/25 0:43,432,66.7945447098005,1.935,0.0,0,22,4,20.6834564,26.0805874
4/22/25 0:28,432,66.7945447098005,1.935,0.0,0,22,4,20.7460022,26.0561657
4/22/25 0:13,432,66.7945447098005,1.935,0.0,0,22,4,20.7460022,25.9829063
4/21/25 23:58,432,66.7945447098005,1.935,0.0,23,21,4,20.808548,25.9340668
4/21/25 23:43,432,66.7945447098005,1.935,0.0,23,21,4,20.9336243,25.9096451
4/21/25 23:28,432,66.7945447098005,1.935,0.0,23,21,4,20.99617,25.8852272
4/21/25 23:13,432,66.7945447098005,1.935,0.0,23,21,4,21.0587006,25.7387066
4/21/25 22:58,432,66.7945447098005,1.935,0.0,22,21,4,21.0587006,25.6410275
4/21/25 22:43,432,66.7945447098005,1.935,0.0,22,21,4,21.1212463,25.6654453
4/21/25 22:28,432,66.7945447098005,1.935,0.0,22,21,4,21.1212463,25.6166058
4/21/25 22:13,432,66.7945447098005,1.935,0.0,22,21,4,21.1837769,25.4456673
4/21/25 21:58,432,66.7945447098005,1.935,0.0,21,21,4,21.1212463,25.1651287
4/21/25 21:43,432,66.7945447098005,1.935,0.0,21,21,4,20.808548,25.372406
4/21/25 21:28,432,66.7945447098005,1.935,0.0,21,21,4,21.1837769,25.6410275
4/21/25 21:13,432,66.7945447098005,1.935,0.0,21,21,4,21.1837769,25.5189247
4/21/25 20:58,432,66.7945447098005,1.935,0.0,20,21,4,20.9336243,25.6410275
4/21/25 20:43,432,66.7945447098005,1.935,0.0,20,21,4,20.6834564,26.1538467
4/21/25 20:28,432,66.7945447098005,1.935,0.0,20,21,4,20.808548,26.0561657
4/21/25 20:13,432,66.7945447098005,1.935,0.0,20,21,4,20.8710785,25.8119659
4/21/25 19:58,432,66.7945447098005,1.935,0.0,19,21,4,20.808548,25.9584866
4/21/25 19:43,432,66.7945447098005,1.935,0.0,19,21,4,20.8710785,25.7875462
4/21/25 19:28,432,66.7945447098005,1.935,0.0,19,21,4,20.9336243,25.689867
4/21/25 19:13,432,66.7945447098005,1.935,0.0,19,21,4,21.0587006,25.7467079
4/21/25 18:58,432,66.7945447098005,1.935,0.0,18,21,4,21.2463226,25.8363876
4/21/25 18:43,432,66.7945447098005,1.935,0.0,18,21,4,21.3713989,25.8608055
4/21/25 18:28,432,66.7945447098005,1.935,0.0,18,21,4,21.3713989,25.9340668
4/21/25 18:13,432,66.7945447098005,1.935,0.0,18,21,4,21.2062931,25.592186
4/21/25 17:58,432,66.7945447098005,1.935,0.0,17,21,4,21.1837769,25.7142849
4/21/25 17:43,432,66.7945447098005,1.935,0.0,17,21,4,21.1837769,25.7875462
4/21/25 17:28,432,66.7945447098005,1.935,0.0,17,21,4,21.2463226,25.9340668
4/21/25 17:13,432,66.7945447098005,1.935,0.0,17,21,4,21.2463226,26.0561657
4/21/25 16:58,432,66.7945447098005,1.935,0.0,16,21,4,21.2463226,26.1538467
4/21/25 16:43,432,66.7945447098005,1.935,0.0,16,21,4,21.2463226,26.1538467
4/21/25 16:28,432,66.7945447098005,1.935,0.0,16,21,4,21.3713989,26.1050053
4/21/25 16:13,432,66.7945447098005,1.935,0.0,16,21,4,21.4964905,26.129427
4/21/25 15:58,432,66.7945447098005,1.935,0.0,15,21,4,21.4339294,25.9829063
4/21/25 15:43,432,66.7945447098005,1.935,0.0,15,21,4,21.4339294,25.8119659
4/21/25 15:28,432,66.7945447098005,1.935,0.0,15,21,4,21.559021,25.9584866
4/21/25 15:13,432,66.7945447098005,1.935,0.0,15,21,4,21.559021,26.0073261
4/21/25 14:58,432,66.7945447098005,1.935,0.0,14,21,4,21.559021,25.9829063
4/21/25 14:43,432,66.7945447098005,1.935,0.0,14,21,4,21.6840973,25.9829063
4/21/25 14:28,432,66.7945447098005,1.935,0.0,14,21,4,21.4964905,26.0805874
4/21/25 14:13,432,66.7945447098005,1.935,0.0,14,21,4,21.4339294,26.1538467
4/21/25 13:58,432,66.7945447098005,1.935,0.0,13,21,4,21.3088684,26.227108
4/21/25 13:43,432,66.7945447098005,1.935,0.0,13,21,4,21.2463226,25.7875462
4/21/25 13:28,432,66.7945447098005,1.935,0.0,13,21,4,21.2463226,25.6654453
4/21/25 13:13,432,66.7945447098005,1.935,0.0,13,21,4,21.1837769,25.592186
4/21/25 12:58,432,66.7945447098005,1.935,0.0,12,21,4,21.1212463,25.4456673
4/21/25 12:43,432,66.7945447098005,1.935,0.0,12,21,4,21.1212463,25.2991467
4/21/25 12:28,432,66.7945447098005,1.935,0.0,12,21,4,21.1837769,25.2258854
4/21/25 12:13,432,66.7945447098005,1.935,0.0,12,21,4,21.0587006,25.1037865
4/21/25 11:58,432,66.7945447098005,1.935,0.0,11,21,4,21.1212463,25.0061054
4/21/25 11:43,432,66.7945447098005,1.935,0.0,11,21,4,21.2463226,25.1282043
4/21/25 11:28,432,66.7945447098005,1.935,0.0,11,21,4,21.4339294,25.3968258
4/21/25 11:13,432,66.7945447098005,1.935,0.0,11,21,4,21.6215515,26.0805874
4/21/25 10:58,432,66.7945447098005,1.935,0.0,10,21,4,21.6215515,26.227108
4/21/25 10:43,432,66.7945447098005,1.935,0.0,10,21,4,21.4964905,26.4713078
4/21/25 10:28,432,66.7945447098005,1.935,0.0,10,21,4,21.559021,26.3003654
4/21/25 10:13,432,66.7945447098005,1.935,0.0,10,21,4,21.6840973,26.0073261
4/21/25 9:58,432,66.7945447098005,1.935,0.0,9,21,4,22.1218719,25.4212456
4/21/25 9:43,432,66.7945447098005,1.935,0.0,9,21,4,22.3720398,24.9816856
4/21/25 9:28,432,66.7945447098005,1.935,0.0,9,21,4,22.2469635,24.9084263
4/21/25 9:13,432,66.7945447098005,1.935,0.0,9,21,4,22.2469635,24.7863255
4/21/25 8:58,432,66.7945447098005,1.935,0.0,8,21,4,22.1844177,24.7619057
4/21/25 8:43,432,66.7945447098005,1.935,0.0,8,21,4,22.1218719,24.6886444
4/21/25 8:28,432,66.7945447098005,1.935,0.0,8,21,4,22.1218719,24.6886444
4/21/25 8:13,432,66.7945447098005,1.935,0.0,8,21,4,22.1218719,24.6886444
4/21/25 7:58,432,66.7945447098005,1.935,0.0,7,21,4,22.0593414,24.6886444
4/21/25 7:43,432,66.7945447098005,1.935,0.0,7,21,4,22.0593414,24.737484
4/21/25 7:28,432,66.7945447098005,1.935,0.0,7,21,4,22.0593414,24.7619057
4/21/25 7:13,432,66.7945447098005,1.935,0.0,7,21,4,22.0593414,24.7863255
4/21/25 6:58,432,66.7945447098005,1.935,0.0,6,21,4,21.6840973,25.2503071
4/21/25 6:43,432,66.7945447098005,1.935,0.0,6,21,4,21.6215515,25.4212456
4/21/25 6:28,432,66.7945447098005,1.935,0.0,6,21,4,21.6215515,25.372406
4/21/25 6:13,432,66.7945447098005,1.935,0.0,6,21,4,21.3088684,25.689867
4/21/25 5:58,432,66.7945447098005,1.935,0.0,5,21,4,21.0587006,26.1782665
4/21/25 5:43,432,66.7945447098005,1.935,0.0,5,21,4,21.1212463,26.129427
4/21/25 5:28,432,66.7945447098005,1.935,0.0,5,21,4,21.1212463,26.129427
4/21/25 5:13,432,66.7945447098005,1.935,0.0,5,21,4,21.1837769,26.0561657
4/21/25 4:58,432,66.7945447098005,1.935,0.0,4,21,4,21.1837769,26.0317478
4/21/25 4:43,432,66.7945447098005,1.935,0.0,4,21,4,21.2463226,25.9584866
4/21/25 4:28,432,66.7945447098005,1.935,0.0,4,21,4,21.2463226,25.9340668
4/21/25 4:13,432,66.7945447098005,1.935,0.0,4,21,4,21.3088684,25.9340668
4/21/25 3:58,432,66.7945447098005,1.935,0.0,3,21,4,21.3088684,25.8363876
4/21/25 3:43,432,66.7945447098005,1.935,0.0,3,21,4,21.3713989,25.8119659
4/21/25 3:28,432,66.7945447098005,1.935,0.0,3,21,4,21.3713989,25.7631264
4/21/25 3:13,432,66.7945447098005,1.935,0.0,3,21,4,21.4339294,25.689867
4/21/25 2:58,432,66.7945447098005,1.935,0.0,2,21,4,21.4339294,25.6654453
4/21/25 2:43,432,66.7945447098005,1.935,0.0,2,21,4,21.4964905,25.6654453
4/21/25 2:28,432,66.7945447098005,1.935,0.0,2,21,4,21.559021,25.5677662
4/21/25 2:13,432,66.7945447098005,1.935,0.0,2,21,4,21.6215515,25.4700851
4/21/25 1:58,432,66.7945447098005,1.935,0.0,1,21,4,21.6840973,25.4212456
4/21/25 1:43,432,66.7945447098005,1.935,0.0,1,21,4,21.7466431,25.274725
4/21/25 1:28,432,66.7945447098005,1.935,0.0,1,21,4,21.8091736,25.2156429
4/21/25 1:13,432,66.7945447098005,1.935,0.0,1,21,4,21.9342499,25.0061054
4/21/25 0:58,432,66.7945447098005,1.935,0.0,0,21,4,21.9967957,24.8840046
4/21/25 0:43,432,66.7945447098005,1.935,0.0,0,21,4,22.1218719,24.835165
4/21/25 0:28,432,66.7945447098005,1.935,0.0,0,21,4,22.1218719,24.8107452
4/21/25 0:13,432,66.7945447098005,1.935,0.0,0,21,4,22.1844177,24.8107452
4/20/25 23:58,432,66.7945447098005,1.935,0.0,23,20,4,22.1844177,24.8595867
4/20/25 23:43,432,66.7945447098005,1.935,0.0,23,20,4,22.1844177,24.7619057
4/20/25 23:28,432,66.7945447098005,1.935,0.0,23,20,4,22.2469635,24.8595867
4/20/25 23:13,432,66.7945447098005,1.935,0.0,23,20,4,22.3720398,24.6398048
4/20/25 22:58,432,66.7945447098005,1.935,0.0,22,20,4,22.4971161,24.5421238
4/20/25 22:43,432,66.7945447098005,1.935,0.0,22,20,4,22.6221924,24.5909653
4/20/25 22:28,432,66.7945447098005,1.935,0.0,22,20,4,22.7472839,24.5421238
4/20/25 22:13,432,66.7945447098005,1.935,0.0,22,20,4,22.872345,24.3467636
4/20/25 21:58,432,66.7945447098005,1.935,0.0,21,20,4,22.9348907,23.9316254
4/20/25 21:43,432,66.7945447098005,1.935,0.0,21,20,4,22.9348907,23.9316254
4/20/25 21:28,432,66.7945447098005,1.935,0.0,21,20,4,22.9348907,23.8583641
4/20/25 21:13,432,66.7945447098005,1.935,0.0,21,20,4,22.9974365,23.7606831
4/20/25 20:58,432,66.7945447098005,1.935,0.0,20,20,4,23.059967,23.6993408
4/20/25 20:43,432,66.7945447098005,1.935,0.0,20,20,4,23.1850433,23.5653229
4/20/25 20:28,432,66.7945447098005,1.935,0.0,20,20,4,23.2475891,23.4676437
4/20/25 20:13,432,66.7945447098005,1.935,0.0,20,20,4,23.3101349,23.3943844
4/20/25 19:58,432,66.7945447098005,1.935,0.0,19,20,4,23.3726654,23.3455448
4/20/25 19:43,432,66.7945447098005,1.935,0.0,19,20,4,23.3726654,23.3211231
4/20/25 19:28,432,66.7945447098005,1.935,0.0,19,20,4,23.4352112,23.2478638
4/20/25 19:13,432,66.7945447098005,1.935,0.0,19,20,4,23.4352112,23.223444
4/20/25 18:58,432,66.7945447098005,1.935,0.0,18,20,4,23.497757,23.1746025
4/20/25 18:43,432,66.7945447098005,1.935,0.0,18,20,4,23.497757,23.1990242
4/20/25 18:28,432,66.7945447098005,1.935,0.0,18,20,4,23.497757,23.1990242
4/20/25 18:13,432,66.7945447098005,1.935,0.0,18,20,4,23.497757,23.223444
4/20/25 17:58,432,66.7945447098005,1.935,0.0,17,20,4,23.497757,23.1990242
4/20/25 17:43,432,66.7945447098005,1.935,0.0,17,20,4,23.497757,23.2967052
4/20/25 17:28,432,66.7945447098005,1.935,0.0,17,20,4,23.5602875,23.3211231
4/20/25 17:13,432,66.7945447098005,1.935,0.0,17,20,4,23.497757,23.4188042
4/20/25 16:58,432,66.7945447098005,1.935,0.0,16,20,4,23.497757,23.4188042
4/20/25 16:43,432,66.7945447098005,1.935,0.0,16,20,4,23.5602875,23.3943844
4/20/25 16:28,432,66.7945447098005,1.935,0.0,16,20,4,23.5602875,23.3211231
4/20/25 16:13,432,66.7945447098005,1.935,0.0,16,20,4,23.497757,23.3943844
4/20/25 15:58,432,66.7945447098005,1.935,0.0,15,20,4,23.3726654,23.4676437
4/20/25 15:43,432,66.7945447098005,1.935,0.0,15,20,4,23.3726654,23.5164833
4/20/25 15:28,432,66.7945447098005,1.935,0.0,15,20,4,23.497757,23.443224
4/20/25 15:13,432,66.7945447098005,1.935,0.0,15,20,4,23.5602875,23.4920654
4/20/25 14:58,432,66.7945447098005,1.935,0.0,14,20,4,23.6853638,23.4920654
4/20/25 14:43,432,66.7945447098005,1.935,0.0,14,20,4,23.8104553,23.4676437
4/20/25 14:28,432,66.7945447098005,1.935,0.0,14,20,4,23.9355164,23.3699627
4/20/25 14:13,432,66.7945447098005,1.935,0.0,14,20,4,24.0606079,23.2478638
4/20/25 13:58,432,66.7945447098005,1.935,0.0,13,20,4,24.24823,23.1013451
4/20/25 13:43,432,66.7945447098005,1.935,0.0,13,20,4,24.3107605,22.799511
4/20/25 13:28,432,66.7945447098005,1.935,0.0,13,20,4,24.1856842,22.7594643
4/20/25 13:13,432,66.7945447098005,1.935,0.0,13,20,4,23.9980774,22.8327236
4/20/25 12:58,432,66.7945447098005,1.935,0.0,12,20,4,24.0606079,22.8571433999999
4/20/25 12:43,432,66.7945447098005,1.935,0.0,12,20,4,24.1856842,22.6129436
4/20/25 12:28,432,66.7945447098005,1.935,0.0,12,20,4,24.4983826,22.2466431
4/20/25 12:13,432,66.7945447098005,1.935,0.0,12,20,4,24.5609283,21.5628815
4/20/25 11:58,432,66.7945447098005,1.935,0.0,11,20,4,24.4358368,21.6361427
4/20/25 11:43,432,66.7945447098005,1.935,0.0,11,20,4,24.3733063,21.6361427
4/20/25 11:28,432,66.7945447098005,1.935,0.0,11,20,4,24.1856842,21.7045174
4/20/25 11:13,432,66.7945447098005,1.935,0.0,11,20,4,24.0606079,21.8070812
4/20/25 10:58,432,66.7945447098005,1.935,0.0,10,20,4,23.9355164,21.8440056
4/20/25 10:43,432,66.7945447098005,1.935,0.0,10,20,4,23.7479095,21.8315029
4/20/25 10:28,432,66.7945447098005,1.935,0.0,10,20,4,23.6228333,21.8070812
4/20/25 10:13,432,66.7945447098005,1.935,0.0,10,20,4,23.4352112,21.8559227
4/20/25 9:58,432,66.7945447098005,1.935,0.0,9,20,4,23.2475891,21.9536018
4/20/25 9:43,432,66.7945447098005,1.935,0.0,9,20,4,22.9974365,22.0268631
4/20/25 9:28,432,66.7945447098005,1.935,0.0,9,20,4,22.872345,22.0512829
4/20/25 9:13,432,66.7945447098005,1.935,0.0,9,20,4,22.8098145,22.0757027
4/20/25 8:58,432,66.7945447098005,1.935,0.0,8,20,4,22.7472839,22.1245441
4/20/25 8:43,432,66.7945447098005,1.935,0.0,8,20,4,22.6847229,22.2222233
4/20/25 8:28,432,66.7945447098005,1.935,0.0,8,20,4,22.6847229,22.1978016
4/20/25 8:13,432,66.7945447098005,1.935,0.0,8,20,4,22.7472839,22.1347866
4/20/25 7:58,432,66.7945447098005,1.935,0.0,7,20,4,22.6847229,22.2466431
4/20/25 7:43,432,66.7945447098005,1.935,0.0,7,20,4,22.5596619,22.3931618
4/20/25 7:28,432,66.7945447098005,1.935,0.0,7,20,4,22.1844177,22.8815632
4/20/25 7:13,432,66.7945447098005,1.935,0.0,7,20,4,21.8717194,23.3699627
4/20/25 6:58,432,66.7945447098005,1.935,0.0,6,20,4,21.6215515,23.5653229
4/20/25 6:43,432,66.7945447098005,1.935,0.0,6,20,4,21.4339294,23.7606831
4/20/25 6:28,432,66.7945447098005,1.935,0.0,6,20,4,21.2463226,24.0449333
4/20/25 6:13,432,66.7945447098005,1.935,0.0,6,20,4,20.99617,24.3223457
4/20/25 5:58,432,66.7945447098005,1.935,0.0,5,20,4,20.808548,24.7474861
4/20/25 5:43,432,66.7945447098005,1.935,0.0,5,20,4,20.8710785,24.7130661
4/20/25 5:28,432,66.7945447098005,1.935,0.0,5,20,4,20.8710785,24.7130661
4/20/25 5:13,432,66.7945447098005,1.935,0.0,5,20,4,20.8710785,24.6886444
4/20/25 4:58,432,66.7945447098005,1.935,0.0,4,20,4,20.8710785,24.6642265
4/20/25 4:43,432,66.7945447098005,1.935,0.0,4,20,4,20.9336243,24.5909653
4/20/25 4:28,432,66.7945447098005,1.935,0.0,4,20,4,20.9336243,24.5421238
4/20/25 4:13,432,66.7945447098005,1.935,0.0,4,20,4,20.99617,24.5421238
4/20/25 3:58,432,66.7945447098005,1.935,0.0,3,20,4,20.99617,24.5665455
4/20/25 3:43,432,66.7945447098005,1.935,0.0,3,20,4,20.99617,24.4807816
4/20/25 3:28,432,66.7945447098005,1.935,0.0,3,20,4,21.0587006,24.4688663
4/20/25 3:13,432,66.7945447098005,1.935,0.0,3,20,4,21.0587006,24.3956051
4/20/25 2:58,432,66.7945447098005,1.935,0.0,2,20,4,21.1212463,24.3223457
4/20/25 2:43,432,66.7945447098005,1.935,0.0,2,20,4,21.1837769,24.3223457
4/20/25 2:28,432,66.7945447098005,1.935,0.0,2,20,4,21.2463226,24.2490845
4/20/25 2:13,432,66.7945447098005,1.935,0.0,2,20,4,21.3088684,24.2490845
4/20/25 1:58,432,66.7945447098005,1.935,0.0,1,20,4,21.2463226,24.2002449
4/20/25 1:43,432,66.7945447098005,1.935,0.0,1,20,4,21.2463226,24.1758251
4/20/25 1:28,432,66.7945447098005,1.935,0.0,1,20,4,21.2463226,24.1758251
4/20/25 1:13,432,66.7945447098005,1.935,0.0,1,20,4,21.2463226,24.2002449
4/20/25 0:58,432,66.7945447098005,1.935,0.0,0,20,4,21.2463226,24.1838264
4/20/25 0:43,432,66.7945447098005,1.935,0.0,0,20,4,21.3088684,24.078146
4/20/25 0:28,432,66.7945447098005,1.935,0.0,0,20,4,21.4339294,24.0048847
4/20/25 0:13,432,66.7945447098005,1.935,0.0,0,20,4,21.4964905,23.9072037
4/19/25 23:58,432,66.7945447098005,1.935,0.0,23,19,4,21.559021,23.9072037
4/19/25 23:43,432,66.7945447098005,1.935,0.0,23,19,4,21.6215515,23.7362652
4/19/25 23:28,432,66.7945447098005,1.935,0.0,23,19,4,21.8091736,23.6141644
4/19/25 23:13,432,66.7945447098005,1.935,0.0,23,19,4,21.9342499,23.540905
4/19/25 22:58,432,66.7945447098005,1.935,0.0,22,19,4,22.0593414,23.443224
4/19/25 22:43,432,66.7945447098005,1.935,0.0,22,19,4,22.2469635,23.3855915
4/19/25 22:28,432,66.7945447098005,1.935,0.0,22,19,4,22.4345703,23.1501846
4/19/25 22:13,432,66.7945447098005,1.935,0.0,22,19,4,22.7472839,22.8327236
4/19/25 21:58,432,66.7945447098005,1.935,0.0,21,19,4,22.9348907,22.2710629
4/19/25 21:43,432,66.7945447098005,1.935,0.0,21,19,4,22.9974365,22.1978016
4/19/25 21:28,432,66.7945447098005,1.935,0.0,21,19,4,23.059967,22.1245441
4/19/25 21:13,432,66.7945447098005,1.935,0.0,21,19,4,23.1225128,22.0512829
4/19/25 20:58,432,66.7945447098005,1.935,0.0,20,19,4,23.1850433,22.0268631
4/19/25 20:43,432,66.7945447098005,1.935,0.0,20,19,4,23.2475891,22.0268631
4/19/25 20:28,432,66.7945447098005,1.935,0.0,20,19,4,23.2701054,22.0219784
4/19/25 20:13,432,66.7945447098005,1.935,0.0,20,19,4,23.2475891,21.9536018
4/19/25 19:58,432,66.7945447098005,1.935,0.0,19,19,4,23.3101349,21.8903446
4/19/25 19:43,432,66.7945447098005,1.935,0.0,19,19,4,23.3101349,21.8803425
4/19/25 19:28,432,66.7945447098005,1.935,0.0,19,19,4,23.3726654,21.8885365
4/19/25 19:13,432,66.7945447098005,1.935,0.0,19,19,4,23.3726654,21.9536018
4/19/25 18:58,432,66.7945447098005,1.935,0.0,18,19,4,23.3726654,21.9536018
4/19/25 18:43,432,66.7945447098005,1.935,0.0,18,19,4,23.4352112,21.8315029
4/19/25 18:28,432,66.7945447098005,1.935,0.0,18,19,4,23.4352112,21.8070812
4/19/25 18:13,432,66.7945447098005,1.935,0.0,18,19,4,23.4352112,21.8315029
4/19/25 17:58,432,66.7945447098005,1.935,0.0,17,19,4,23.497757,21.8070812
4/19/25 17:43,432,66.7945447098005,1.935,0.0,17,19,4,23.497757,21.7094021
4/19/25 17:28,432,66.7945447098005,1.935,0.0,17,19,4,23.497757,21.6605625
4/19/25 17:13,432,66.7945447098005,1.935,0.0,17,19,4,23.497757,21.6605625
4/19/25 16:58,432,66.7945447098005,1.935,0.0,16,19,4,23.497757,21.6849823
4/19/25 16:43,432,66.7945447098005,1.935,0.0,16,19,4,23.497757,21.7826633
4/19/25 16:28,432,66.7945447098005,1.935,0.0,16,19,4,23.497757,21.7826633
4/19/25 16:13,432,66.7945447098005,1.935,0.0,16,19,4,23.6228333,21.7094021
4/19/25 15:58,432,66.7945447098005,1.935,0.0,15,19,4,23.6853638,21.6605625
4/19/25 15:43,432,66.7945447098005,1.935,0.0,15,19,4,23.7479095,21.6605625
4/19/25 15:28,432,66.7945447098005,1.935,0.0,15,19,4,23.6853638,21.82271
4/19/25 15:13,432,66.7945447098005,1.935,0.0,15,19,4,23.9355164,21.8803425
4/19/25 14:58,432,66.7945447098005,1.935,0.0,14,19,4,24.7023888,21.0500622
4/19/25 14:43,432,66.7945447098005,1.935,0.0,14,19,4,24.9361572,20.6837616
4/19/25 14:28,432,66.7945447098005,1.935,0.0,14,19,4,24.9361572,20.6349201
4/19/25 14:13,432,66.7945447098005,1.935,0.0,14,19,4,24.9361572,20.6349201
4/19/25 13:58,432,66.7945447098005,1.935,0.0,13,19,4,24.9361572,20.6593418
4/19/25 13:43,432,66.7945447098005,1.935,0.0,13,19,4,24.8736115,20.6837616
4/19/25 13:28,432,66.7945447098005,1.935,0.0,13,19,4,24.8736115,20.5128212
4/19/25 13:13,432,66.7945447098005,1.935,0.0,13,19,4,24.8110809,20.537241
4/19/25 12:58,432,66.7945447098005,1.935,0.0,12,19,4,24.7485504,20.4639816
4/19/25 12:43,432,66.7945447098005,1.935,0.0,12,19,4,24.7485504,20.4251442
4/19/25 12:28,432,66.7945447098005,1.935,0.0,12,19,4,24.6859894,20.317461
4/19/25 12:13,432,66.7945447098005,1.935,0.0,12,19,4,24.6859894,20.1953602
4/19/25 11:58,432,66.7945447098005,1.935,0.0,11,19,4,24.6859894,20.0488396
4/19/25 11:43,432,66.7945447098005,1.935,0.0,11,19,4,24.5609283,19.8534794
4/19/25 11:28,432,66.7945447098005,1.935,0.0,11,19,4,24.4983826,19.6092796
4/19/25 11:13,432,66.7945447098005,1.935,0.0,11,19,4,24.1856842,19.7888107
4/19/25 10:58,432,66.7945447098005,1.935,0.0,10,19,4,23.8729858,20.2686214
4/19/25 10:43,432,66.7945447098005,1.935,0.0,10,19,4,23.6853638,20.317461
4/19/25 10:28,432,66.7945447098005,1.935,0.0,10,19,4,23.5602875,20.3907204
4/19/25 10:13,432,66.7945447098005,1.935,0.0,10,19,4,23.4352112,20.537241
4/19/25 9:58,432,66.7945447098005,1.935,0.0,9,19,4,23.3726654,20.6349201
4/19/25 9:43,432,66.7945447098005,1.935,0.0,9,19,4,23.362175,20.4639816
4/19/25 9:28,432,66.7945447098005,1.935,0.0,9,19,4,23.2475891,20.8302803
4/19/25 9:13,432,66.7945447098005,1.935,0.0,9,19,4,23.1225128,20.9279613
4/19/25 8:58,432,66.7945447098005,1.935,0.0,8,19,4,22.9348907,21.0500622
4/19/25 8:43,432,66.7945447098005,1.935,0.0,8,19,4,22.7472839,21.1965828
4/19/25 8:28,432,66.7945447098005,1.935,0.0,8,19,4,22.5596619,21.3675213
4/19/25 8:13,432,66.7945447098005,1.935,0.0,8,19,4,22.3720398,21.5140419
4/19/25 7:58,432,66.7945447098005,1.935,0.0,7,19,4,22.2469635,21.611721
4/19/25 7:43,432,66.7945447098005,1.935,0.0,7,19,4,22.0593414,21.7502403
4/19/25 7:28,432,66.7945447098005,1.935,0.0,7,19,4,21.9711761,21.8803425
4/19/25 7:13,432,66.7945447098005,1.935,0.0,7,19,4,21.7466431,22.148962
4/19/25 6:58,432,66.7945447098005,1.935,0.0,6,19,4,21.6215515,22.2710629
4/19/25 6:43,432,66.7945447098005,1.935,0.0,6,19,4,21.4339294,22.5396824
4/19/25 6:28,432,66.7945447098005,1.935,0.0,6,19,4,21.2463226,22.8083038
4/19/25 6:13,432,66.7945447098005,1.935,0.0,6,19,4,20.99617,23.1257629
4/19/25 5:58,432,66.7945447098005,1.935,0.0,5,19,4,20.808548,23.5897446
4/19/25 5:43,432,66.7945447098005,1.935,0.0,5,19,4,20.808548,23.5897446
4/19/25 5:28,432,66.7945447098005,1.935,0.0,5,19,4,20.8710785,23.5797424
4/19/25 5:13,432,66.7945447098005,1.935,0.0,5,19,4,20.8710785,23.5164833
4/19/25 4:58,432,66.7945447098005,1.935,0.0,4,19,4,20.9336243,23.4920654
4/19/25 4:43,432,66.7945447098005,1.935,0.0,4,19,4,20.9336243,23.443224
4/19/25 4:28,432,66.7945447098005,1.935,0.0,4,19,4,20.99617,23.3943844
4/19/25 4:13,432,66.7945447098005,1.935,0.0,4,19,4,20.99617,23.3943844
4/19/25 3:58,432,66.7945447098005,1.935,0.0,3,19,4,21.0587006,23.3699627
4/19/25 3:43,432,66.7945447098005,1.935,0.0,3,19,4,21.0587006,23.3211231
4/19/25 3:28,432,66.7945447098005,1.935,0.0,3,19,4,21.1212463,23.2478638
4/19/25 3:13,432,66.7945447098005,1.935,0.0,3,19,4,21.1212463,23.2634926
4/19/25 2:58,432,66.7945447098005,1.935,0.0,2,19,4,21.1837769,23.1990242
4/19/25 2:43,432,66.7945447098005,1.935,0.0,2,19,4,21.1837769,23.1746025
4/19/25 2:28,432,66.7945447098005,1.935,0.0,2,19,4,21.2463226,23.1257629
4/19/25 2:13,432,66.7945447098005,1.935,0.0,2,19,4,21.3088684,23.1257629
4/19/25 1:58,432,66.7945447098005,1.935,0.0,1,19,4,21.3713989,23.0525036
4/19/25 1:43,432,66.7945447098005,1.935,0.0,1,19,4,21.4339294,22.9548244
4/19/25 1:28,432,66.7945447098005,1.935,0.0,1,19,4,21.4964905,22.9059849
4/19/25 1:13,432,66.7945447098005,1.935,0.0,1,19,4,21.559021,22.8083038
4/19/25 0:58,432,66.7945447098005,1.935,0.0,0,19,4,21.6215515,22.7594643
4/19/25 0:43,432,66.7945447098005,1.935,0.0,0,19,4,21.6840973,22.6129436
4/19/25 0:28,432,66.7945447098005,1.935,0.0,0,19,4,21.8091736,22.5152645
4/19/25 0:13,432,66.7945447098005,1.935,0.0,0,19,4,21.9342499,22.3931618
4/18/25 23:58,432,66.7945447098005,1.935,0.0,23,18,4,21.9967957,22.2466431
4/18/25 23:43,432,66.7945447098005,1.935,0.0,23,18,4,22.1844177,22.0757027
4/18/25 23:28,432,66.7945447098005,1.935,0.0,23,18,4,22.309494,21.9536018
4/18/25 23:13,432,66.7945447098005,1.935,0.0,23,18,4,22.4345703,21.7582417
4/18/25 22:58,432,66.7945447098005,1.935,0.0,22,18,4,22.6221924,21.5384636
4/18/25 22:43,432,66.7945447098005,1.935,0.0,22,18,4,22.872345,21.2698421
4/18/25 22:28,432,66.7945447098005,1.935,0.0,22,18,4,23.059967,21.0012226
4/18/25 22:13,432,66.7945447098005,1.935,0.0,22,18,4,23.3101349,20.7081814
4/18/25 21:58,432,66.7945447098005,1.935,0.0,21,18,4,23.3206253,20.5616627
4/18/25 21:43,432,66.7945447098005,1.935,0.0,21,18,4,23.3726654,20.5128212
4/18/25 21:28,432,66.7945447098005,1.935,0.0,21,18,4,23.4352112,20.5128212
4/18/25 21:13,432,66.7945447098005,1.935,0.0,21,18,4,23.4352112,20.4639816
4/18/25 20:58,432,66.7945447098005,1.935,0.0,20,18,4,23.497757,20.3663025
4/18/25 20:43,432,66.7945447098005,1.935,0.0,20,18,4,23.5602875,20.2930412
4/18/25 20:28,432,66.7945447098005,1.935,0.0,20,18,4,23.5602875,20.3418808
4/18/25 20:13,432,66.7945447098005,1.935,0.0,20,18,4,23.5602875,20.2686214
4/18/25 19:58,432,66.7945447098005,1.935,0.0,19,18,4,23.5602875,19.9267406
4/18/25 19:43,432,66.7945447098005,1.935,0.0,19,18,4,23.585907,19.7558002
4/18/25 19:28,432,66.7945447098005,1.935,0.0,19,18,4,23.5602875,19.7558002
4/18/25 19:13,432,66.7945447098005,1.935,0.0,19,18,4,23.497757,19.7558002
4/18/25 18:58,432,66.7945447098005,1.935,0.0,18,18,4,23.4352112,19.78022
4/18/25 18:43,432,66.7945447098005,1.935,0.0,18,18,4,23.497757,19.682539
4/18/25 18:28,432,66.7945447098005,1.935,0.0,18,18,4,23.3726654,19.8046398
4/18/25 18:13,432,66.7945447098005,1.935,0.0,18,18,4,23.4352112,19.7313805
4/18/25 17:58,432,66.7945447098005,1.935,0.0,17,18,4,23.3726654,19.8290596
4/18/25 17:43,432,66.7945447098005,1.935,0.0,17,18,4,23.497757,19.8046398
4/18/25 17:28,432,66.7945447098005,1.935,0.0,17,18,4,23.6228333,20
4/18/25 17:13,432,66.7945447098005,1.935,0.0,17,18,4,23.6228333,19.8046398
4/18/25 16:58,432,66.7945447098005,1.935,0.0,16,18,4,23.6228333,19.6581192
4/18/25 16:43,432,66.7945447098005,1.935,0.0,16,18,4,23.6853638,19.4303379
4/18/25 16:28,432,66.7945447098005,1.935,0.0,16,18,4,23.6853638,19.2673988
4/18/25 16:13,432,66.7945447098005,1.935,0.0,16,18,4,23.7479095,19.2673988
4/18/25 15:58,432,66.7945447098005,1.935,0.0,15,18,4,23.8729858,19.3406601
4/18/25 15:43,432,66.7945447098005,1.935,0.0,15,18,4,23.9355164,19.5604401
4/18/25 15:28,432,66.7945447098005,1.935,0.0,15,18,4,23.9355164,19.5116005
4/18/25 15:13,432,66.7945447098005,1.935,0.0,15,18,4,23.9980774,19.9511604
4/18/25 14:58,432,66.7945447098005,1.935,0.0,14,18,4,23.9355164,19.6092796
4/18/25 14:43,432,66.7945447098005,1.935,0.0,14,18,4,23.9355164,19.6581192
4/18/25 14:28,432,66.7945447098005,1.935,0.0,14,18,4,23.9355164,19.8302326
4/18/25 14:13,432,66.7945447098005,1.935,0.0,14,18,4,23.9355164,19.8046398
4/18/25 13:58,432,66.7945447098005,1.935,0.0,13,18,4,23.9355164,19.6581192
4/18/25 13:43,432,66.7945447098005,1.935,0.0,13,18,4,23.9355164,19.7558002
4/18/25 13:28,432,66.7945447098005,1.935,0.0,13,18,4,23.9580383,19.6581192
4/18/25 13:13,432,66.7945447098005,1.935,0.0,13,18,4,23.9980774,19.5116005
4/18/25 12:58,432,66.7945447098005,1.935,0.0,12,18,4,23.9980774,19.6336994
4/18/25 12:43,432,66.7945447098005,1.935,0.0,12,18,4,23.9980774,19.4871788
4/18/25 12:28,432,66.7945447098005,1.935,0.0,12,18,4,23.9980774,19.5604401
4/18/25 12:13,432,66.7945447098005,1.935,0.0,12,18,4,24.1231384,19.4471302
4/18/25 11:58,432,66.7945447098005,1.935,0.0,11,18,4,24.24823,19.3894997
4/18/25 11:43,432,66.7945447098005,1.935,0.0,11,18,4,23.9355164,20.0436268
4/18/25 11:28,432,66.7945447098005,1.935,0.0,11,18,4,23.7479095,20.1953602
4/18/25 11:13,432,66.7945447098005,1.935,0.0,11,18,4,23.5602875,20.4639816
4/18/25 10:58,432,66.7945447098005,1.935,0.0,10,18,4,23.2475891,21.2698421
4/18/25 10:43,432,66.7945447098005,1.935,0.0,10,18,4,23.059967,21.1965828
4/18/25 10:28,432,66.7945447098005,1.935,0.0,10,18,4,22.872345,21.391943
4/18/25 10:13,432,66.7945447098005,1.935,0.0,10,18,4,22.7472839,21.5140419
4/18/25 9:58,432,66.7945447098005,1.935,0.0,9,18,4,22.5596619,21.7582417
4/18/25 9:43,432,66.7945447098005,1.935,0.0,9,18,4,22.3720398,21.9780235
4/18/25 9:28,432,66.7945447098005,1.935,0.0,9,18,4,22.2469635,22.1733837
4/18/25 9:13,432,66.7945447098005,1.935,0.0,9,18,4,22.1218719,22.3443222
4/18/25 8:58,432,66.7945447098005,1.935,0.0,8,18,4,22.0593414,22.5641041
4/18/25 8:43,432,66.7945447098005,1.935,0.0,8,18,4,21.9967957,22.7594643
4/18/25 8:28,432,66.7945447098005,1.935,0.0,8,18,4,21.8717194,22.9548244
4/18/25 8:13,432,66.7945447098005,1.935,0.0,8,18,4,21.8091736,23.1013451
4/18/25 7:58,432,66.7945447098005,1.935,0.0,7,18,4,21.6840973,23.2967052
4/18/25 7:43,432,66.7945447098005,1.935,0.0,7,18,4,21.5815315,23.5164833
4/18/25 7:28,432,66.7945447098005,1.935,0.0,7,18,4,21.4964905,23.6874256
4/18/25 7:13,432,66.7945447098005,1.935,0.0,7,18,4,21.2463226,23.9560432
4/18/25 6:58,432,66.7945447098005,1.935,0.0,6,18,4,21.0587006,24.2002449
4/18/25 6:43,432,66.7945447098005,1.935,0.0,6,18,4,20.808548,24.4932842
4/18/25 6:28,432,66.7945447098005,1.935,0.0,6,18,4,20.6209259,24.737484
4/18/25 6:13,432,66.7945447098005,1.935,0.0,6,18,4,20.183136,25.7387066
4/18/25 5:58,432,66.7945447098005,1.935,0.0,5,18,4,20.1206055,26.8376064
4/18/25 5:43,432,66.7945447098005,1.935,0.0,5,18,4,20.6209259,26.3247871
4/18/25 5:28,432,66.7945447098005,1.935,0.0,5,18,4,20.6834564,26.2759476
4/18/25 5:13,432,66.7945447098005,1.935,0.0,5,18,4,20.6834564,26.2515259
4/18/25 4:58,432,66.7945447098005,1.935,0.0,4,18,4,20.7460022,26.1782665
4/18/25 4:43,432,66.7945447098005,1.935,0.0,4,18,4,20.7460022,26.1538467
4/18/25 4:28,432,66.7945447098005,1.935,0.0,4,18,4,20.7460022,26.0885887
4/18/25 4:13,432,66.7945447098005,1.935,0.0,4,18,4,20.808548,26.0317478
4/18/25 3:58,432,66.7945447098005,1.935,0.0,3,18,4,20.8710785,25.9829063
4/18/25 3:43,432,66.7945447098005,1.935,0.0,3,18,4,20.8710785,25.9340668
4/18/25 3:28,432,66.7945447098005,1.935,0.0,3,18,4,20.9336243,25.7875462
4/18/25 3:13,432,66.7945447098005,1.935,0.0,3,18,4,20.99617,25.7875462
4/18/25 2:58,432,66.7945447098005,1.935,0.0,2,18,4,20.99617,25.7142849
4/18/25 2:43,432,66.7945447098005,1.935,0.0,2,18,4,21.1212463,25.6166058
4/18/25 2:28,432,66.7945447098005,1.935,0.0,2,18,4,21.1212463,25.5433464
4/18/25 2:13,432,66.7945447098005,1.935,0.0,2,18,4,21.1837769,25.4212456
4/18/25 1:58,432,66.7945447098005,1.935,0.0,1,18,4,21.266819,25.3235645
4/18/25 1:43,432,66.7945447098005,1.935,0.0,1,18,4,21.3713989,25.2258854
4/18/25 1:28,432,66.7945447098005,1.935,0.0,1,18,4,21.4339294,25.1282043
4/18/25 1:13,432,66.7945447098005,1.935,0.0,1,18,4,21.559021,24.9816856
4/18/25 0:58,432,66.7945447098005,1.935,0.0,0,18,4,21.6215515,24.835165
4/18/25 0:43,432,66.7945447098005,1.935,0.0,0,18,4,21.7466431,24.7130661
4/18/25 0:28,432,66.7945447098005,1.935,0.0,0,18,4,21.8091736,24.5177059
4/18/25 0:13,432,66.7945447098005,1.935,0.0,0,18,4,21.9342499,24.4688663
4/17/25 23:58,432,66.7945447098005,1.935,0.0,23,17,4,21.9967957,24.3711853
4/17/25 23:43,432,66.7945447098005,1.935,0.0,23,17,4,21.9967957,24.3711853
4/17/25 23:28,432,66.7945447098005,1.935,0.0,23,17,4,22.0593414,24.3059254
4/17/25 23:13,432,66.7945447098005,1.935,0.0,23,17,4,22.1844177,24.078146
4/17/25 22:58,432,66.7945447098005,1.935,0.0,22,17,4,22.2469635,24.0048847
4/17/25 22:43,432,66.7945447098005,1.935,0.0,22,17,4,22.4345703,23.8339443
4/17/25 22:28,432,66.7945447098005,1.935,0.0,22,17,4,22.5596619,23.6874256
4/17/25 22:13,432,66.7945447098005,1.935,0.0,22,17,4,22.7472839,23.4188042
4/17/25 21:58,432,66.7945447098005,1.935,0.0,21,17,4,22.7472839,23.3211231
4/17/25 21:43,432,66.7945447098005,1.935,0.0,21,17,4,22.7636757,23.3211231
4/17/25 21:28,432,66.7945447098005,1.935,0.0,21,17,4,22.872345,23.3699627
4/17/25 21:13,432,66.7945447098005,1.935,0.0,21,17,4,22.872345,23.3455448
4/17/25 20:58,432,66.7945447098005,1.935,0.0,20,17,4,22.9348907,23.3455448
4/17/25 20:43,432,66.7945447098005,1.935,0.0,20,17,4,22.9974365,23.443224
4/17/25 20:28,432,66.7945447098005,1.935,0.0,20,17,4,22.9974365,23.540905
4/17/25 20:13,432,66.7945447098005,1.935,0.0,20,17,4,23.059967,23.6141644
4/17/25 19:58,432,66.7945447098005,1.935,0.0,19,17,4,23.1225128,23.7118435
4/17/25 19:43,432,66.7945447098005,1.935,0.0,19,17,4,23.1850433,23.6385841
4/17/25 19:28,432,66.7945447098005,1.935,0.0,19,17,4,23.2475891,23.6874256
4/17/25 19:13,432,66.7945447098005,1.935,0.0,19,17,4,23.2475891,23.7118435
4/17/25 18:58,432,66.7945447098005,1.935,0.0,18,17,4,23.3726654,23.7362652
4/17/25 18:43,432,66.7945447098005,1.935,0.0,18,17,4,23.3726654,23.7851048
4/17/25 18:28,432,66.7945447098005,1.935,0.0,18,17,4,23.4352112,23.8583641
4/17/25 18:13,432,66.7945447098005,1.935,0.0,18,17,4,23.497757,23.8827858
4/17/25 17:58,432,66.7945447098005,1.935,0.0,17,17,4,23.5602875,23.9072037
4/17/25 17:43,432,66.7945447098005,1.935,0.0,17,17,4,23.6228333,23.9560432
4/17/25 17:28,432,66.7945447098005,1.935,0.0,17,17,4,23.6853638,23.9560432
4/17/25 17:13,432,66.7945447098005,1.935,0.0,17,17,4,23.6853638,24.0048847
4/17/25 16:58,432,66.7945447098005,1.935,0.0,16,17,4,23.6853638,24.1269855
4/17/25 16:43,432,66.7945447098005,1.935,0.0,16,17,4,23.8104553,24.2246647
4/17/25 16:28,432,66.7945447098005,1.935,0.0,16,17,4,23.8104553,24.297924
4/17/25 16:13,432,66.7945447098005,1.935,0.0,16,17,4,23.8729858,24.3467636
4/17/25 15:58,432,66.7945447098005,1.935,0.0,15,17,4,23.9355164,24.3711853
4/17/25 15:43,432,66.7945447098005,1.935,0.0,15,17,4,23.9980774,24.3956051
4/17/25 15:28,432,66.7945447098005,1.935,0.0,15,17,4,24.0481014,24.4200249
4/17/25 15:13,432,66.7945447098005,1.935,0.0,15,17,4,24.0606079,24.6153851
4/17/25 14:58,432,66.7945447098005,1.935,0.0,14,17,4,24.1231384,24.5909653
4/17/25 14:43,432,66.7945447098005,1.935,0.0,14,17,4,24.1856842,24.5909653
4/17/25 14:28,432,66.7945447098005,1.935,0.0,14,17,4,24.1856842,24.6398048
4/17/25 14:13,432,66.7945447098005,1.935,0.0,14,17,4,24.1856842,24.6642265
4/17/25 13:58,432,66.7945447098005,1.935,0.0,13,17,4,24.1856842,24.7042732
4/17/25 13:43,432,66.7945447098005,1.935,0.0,13,17,4,24.1651878,24.737484
4/17/25 13:28,432,66.7945447098005,1.935,0.0,13,17,4,24.1231384,24.737484
4/17/25 13:13,432,66.7945447098005,1.935,0.0,13,17,4,24.0606079,24.6642265
4/17/25 12:58,432,66.7945447098005,1.935,0.0,12,17,4,23.9980774,24.7863255
4/17/25 12:43,432,66.7945447098005,1.935,0.0,12,17,4,23.9355164,24.8595867
4/17/25 12:28,432,66.7945447098005,1.935,0.0,12,17,4,23.7479095,24.9328442
4/17/25 12:13,432,66.7945447098005,1.935,0.0,12,17,4,23.6228333,25.0061054
4/17/25 11:58,432,66.7945447098005,1.935,0.0,11,17,4,23.4352112,25.1037865
4/17/25 11:43,432,66.7945447098005,1.935,0.0,11,17,4,23.2475891,25.274725
4/17/25 11:28,432,66.7945447098005,1.935,0.0,11,17,4,23.059967,25.4700851
4/17/25 11:13,432,66.7945447098005,1.935,0.0,11,17,4,22.872345,25.5189247
4/17/25 10:58,432,66.7945447098005,1.935,0.0,10,17,4,22.6221924,25.3968258
4/17/25 10:43,432,66.7945447098005,1.935,0.0,10,17,4,22.4971161,25.0305252
4/17/25 10:28,432,66.7945447098005,1.935,0.0,10,17,4,22.3720398,24.8840046
4/17/25 10:13,432,66.7945447098005,1.935,0.0,10,17,4,22.309494,25.0305252
4/17/25 9:58,432,66.7945447098005,1.935,0.0,9,17,4,22.2469635,25.1037865
4/17/25 9:43,432,66.7945447098005,1.935,0.0,9,17,4,22.1844177,25.2258854
4/17/25 9:28,432,66.7945447098005,1.935,0.0,9,17,4,22.1218719,25.3479862
4/17/25 9:13,432,66.7945447098005,1.935,0.0,9,17,4,21.9967957,25.4456673
4/17/25 8:58,432,66.7945447098005,1.935,0.0,8,17,4,21.9342499,25.592186
4/17/25 8:43,432,66.7945447098005,1.935,0.0,8,17,4,21.8717194,25.7142849
4/17/25 8:28,432,66.7945447098005,1.935,0.0,8,17,4,21.8091736,25.9096451
4/17/25 8:13,432,66.7945447098005,1.935,0.0,8,17,4,21.8091736,26.0561657
4/17/25 7:58,432,66.7945447098005,1.935,0.0,7,17,4,21.7466431,26.227108
4/17/25 7:43,432,66.7945447098005,1.935,0.0,7,17,4,21.7466431,26.3492069
4/17/25 7:28,432,66.7945447098005,1.935,0.0,7,17,4,21.8091736,26.4468861
4/17/25 7:13,432,66.7945447098005,1.935,0.0,7,17,4,21.8717194,26.4957256
4/17/25 6:58,432,66.7945447098005,1.935,0.0,6,17,4,21.3713989,27.2039089
4/17/25 6:43,432,66.7945447098005,1.935,0.0,6,17,4,21.2463226,27.4080582
4/17/25 6:28,432,66.7945447098005,1.935,0.0,6,17,4,21.2463226,27.3992691
4/17/25 6:13,432,66.7945447098005,1.935,0.0,6,17,4,20.7460022,28.0638237
4/17/25 5:58,432,66.7945447098005,1.935,0.0,5,17,4,20.5583801,27.960928
4/17/25 5:43,432,66.7945447098005,1.935,0.0,5,17,4,21.1837769,25.4945068
4/17/25 5:28,432,66.7945447098005,1.935,0.0,5,17,4,21.1837769,25.372406
4/17/25 5:13,432,66.7945447098005,1.935,0.0,5,17,4,21.1837769,25.3235645
4/17/25 4:58,432,66.7945447098005,1.935,0.0,4,17,4,21.2463226,25.3235645
4/17/25 4:43,432,66.7945447098005,1.935,0.0,4,17,4,21.2463226,25.274725
4/17/25 4:28,432,66.7945447098005,1.935,0.0,4,17,4,21.2463226,25.2014656
4/17/25 4:13,432,66.7945447098005,1.935,0.0,4,17,4,21.2463226,25.2014656
4/17/25 3:58,432,66.7945447098005,1.935,0.0,3,17,4,21.3088684,25.152626
4/17/25 3:43,432,66.7945447098005,1.935,0.0,3,17,4,21.3088684,25.152626
4/17/25 3:28,432,66.7945447098005,1.935,0.0,3,17,4,21.3088684,25.0711708
4/17/25 3:13,432,66.7945447098005,1.935,0.0,3,17,4,21.3088684,25.0061054
4/17/25 2:58,432,66.7945447098005,1.935,0.0,2,17,4,21.3713989,24.9572659
4/17/25 2:43,432,66.7945447098005,1.935,0.0,2,17,4,21.3713989,24.9084263
4/17/25 2:28,432,66.7945447098005,1.935,0.0,2,17,4,21.4339294,24.8107452
4/17/25 2:13,432,66.7945447098005,1.935,0.0,2,17,4,21.4339294,24.7863255
4/17/25 1:58,432,66.7945447098005,1.935,0.0,1,17,4,21.4964905,24.7130661
4/17/25 1:43,432,66.7945447098005,1.935,0.0,1,17,4,21.4964905,24.632967
4/17/25 1:28,432,66.7945447098005,1.935,0.0,1,17,4,21.559021,24.5909653
4/17/25 1:13,432,66.7945447098005,1.935,0.0,1,17,4,21.6215515,24.4932842
4/17/25 0:58,432,66.7945447098005,1.935,0.0,0,17,4,21.6215515,24.4932842
4/17/25 0:43,432,66.7945447098005,1.935,0.0,0,17,4,21.6840973,24.3956051
4/17/25 0:28,432,66.7945447098005,1.935,0.0,0,17,4,21.7466431,24.3223457
4/17/25 0:13,432,66.7945447098005,1.935,0.0,0,17,4,21.8091736,24.2002449
4/16/25 23:58,432,66.7945447098005,1.935,0.0,23,16,4,21.9137592,24.1269855
4/16/25 23:43,432,66.7945447098005,1.935,0.0,23,16,4,21.9967957,24.0537243
4/16/25 23:28,432,66.7945447098005,1.935,0.0,23,16,4,21.9967957,23.9120884
4/16/25 23:13,432,66.7945447098005,1.935,0.0,23,16,4,22.1844177,23.7606831
4/16/25 22:58,432,66.7945447098005,1.935,0.0,22,16,4,22.309494,23.6790066
4/16/25 22:43,432,66.7945447098005,1.935,0.0,22,16,4,22.4345703,23.6141644
4/16/25 22:28,432,66.7945447098005,1.935,0.0,22,16,4,22.6221924,23.3699627
4/16/25 22:13,432,66.7945447098005,1.935,0.0,22,16,4,22.872345,23.0525036
4/16/25 21:58,432,66.7945447098005,1.935,0.0,21,16,4,22.872345,22.9792423
4/16/25 21:43,432,66.7945447098005,1.935,0.0,21,16,4,22.9348907,22.8571433999999
4/16/25 21:28,432,66.7945447098005,1.935,0.0,21,16,4,22.9974365,22.7106247
4/16/25 21:13,432,66.7945447098005,1.935,0.0,21,16,4,22.9974365,22.5641041
4/16/25 20:58,432,66.7945447098005,1.935,0.0,20,16,4,23.059967,22.2710629
4/16/25 20:43,432,66.7945447098005,1.935,0.0,20,16,4,23.1225128,22.1069622
4/16/25 20:28,432,66.7945447098005,1.935,0.0,20,16,4,23.1850433,21.9536018
4/16/25 20:13,432,66.7945447098005,1.935,0.0,20,16,4,23.2475891,21.929184
4/16/25 19:58,432,66.7945447098005,1.935,0.0,19,16,4,23.2732086,21.9047623
4/16/25 19:43,432,66.7945447098005,1.935,0.0,19,16,4,23.3101349,21.8070812
4/16/25 19:28,432,66.7945447098005,1.935,0.0,19,16,4,23.4352112,21.7094021
4/16/25 19:13,432,66.7945447098005,1.935,0.0,19,16,4,23.497757,21.611721
4/16/25 18:58,432,66.7945447098005,1.935,0.0,18,16,4,23.6228333,21.5384636
4/16/25 18:43,432,66.7945447098005,1.935,0.0,18,16,4,23.7479095,21.7094021
4/16/25 18:28,432,66.7945447098005,1.935,0.0,18,16,4,23.8104553,21.6242237
4/16/25 18:13,432,66.7945447098005,1.935,0.0,18,16,4,23.6722507,21.6849823
4/16/25 17:58,432,66.7945447098005,1.935,0.0,17,16,4,23.6628532,21.2798443
4/16/25 17:43,432,66.7945447098005,1.935,0.0,17,16,4,23.6853638,21.3186817
4/16/25 17:28,432,66.7945447098005,1.935,0.0,17,16,4,23.6853638,21.4896221
4/16/25 17:13,432,66.7945447098005,1.935,0.0,17,16,4,23.7479095,21.4896221
4/16/25 16:58,432,66.7945447098005,1.935,0.0,16,16,4,23.8104553,21.5140419
4/16/25 16:43,432,66.7945447098005,1.935,0.0,16,16,4,23.8729858,21.5628815
4/16/25 16:28,432,66.7945447098005,1.935,0.0,16,16,4,23.9355164,21.6849823
4/16/25 16:13,432,66.7945447098005,1.935,0.0,16,16,4,23.9980774,21.7435913
4/16/25 15:58,432,66.7945447098005,1.935,0.0,15,16,4,23.8954964,21.6849823
4/16/25 15:43,432,66.7945447098005,1.935,0.0,15,16,4,23.8729858,21.5728836
4/16/25 15:28,432,66.7945447098005,1.935,0.0,15,16,4,23.8104553,21.4163609
4/16/25 15:13,432,66.7945447098005,1.935,0.0,15,16,4,23.6853638,21.0256405
4/16/25 14:58,432,66.7945447098005,1.935,0.0,14,16,4,23.5602875,20.9279613
4/16/25 14:43,432,66.7945447098005,1.935,0.0,14,16,4,23.5602875,21.074482
4/16/25 14:28,432,66.7945447098005,1.935,0.0,14,16,4,23.8729858,21.0500622
4/16/25 14:13,432,66.7945447098005,1.935,0.0,14,16,4,23.6853638,21.1233215
4/16/25 13:58,432,66.7945447098005,1.935,0.0,13,16,4,23.5602875,21.2698421
4/16/25 13:43,432,66.7945447098005,1.935,0.0,13,16,4,23.8104553,21.1721611
4/16/25 13:28,432,66.7945447098005,1.935,0.0,13,16,4,24.3733063,21.163372
4/16/25 13:13,432,66.7945447098005,1.935,0.0,13,16,4,24.3733063,21.3186817
4/16/25 12:58,432,66.7945447098005,1.935,0.0,12,16,4,24.24823,21.5548801
4/16/25 12:43,432,66.7945447098005,1.935,0.0,12,16,4,24.1856842,21.4652023
4/16/25 12:28,432,66.7945447098005,1.935,0.0,12,16,4,24.0606079,21.7094021
4/16/25 12:13,432,66.7945447098005,1.935,0.0,12,16,4,23.8729858,21.611721
4/16/25 11:58,432,66.7945447098005,1.935,0.0,11,16,4,23.6853638,21.929184
4/16/25 11:43,432,66.7945447098005,1.935,0.0,11,16,4,23.497757,21.3675213
4/16/25 11:28,432,66.7945447098005,1.935,0.0,11,16,4,23.3726654,21.0500622
4/16/25 11:13,432,66.7945447098005,1.935,0.0,11,16,4,23.1225128,20.5079365
4/16/25 10:58,432,66.7945447098005,1.935,0.0,10,16,4,22.9974365,20.2930412
4/16/25 10:43,432,66.7945447098005,1.935,0.0,10,16,4,22.872345,20.1545219
4/16/25 10:28,432,66.7945447098005,1.935,0.0,10,16,4,22.8098145,20.2441998
4/16/25 10:13,432,66.7945447098005,1.935,0.0,10,16,4,22.7472839,20.097681
4/16/25 9:58,432,66.7945447098005,1.935,0.0,9,16,4,22.8098145,20
4/16/25 9:43,432,66.7945447098005,1.935,0.0,9,16,4,22.872345,19.78022
4/16/25 9:28,432,66.7945447098005,1.935,0.0,9,16,4,22.9974365,19.5116005
4/16/25 9:13,432,66.7945447098005,1.935,0.0,9,16,4,22.872345,19.5360203
4/16/25 8:58,432,66.7945447098005,1.935,0.0,8,16,4,22.3720398,20.2197819
4/16/25 8:43,432,66.7945447098005,1.935,0.0,8,16,4,22.1844177,20.537241
4/16/25 8:28,432,66.7945447098005,1.935,0.0,8,16,4,21.9967957,20.6349201
4/16/25 8:13,432,66.7945447098005,1.935,0.0,8,16,4,21.841198,20.7326012
4/16/25 7:58,432,66.7945447098005,1.935,0.0,7,16,4,21.6840973,20.8791218
4/16/25 7:43,432,66.7945447098005,1.935,0.0,7,16,4,21.4964905,21.0256405
4/16/25 7:28,432,66.7945447098005,1.935,0.0,7,16,4,21.3713989,21.1965828
4/16/25 7:13,432,66.7945447098005,1.935,0.0,7,16,4,21.1837769,21.3186817
4/16/25 6:58,432,66.7945447098005,1.935,0.0,6,16,4,20.99617,21.4407825
4/16/25 6:43,432,66.7945447098005,1.935,0.0,6,16,4,20.7460022,21.6361427
4/16/25 6:28,432,66.7945447098005,1.935,0.0,6,16,4,20.5583801,21.8315029
4/16/25 6:13,432,66.7945447098005,1.935,0.0,6,16,4,20.245697,22.466423
4/16/25 5:58,432,66.7945447098005,1.935,0.0,5,16,4,20.1206055,23.1257629
4/16/25 5:43,432,66.7945447098005,1.935,0.0,5,16,4,20.6209259,22.4175835
4/16/25 5:28,432,66.7945447098005,1.935,0.0,5,16,4,20.6209259,22.3931618
4/16/25 5:13,432,66.7945447098005,1.935,0.0,5,16,4,20.6209259,22.3199043
4/16/25 4:58,432,66.7945447098005,1.935,0.0,4,16,4,20.6834564,22.2710629
4/16/25 4:43,432,66.7945447098005,1.935,0.0,4,16,4,20.6834564,22.2222233
4/16/25 4:28,432,66.7945447098005,1.935,0.0,4,16,4,20.7460022,22.148962
4/16/25 4:13,432,66.7945447098005,1.935,0.0,4,16,4,20.7460022,22.1245441
4/16/25 3:58,432,66.7945447098005,1.935,0.0,3,16,4,20.808548,22.0512829
4/16/25 3:43,432,66.7945447098005,1.935,0.0,3,16,4,20.808548,21.9780235
4/16/25 3:28,432,66.7945447098005,1.935,0.0,3,16,4,20.808548,21.9166813
4/16/25 3:13,432,66.7945447098005,1.935,0.0,3,16,4,20.8710785,21.8803425
4/16/25 2:58,432,66.7945447098005,1.935,0.0,2,16,4,20.8710785,21.7968388
4/16/25 2:43,432,66.7945447098005,1.935,0.0,2,16,4,20.9336243,21.7094021
4/16/25 2:28,432,66.7945447098005,1.935,0.0,2,16,4,20.9336243,21.6605625
4/16/25 2:13,432,66.7945447098005,1.935,0.0,2,16,4,20.99617,21.5873032
4/16/25 1:58,432,66.7945447098005,1.935,0.0,1,16,4,21.0587006,21.4652023
4/16/25 1:43,432,66.7945447098005,1.935,0.0,1,16,4,21.1212463,21.391943
4/16/25 1:28,432,66.7945447098005,1.935,0.0,1,16,4,21.1212463,21.2942619
4/16/25 1:13,432,66.7945447098005,1.935,0.0,1,16,4,21.1837769,21.2210007
4/16/25 0:58,432,66.7945447098005,1.935,0.0,0,16,4,21.2463226,21.1233215
4/16/25 0:43,432,66.7945447098005,1.935,0.0,0,16,4,21.3088684,20.952383
4/16/25 0:28,432,66.7945447098005,1.935,0.0,0,16,4,21.3713989,20.854702
4/16/25 0:13,432,66.7945447098005,1.935,0.0,0,16,4,21.4339294,20.6349201
4/15/25 23:58,432,66.7945447098005,1.935,0.0,23,15,4,21.559021,20.537241
4/15/25 23:43,432,66.7945447098005,1.935,0.0,23,15,4,21.6215515,20.3907204
4/15/25 23:28,432,66.7945447098005,1.935,0.0,23,15,4,21.7466431,20.2441998
4/15/25 23:13,432,66.7945447098005,1.935,0.0,23,15,4,21.8717194,20.0488396
4/15/25 22:58,432,66.7945447098005,1.935,0.0,22,15,4,21.9967957,19.8290596
4/15/25 22:43,432,66.7945447098005,1.935,0.0,22,15,4,22.1218719,19.7069607
4/15/25 22:28,432,66.7945447098005,1.935,0.0,22,15,4,22.309494,19.3894997
4/15/25 22:13,432,66.7945447098005,1.935,0.0,22,15,4,22.5596619,19.1208801
4/15/25 21:58,432,66.7945447098005,1.935,0.0,21,15,4,22.6221924,18.9255199
4/15/25 21:43,432,66.7945447098005,1.935,0.0,21,15,4,22.6847229,18.8766785
4/15/25 21:28,432,66.7945447098005,1.935,0.0,21,15,4,22.7472839,18.7789993
4/15/25 21:13,432,66.7945447098005,1.935,0.0,21,15,4,22.8098145,18.7057381
4/15/25 20:58,432,66.7945447098005,1.935,0.0,20,15,4,22.872345,18.6080589
4/15/25 20:43,432,66.7945447098005,1.935,0.0,20,15,4,22.9348907,18.5592194
4/15/25 20:28,432,66.7945447098005,1.935,0.0,20,15,4,22.9974365,18.4371185
4/15/25 20:13,432,66.7945447098005,1.935,0.0,20,15,4,23.059967,18.3638592
4/15/25 19:58,432,66.7945447098005,1.935,0.0,19,15,4,23.059967,18.4126987
4/15/25 19:43,432,66.7945447098005,1.935,0.0,19,15,4,23.1225128,18.4126987
4/15/25 19:28,432,66.7945447098005,1.935,0.0,19,15,4,23.1850433,18.3638592
4/15/25 19:13,432,66.7945447098005,1.935,0.0,19,15,4,23.3101349,18.4126987
4/15/25 18:58,432,66.7945447098005,1.935,0.0,18,15,4,23.4352112,18.4371185
4/15/25 18:43,432,66.7945447098005,1.935,0.0,18,15,4,23.3726654,18.4615383
4/15/25 18:28,432,66.7945447098005,1.935,0.0,18,15,4,23.3726654,18.5836391
4/15/25 18:13,432,66.7945447098005,1.935,0.0,18,15,4,23.4352112,18.6568985
4/15/25 17:58,432,66.7945447098005,1.935,0.0,17,15,4,23.497757,18.7057381
4/15/25 17:43,432,66.7945447098005,1.935,0.0,17,15,4,23.5602875,18.8522587
4/15/25 17:28,432,66.7945447098005,1.935,0.0,17,15,4,23.5602875,18.9010983
4/15/25 17:13,432,66.7945447098005,1.935,0.0,17,15,4,23.6228333,18.9499397
4/15/25 16:58,432,66.7945447098005,1.935,0.0,16,15,4,23.6853638,18.9743595
4/15/25 16:43,432,66.7945447098005,1.935,0.0,16,15,4,23.6853638,18.9987793
4/15/25 16:28,432,66.7945447098005,1.935,0.0,16,15,4,23.6853638,18.9743595
4/15/25 16:13,432,66.7945447098005,1.935,0.0,16,15,4,23.6228333,18.9987793
4/15/25 15:58,432,66.7945447098005,1.935,0.0,15,15,4,23.497757,18.9987793
4/15/25 15:43,432,66.7945447098005,1.935,0.0,15,15,4,23.3726654,18.9987793
4/15/25 15:28,432,66.7945447098005,1.935,0.0,15,15,4,23.9355164,19.1208801
4/15/25 15:13,432,66.7945447098005,1.935,0.0,15,15,4,23.8729858,19.0476189
4/15/25 14:58,432,66.7945447098005,1.935,0.0,14,15,4,23.6228333,18.9255199
4/15/25 14:43,432,66.7945447098005,1.935,0.0,14,15,4,23.6853638,18.9743595
4/15/25 14:28,432,66.7945447098005,1.935,0.0,14,15,4,23.9355164,19.2185593
4/15/25 14:13,432,66.7945447098005,1.935,0.0,14,15,4,23.6228333,19.3162403
4/15/25 13:58,432,66.7945447098005,1.935,0.0,13,15,4,23.6853638,19.242979
4/15/25 13:43,432,66.7945447098005,1.935,0.0,13,15,4,23.8104553,19.2918186
4/15/25 13:28,432,66.7945447098005,1.935,0.0,13,15,4,23.8729858,19.3162403
4/15/25 13:13,432,66.7945447098005,1.935,0.0,13,15,4,23.7479095,19.4383392
4/15/25 12:58,432,66.7945447098005,1.935,0.0,12,15,4,23.8104553,19.6249084
4/15/25 12:43,432,66.7945447098005,1.935,0.0,12,15,4,23.8729858,19.7558002
4/15/25 12:28,432,66.7945447098005,1.935,0.0,12,15,4,23.9980774,19.9267406
4/15/25 12:13,432,66.7945447098005,1.935,0.0,12,15,4,23.9355164,20.1953602
4/15/25 11:58,432,66.7945447098005,1.935,0.0,11,15,4,23.9355164,20.3907204
4/15/25 11:43,432,66.7945447098005,1.935,0.0,11,15,4,23.9980774,20.4884014
4/15/25 11:28,432,66.7945447098005,1.935,0.0,11,15,4,24.0606079,20.7814407
4/15/25 11:13,432,66.7945447098005,1.935,0.0,11,15,4,24.1856842,21.0989017
4/15/25 10:58,432,66.7945447098005,1.935,0.0,10,15,4,24.4983826,21.5628815
4/15/25 10:43,432,66.7945447098005,1.935,0.0,10,15,4,24.4358368,21.6263752
4/15/25 10:28,432,66.7945447098005,1.935,0.0,10,15,4,24.4358368,21.5873032
4/15/25 10:13,432,66.7945447098005,1.935,0.0,10,15,4,24.3733063,21.5628815
4/15/25 9:58,432,66.7945447098005,1.935,0.0,9,15,4,24.24823,21.5628815
4/15/25 9:43,432,66.7945447098005,1.935,0.0,9,15,4,24.1856842,21.4652023
4/15/25 9:28,432,66.7945447098005,1.935,0.0,9,15,4,24.1856842,21.0989017
4/15/25 9:13,432,66.7945447098005,1.935,0.0,9,15,4,24.24823,20.8302803
4/15/25 8:58,432,66.7945447098005,1.935,0.0,8,15,4,23.7479095,21.1965828
4/15/25 8:43,432,66.7945447098005,1.935,0.0,8,15,4,23.1850433,21.8315029
4/15/25 8:28,432,66.7945447098005,1.935,0.0,8,15,4,22.6221924,22.588522
4/15/25 8:13,432,66.7945447098005,1.935,0.0,8,15,4,22.1844177,23.1501846
4/15/25 7:58,432,66.7945447098005,1.935,0.0,7,15,4,21.7466431,23.9316254
4/15/25 7:43,432,66.7945447098005,1.935,0.0,7,15,4,21.4964905,24.1514034
4/15/25 7:28,432,66.7945447098005,1.935,0.0,7,15,4,21.1837769,24.4444447
4/15/25 7:13,432,66.7945447098005,1.935,0.0,7,15,4,20.8710785,24.7619057
4/15/25 6:58,432,66.7945447098005,1.935,0.0,6,15,4,20.6209259,24.9816856
4/15/25 6:43,432,66.7945447098005,1.935,0.0,6,15,4,20.4333038,25.2991467
4/15/25 6:28,432,66.7945447098005,1.935,0.0,6,15,4,20.183136,25.6410275
4/15/25 6:13,432,66.7945447098005,1.935,0.0,6,15,4,19.6828308,26.6910858
4/15/25 5:58,432,66.7945447098005,1.935,0.0,5,15,4,19.6828308,27.8632469
4/15/25 5:43,432,66.7945447098005,1.935,0.0,5,15,4,20.245697,27.1062279
4/15/25 5:28,432,66.7945447098005,1.935,0.0,5,15,4,20.245697,27.0085487
4/15/25 5:13,432,66.7945447098005,1.935,0.0,5,15,4,20.245697,27.0085487
4/15/25 4:58,432,66.7945447098005,1.935,0.0,4,15,4,20.3082275,26.9352875
4/15/25 4:43,432,66.7945447098005,1.935,0.0,4,15,4,20.3082275,26.886446
4/15/25 4:28,432,66.7945447098005,1.935,0.0,4,15,4,20.3707581,26.8620281
4/15/25 4:13,432,66.7945447098005,1.935,0.0,4,15,4,20.4333038,26.8131886
4/15/25 3:58,432,66.7945447098005,1.935,0.0,3,15,4,20.4333038,26.7643471
4/15/25 3:43,432,66.7945447098005,1.935,0.0,3,15,4,20.4733334,26.7399273
4/15/25 3:28,432,66.7945447098005,1.935,0.0,3,15,4,20.4958496,26.686203
4/15/25 3:13,432,66.7945447098005,1.935,0.0,3,15,4,20.5583801,26.5689869
4/15/25 2:58,432,66.7945447098005,1.935,0.0,2,15,4,20.5583801,26.5201473
4/15/25 2:43,432,66.7945447098005,1.935,0.0,2,15,4,20.6209259,26.4468861
4/15/25 2:28,432,66.7945447098005,1.935,0.0,2,15,4,20.6834564,26.3980465
4/15/25 2:13,432,66.7945447098005,1.935,0.0,2,15,4,20.7460022,26.3492069
4/15/25 1:58,432,66.7945447098005,1.935,0.0,1,15,4,20.808548,26.1782665
4/15/25 1:43,432,66.7945447098005,1.935,0.0,1,15,4,20.8710785,26.1050053
4/15/25 1:28,432,66.7945447098005,1.935,0.0,1,15,4,20.9336243,26.0317478
4/15/25 1:13,432,66.7945447098005,1.935,0.0,1,15,4,20.99617,25.9340668
4/15/25 0:58,432,66.7945447098005,1.935,0.0,0,15,4,21.0587006,25.7875462
4/15/25 0:43,432,66.7945447098005,1.935,0.0,0,15,4,21.1212463,25.689867
4/15/25 0:28,432,66.7945447098005,1.935,0.0,0,15,4,21.2463226,25.5433464
4/15/25 0:13,432,66.7945447098005,1.935,0.0,0,15,4,21.3088684,25.4700851
4/14/25 23:58,432,66.7945447098005,1.935,0.0,23,14,4,21.4339294,25.2503071
4/14/25 23:43,432,66.7945447098005,1.935,0.0,23,14,4,21.559021,25.1282043
4/14/25 23:28,432,66.7945447098005,1.935,0.0,23,14,4,21.6215515,24.9084263
4/14/25 23:13,432,66.7945447098005,1.935,0.0,23,14,4,21.7466431,24.8107452
4/14/25 22:58,432,66.7945447098005,1.935,0.0,22,14,4,21.8091736,24.6886444
4/14/25 22:43,432,66.7945447098005,1.935,0.0,22,14,4,21.8717194,24.4932842
4/14/25 22:28,432,66.7945447098005,1.935,0.0,22,14,4,21.9967957,24.3711853
4/14/25 22:13,432,66.7945447098005,1.935,0.0,22,14,4,22.1844177,24.1269855
4/14/25 21:58,432,66.7945447098005,1.935,0.0,21,14,4,22.2469635,23.8239422
4/14/25 21:43,432,66.7945447098005,1.935,0.0,21,14,4,22.2469635,23.7362652
4/14/25 21:28,432,66.7945447098005,1.935,0.0,21,14,4,22.309494,23.7118435
4/14/25 21:13,432,66.7945447098005,1.935,0.0,21,14,4,22.3720398,23.6874256
4/14/25 20:58,432,66.7945447098005,1.935,0.0,20,14,4,22.4345703,23.6874256
4/14/25 20:43,432,66.7945447098005,1.935,0.0,20,14,4,22.4971161,23.7606831
4/14/25 20:28,432,66.7945447098005,1.935,0.0,20,14,4,22.4971161,23.8095245
4/14/25 20:13,432,66.7945447098005,1.935,0.0,20,14,4,22.5596619,23.8339443
4/14/25 19:58,432,66.7945447098005,1.935,0.0,19,14,4,22.6221924,23.8583641
4/14/25 19:43,432,66.7945447098005,1.935,0.0,19,14,4,22.7472839,23.8827858
4/14/25 19:28,432,66.7945447098005,1.935,0.0,19,14,4,22.7472839,23.9316254
4/14/25 19:13,432,66.7945447098005,1.935,0.0,19,14,4,22.872345,24.0048847
4/14/25 18:58,432,66.7945447098005,1.935,0.0,18,14,4,22.9348907,23.9072037
4/14/25 18:43,432,66.7945447098005,1.935,0.0,18,14,4,22.9348907,23.9560432
4/14/25 18:28,432,66.7945447098005,1.935,0.0,18,14,4,22.9974365,23.9804649
4/14/25 18:13,432,66.7945447098005,1.935,0.0,18,14,4,23.059967,24.0048847
4/14/25 17:58,432,66.7945447098005,1.935,0.0,17,14,4,23.1225128,24.0537243
4/14/25 17:43,432,66.7945447098005,1.935,0.0,17,14,4,23.1850433,24.0293045
4/14/25 17:28,432,66.7945447098005,1.935,0.0,17,14,4,23.1850433,24.0537243
4/14/25 17:13,432,66.7945447098005,1.935,0.0,17,14,4,23.1850433,24.0537243
4/14/25 16:58,432,66.7945447098005,1.935,0.0,16,14,4,23.2475891,24.0537243
4/14/25 16:43,432,66.7945447098005,1.935,0.0,16,14,4,23.2475891,24.1025639
4/14/25 16:28,432,66.7945447098005,1.935,0.0,16,14,4,23.3101349,24.1025639
4/14/25 16:13,432,66.7945447098005,1.935,0.0,16,14,4,23.3101349,24.1025639
4/14/25 15:58,432,66.7945447098005,1.935,0.0,15,14,4,23.3501549,24.1514034
4/14/25 15:43,432,66.7945447098005,1.935,0.0,15,14,4,23.3726654,24.1758251
4/14/25 15:28,432,66.7945447098005,1.935,0.0,15,14,4,23.3726654,24.1025639
4/14/25 15:13,432,66.7945447098005,1.935,0.0,15,14,4,23.3726654,24.0048847
4/14/25 14:58,432,66.7945447098005,1.935,0.0,14,14,4,23.3726654,23.8827858
4/14/25 14:43,432,66.7945447098005,1.935,0.0,14,14,4,23.4352112,23.8095245
4/14/25 14:28,432,66.7945447098005,1.935,0.0,14,14,4,23.4352112,23.7851048
4/14/25 14:13,432,66.7945447098005,1.935,0.0,14,14,4,23.497757,23.6874256
4/14/25 13:58,432,66.7945447098005,1.935,0.0,13,14,4,23.6228333,23.4920654
4/14/25 13:43,432,66.7945447098005,1.935,0.0,13,14,4,23.8104553,23.1990242
4/14/25 13:28,432,66.7945447098005,1.935,0.0,13,14,4,24.1856842,22.8571433999999
4/14/25 13:13,432,66.7945447098005,1.935,0.0,13,14,4,24.1231384,22.9304028
4/14/25 12:58,432,66.7945447098005,1.935,0.0,12,14,4,23.7479095,23.3943844
4/14/25 12:43,432,66.7945447098005,1.935,0.0,12,14,4,23.3101349,24.1514034
4/14/25 12:28,432,66.7945447098005,1.935,0.0,12,14,4,23.1225128,23.7362652
4/14/25 12:13,432,66.7945447098005,1.935,0.0,12,14,4,22.9974365,23.6385841
4/14/25 11:58,432,66.7945447098005,1.935,0.0,11,14,4,22.9348907,23.8339443
4/14/25 11:43,432,66.7945447098005,1.935,0.0,11,14,4,22.872345,23.4676437
4/14/25 11:28,432,66.7945447098005,1.935,0.0,11,14,4,22.8098145,23.6874256
4/14/25 11:13,432,66.7945447098005,1.935,0.0,11,14,4,22.7472839,23.4188042
4/14/25 10:58,432,66.7945447098005,1.935,0.0,10,14,4,22.6847229,23.3943844
4/14/25 10:43,432,66.7945447098005,1.935,0.0,10,14,4,22.6221924,23.3211231
4/14/25 10:28,432,66.7945447098005,1.935,0.0,10,14,4,22.4971161,23.3211231
4/14/25 10:13,432,66.7945447098005,1.935,0.0,10,14,4,22.4345703,23.4188042
4/14/25 9:58,432,66.7945447098005,1.935,0.0,9,14,4,22.309494,23.5164833
4/14/25 9:43,432,66.7945447098005,1.935,0.0,9,14,4,22.1844177,23.6630039
4/14/25 9:28,432,66.7945447098005,1.935,0.0,9,14,4,22.0593414,23.8339443
4/14/25 9:13,432,66.7945447098005,1.935,0.0,9,14,4,21.9342499,23.9804649
4/14/25 8:58,432,66.7945447098005,1.935,0.0,8,14,4,21.8091736,24.2002449
4/14/25 8:43,432,66.7945447098005,1.935,0.0,8,14,4,21.6215515,24.3467636
4/14/25 8:28,432,66.7945447098005,1.935,0.0,8,14,4,21.4964905,24.5665455
4/14/25 8:13,432,66.7945447098005,1.935,0.0,8,14,4,21.3713989,24.7619057
4/14/25 7:58,432,66.7945447098005,1.935,0.0,7,14,4,21.1837769,24.9816856
4/14/25 7:43,432,66.7945447098005,1.935,0.0,7,14,4,20.99617,25.2503071
4/14/25 7:28,432,66.7945447098005,1.935,0.0,7,14,4,20.808548,25.4652023
4/14/25 7:13,432,66.7945447098005,1.935,0.0,7,14,4,20.5583801,25.7387066
4/14/25 6:58,432,66.7945447098005,1.935,0.0,6,14,4,20.3082275,25.9909077
4/14/25 6:43,432,66.7945447098005,1.935,0.0,6,14,4,20.058075,26.2515259
4/14/25 6:28,432,66.7945447098005,1.935,0.0,6,14,4,19.8079071,26.5934067
4/14/25 6:13,432,66.7945447098005,1.935,0.0,6,14,4,19.2706699,27.5946293
4/14/25 5:58,432,66.7945447098005,1.935,0.0,5,14,4,19.2450562,28.2051277
4/14/25 5:43,432,66.7945447098005,1.935,0.0,5,14,4,19.8079071,27.4725266
4/14/25 5:28,432,66.7945447098005,1.935,0.0,5,14,4,19.8079071,27.4481087
4/14/25 5:13,432,66.7945447098005,1.935,0.0,5,14,4,19.8704529,27.3748474
4/14/25 4:58,432,66.7945447098005,1.935,0.0,4,14,4,19.8704529,27.3504276
4/14/25 4:43,432,66.7945447098005,1.935,0.0,4,14,4,19.8704529,27.3260078
4/14/25 4:28,432,66.7945447098005,1.935,0.0,4,14,4,19.9329834,27.2771664
4/14/25 4:13,432,66.7945447098005,1.935,0.0,4,14,4,19.9329834,27.2527485
4/14/25 3:58,432,66.7945447098005,1.935,0.0,3,14,4,19.9329834,27.2039089
4/14/25 3:43,432,66.7945447098005,1.935,0.0,3,14,4,19.9955292,27.1794872
4/14/25 3:28,432,66.7945447098005,1.935,0.0,3,14,4,19.9955292,27.1306477
4/14/25 3:13,432,66.7945447098005,1.935,0.0,3,14,4,20.058075,27.1062279
4/14/25 2:58,432,66.7945447098005,1.935,0.0,2,14,4,20.058075,26.984127
4/14/25 2:43,432,66.7945447098005,1.935,0.0,2,14,4,20.1206055,26.9352875
4/14/25 2:28,432,66.7945447098005,1.935,0.0,2,14,4,20.183136,26.886446
4/14/25 2:13,432,66.7945447098005,1.935,0.0,2,14,4,20.183136,26.8376064
4/14/25 1:58,432,66.7945447098005,1.935,0.0,1,14,4,20.245697,26.7887669
4/14/25 1:43,432,66.7945447098005,1.935,0.0,1,14,4,20.3082275,26.6910858
4/14/25 1:28,432,66.7945447098005,1.935,0.0,1,14,4,20.3707581,26.6422462
4/14/25 1:13,432,66.7945447098005,1.935,0.0,1,14,4,20.4333038,26.5201473
4/14/25 0:58,432,66.7945447098005,1.935,0.0,0,14,4,20.4958496,26.4224682
4/14/25 0:43,432,66.7945447098005,1.935,0.0,0,14,4,20.6209259,26.3003654
4/14/25 0:28,432,66.7945447098005,1.935,0.0,0,14,4,20.6834564,26.1782665
4/14/25 0:13,432,66.7945447098005,1.935,0.0,0,14,4,20.808548,26.0805874
4/13/25 23:58,432,66.7945447098005,1.935,0.0,23,13,4,20.808548,26.0073261
4/13/25 23:43,432,66.7945447098005,1.935,0.0,23,13,4,20.8710785,25.918438
4/13/25 23:28,432,66.7945447098005,1.935,0.0,23,13,4,20.9336243,25.8608055
4/13/25 23:13,432,66.7945447098005,1.935,0.0,23,13,4,20.99617,25.7875462
4/13/25 22:58,432,66.7945447098005,1.935,0.0,22,13,4,20.99617,25.6654453
4/13/25 22:43,432,66.7945447098005,1.935,0.0,22,13,4,21.1212463,25.592186
4/13/25 22:28,432,66.7945447098005,1.935,0.0,22,13,4,21.1837769,25.4212456
4/13/25 22:13,432,66.7945447098005,1.935,0.0,22,13,4,21.3488884,25.2503071
4/13/25 21:58,432,66.7945447098005,1.935,0.0,21,13,4,21.4964905,24.9816856
4/13/25 21:43,432,66.7945447098005,1.935,0.0,21,13,4,21.4964905,25.0305252
4/13/25 21:28,432,66.7945447098005,1.935,0.0,21,13,4,21.559021,25.0549469
4/13/25 21:13,432,66.7945447098005,1.935,0.0,21,13,4,21.6215515,25.1282043
4/13/25 20:58,432,66.7945447098005,1.935,0.0,20,13,4,21.6215515,25.0793648
4/13/25 20:43,432,66.7945447098005,1.935,0.0,20,13,4,21.7466431,25.0793648
4/13/25 20:28,432,66.7945447098005,1.935,0.0,20,13,4,21.7335243,25.1282043
4/13/25 20:13,432,66.7945447098005,1.935,0.0,20,13,4,21.7466431,25.2503071
4/13/25 19:58,432,66.7945447098005,1.935,0.0,19,13,4,21.7466431,25.2014656
4/13/25 19:43,432,66.7945447098005,1.935,0.0,19,13,4,21.8091736,25.2258854
4/13/25 19:28,432,66.7945447098005,1.935,0.0,19,13,4,21.8091736,25.2258854
4/13/25 19:13,432,66.7945447098005,1.935,0.0,19,13,4,21.8091736,25.3235645
4/13/25 18:58,432,66.7945447098005,1.935,0.0,18,13,4,21.8717194,25.2503071
4/13/25 18:43,432,66.7945447098005,1.935,0.0,18,13,4,21.8717194,25.6566563
4/13/25 18:28,432,66.7945447098005,1.935,0.0,18,13,4,21.8717194,25.2014656
4/13/25 18:13,432,66.7945447098005,1.935,0.0,18,13,4,21.8717194,25.2258854
4/13/25 17:58,432,66.7945447098005,1.935,0.0,17,13,4,21.8717194,25.274725
4/13/25 17:43,432,66.7945447098005,1.935,0.0,17,13,4,21.8717194,25.3235645
4/13/25 17:28,432,66.7945447098005,1.935,0.0,17,13,4,21.8091736,25.4456673
4/13/25 17:13,432,66.7945447098005,1.935,0.0,17,13,4,21.7466431,25.2503071
4/13/25 16:58,432,66.7945447098005,1.935,0.0,16,13,4,21.6215515,25.3968258
4/13/25 16:43,432,66.7945447098005,1.935,0.0,16,13,4,21.4964905,25.4700851
4/13/25 16:28,432,66.7945447098005,1.935,0.0,16,13,4,21.3088684,25.5677662
4/13/25 16:13,432,66.7945447098005,1.935,0.0,16,13,4,21.0587006,25.7387066
4/13/25 15:58,432,66.7945447098005,1.935,0.0,15,13,4,20.6834564,26.0073261
4/13/25 15:43,432,66.7945447098005,1.935,0.0,15,13,4,20.3707581,26.5445671
4/13/25 15:28,432,66.7945447098005,1.935,0.0,15,13,4,20.4333038,26.0561657
4/13/25 15:13,432,66.7945447098005,1.935,0.0,15,13,4,20.4333038,26.129427
4/13/25 14:58,432,66.7945447098005,1.935,0.0,14,13,4,20.4333038,26.0561657
4/13/25 14:43,432,66.7945447098005,1.935,0.0,14,13,4,20.357645,26.2026863
4/13/25 14:28,432,66.7945447098005,1.935,0.0,14,13,4,20.3707581,26.5934067
4/13/25 14:13,432,66.7945447098005,1.935,0.0,14,13,4,20.3707581,26.7155075
4/13/25 13:58,432,66.7945447098005,1.935,0.0,13,13,4,20.3082275,26.6666679
4/13/25 13:43,432,66.7945447098005,1.935,0.0,13,13,4,20.1206055,26.7155075
4/13/25 13:28,432,66.7945447098005,1.935,0.0,13,13,4,19.9955292,26.6910858
4/13/25 13:13,432,66.7945447098005,1.935,0.0,13,13,4,19.8704529,26.3492069
4/13/25 12:58,432,66.7945447098005,1.935,0.0,12,13,4,19.8079071,26.5934067
4/13/25 12:43,432,66.7945447098005,1.935,0.0,12,13,4,19.6828308,26.6666679
4/13/25 12:28,432,66.7945447098005,1.935,0.0,12,13,4,19.6828308,26.4713078
4/13/25 12:13,432,66.7945447098005,1.935,0.0,12,13,4,19.6828308,26.3003654
4/13/25 11:58,432,66.7945447098005,1.935,0.0,11,13,4,19.6828308,26.4468861
4/13/25 11:43,432,66.7945447098005,1.935,0.0,11,13,4,19.5577545,26.6178284
4/13/25 11:28,432,66.7945447098005,1.935,0.0,11,13,4,19.4952087,26.6666679
4/13/25 11:13,432,66.7945447098005,1.935,0.0,11,13,4,19.4952087,26.6666679
4/13/25 10:58,432,66.7945447098005,1.935,0.0,10,13,4,19.432663,26.7155075
4/13/25 10:43,432,66.7945447098005,1.935,0.0,10,13,4,19.1825104,27.2527485
4/13/25 10:28,432,66.7945447098005,1.935,0.0,10,13,4,19.2675667,27.2913456
4/13/25 10:13,432,66.7945447098005,1.935,0.0,10,13,4,19.620285,26.984127
4/13/25 9:58,432,66.7945447098005,1.935,0.0,9,13,4,19.8079071,26.4957256
4/13/25 9:43,432,66.7945447098005,1.935,0.0,9,13,4,19.8704529,26.6178284
4/13/25 9:28,432,66.7945447098005,1.935,0.0,9,13,4,20.1206055,26.1050053
4/13/25 9:13,432,66.7945447098005,1.935,0.0,9,13,4,20.058075,26.3980465
4/13/25 8:58,432,66.7945447098005,1.935,0.0,8,13,4,19.9329834,26.3736267
4/13/25 8:43,432,66.7945447098005,1.935,0.0,8,13,4,19.8704529,26.5201473
4/13/25 8:28,432,66.7945447098005,1.935,0.0,8,13,4,19.8704529,26.4713078
4/13/25 8:13,432,66.7945447098005,1.935,0.0,8,13,4,19.8704529,26.381628
4/13/25 7:58,432,66.7945447098005,1.935,0.0,7,13,4,19.8079071,26.4224682
4/13/25 7:43,432,66.7945447098005,1.935,0.0,7,13,4,19.7453766,26.4957256
4/13/25 7:28,432,66.7945447098005,1.935,0.0,7,13,4,19.7453766,26.3247871
4/13/25 7:13,432,66.7945447098005,1.935,0.0,7,13,4,19.8079071,26.2759476
4/13/25 6:58,432,66.7945447098005,1.935,0.0,6,13,4,19.7453766,26.129427
4/13/25 6:43,432,66.7945447098005,1.935,0.0,6,13,4,19.6828308,26.2026863
4/13/25 6:28,432,66.7945447098005,1.935,0.0,6,13,4,19.6828308,26.1538467
4/13/25 6:13,432,66.7945447098005,1.935,0.0,6,13,4,19.8079071,25.8608055
4/13/25 5:58,432,66.7945447098005,1.935,0.0,5,13,4,20.058075,25.707449
4/13/25 5:43,432,66.7945447098005,1.935,0.0,5,13,4,20.4958496,24.9816856
4/13/25 5:28,432,66.7945447098005,1.935,0.0,5,13,4,20.4958496,24.8840046
4/13/25 5:13,432,66.7945447098005,1.935,0.0,5,13,4,20.5583801,24.7863255
4/13/25 4:58,432,66.7945447098005,1.935,0.0,4,13,4,20.5583801,24.737484
4/13/25 4:43,432,66.7945447098005,1.935,0.0,4,13,4,20.5747776,24.6642265
4/13/25 4:28,432,66.7945447098005,1.935,0.0,4,13,4,20.6209259,24.5909653
4/13/25 4:13,432,66.7945447098005,1.935,0.0,4,13,4,20.6209259,24.5421238
4/13/25 3:58,432,66.7945447098005,1.935,0.0,3,13,4,20.6209259,24.4932842
4/13/25 3:43,432,66.7945447098005,1.935,0.0,3,13,4,20.6209259,24.4200249
4/13/25 3:28,432,66.7945447098005,1.935,0.0,3,13,4,20.6834564,24.3223457
4/13/25 3:13,432,66.7945447098005,1.935,0.0,3,13,4,20.6834564,24.3143444
4/13/25 2:58,432,66.7945447098005,1.935,0.0,2,13,4,20.6834564,24.2002449
4/13/25 2:43,432,66.7945447098005,1.935,0.0,2,13,4,20.7255058,24.1025639
4/13/25 2:28,432,66.7945447098005,1.935,0.0,2,13,4,20.7460022,24.0293045
4/13/25 2:13,432,66.7945447098005,1.935,0.0,2,13,4,20.7460022,24.0048847
4/13/25 1:58,432,66.7945447098005,1.935,0.0,1,13,4,20.7460022,23.9316254
4/13/25 1:43,432,66.7945447098005,1.935,0.0,1,13,4,20.808548,23.8583641
4/13/25 1:28,432,66.7945447098005,1.935,0.0,1,13,4,20.808548,23.7606831
4/13/25 1:13,432,66.7945447098005,1.935,0.0,1,13,4,20.808548,23.6874256
4/13/25 0:58,432,66.7945447098005,1.935,0.0,0,13,4,20.808548,23.5897446
4/13/25 0:43,432,66.7945447098005,1.935,0.0,0,13,4,20.8710785,23.5164833
4/13/25 0:28,432,66.7945447098005,1.935,0.0,0,13,4,20.8710785,23.4920654
4/13/25 0:13,432,66.7945447098005,1.935,0.0,0,13,4,20.8710785,23.3211231
4/12/25 23:58,432,66.7945447098005,1.935,0.0,23,12,4,20.9336243,23.2722836
4/12/25 23:43,432,66.7945447098005,1.935,0.0,23,12,4,20.9336243,23.1746025
4/12/25 23:28,432,66.7945447098005,1.935,0.0,23,12,4,20.9336243,23.0769234
4/12/25 23:13,432,66.7945447098005,1.935,0.0,23,12,4,20.9336243,23.003664
4/12/25 22:58,432,66.7945447098005,1.935,0.0,22,12,4,20.9336243,23.0525036
4/12/25 22:43,432,66.7945447098005,1.935,0.0,22,12,4,20.808548,23.0525036
4/12/25 22:28,432,66.7945447098005,1.935,0.0,22,12,4,20.7460022,23.1013451
4/12/25 22:13,432,66.7945447098005,1.935,0.0,22,12,4,20.6209259,23.1746025
4/12/25 21:58,432,66.7945447098005,1.935,0.0,21,12,4,20.3707581,23.540905
4/12/25 21:43,432,66.7945447098005,1.935,0.0,21,12,4,20.4958496,23.1746025
4/12/25 21:28,432,66.7945447098005,1.935,0.0,21,12,4,20.5583801,22.7838821
4/12/25 21:13,432,66.7945447098005,1.935,0.0,21,12,4,20.6209259,22.3931618
4/12/25 20:58,432,66.7945447098005,1.935,0.0,20,12,4,20.6834564,22.0268631
4/12/25 20:43,432,66.7945447098005,1.935,0.0,20,12,4,20.7460022,21.7582417
4/12/25 20:28,432,66.7945447098005,1.935,0.0,20,12,4,20.8710785,21.611721
4/12/25 20:13,432,66.7945447098005,1.935,0.0,20,12,4,20.9336243,21.5140419
4/12/25 19:58,432,66.7945447098005,1.935,0.0,19,12,4,20.99617,21.5228348
4/12/25 19:43,432,66.7945447098005,1.935,0.0,19,12,4,21.0587006,21.5384636
4/12/25 19:28,432,66.7945447098005,1.935,0.0,19,12,4,21.1212463,21.5040398
4/12/25 19:13,432,66.7945447098005,1.935,0.0,19,12,4,21.1837769,21.5140419
4/12/25 18:58,432,66.7945447098005,1.935,0.0,18,12,4,21.2463226,21.4896221
4/12/25 18:43,432,66.7945447098005,1.935,0.0,18,12,4,21.2463226,21.391943
4/12/25 18:28,432,66.7945447098005,1.935,0.0,18,12,4,21.3713989,21.2454224
4/12/25 18:13,432,66.7945447098005,1.935,0.0,18,12,4,21.4339294,21.3186817
4/12/25 17:58,432,66.7945447098005,1.935,0.0,17,12,4,21.559021,21.6361427
4/12/25 17:43,432,66.7945447098005,1.935,0.0,17,12,4,21.559021,21.9047623
4/12/25 17:28,432,66.7945447098005,1.935,0.0,17,12,4,21.6215515,22.1978016
4/12/25 17:13,432,66.7945447098005,1.935,0.0,17,12,4,21.6840973,22.3079853
4/12/25 16:58,432,66.7945447098005,1.935,0.0,16,12,4,21.8091736,22.4175835
4/12/25 16:43,432,66.7945447098005,1.935,0.0,16,12,4,21.8717194,22.4420033
4/12/25 16:28,432,66.7945447098005,1.935,0.0,16,12,4,21.9342499,22.8083038
4/12/25 16:13,432,66.7945447098005,1.935,0.0,16,12,4,21.9967957,23.1257629
4/12/25 15:58,432,66.7945447098005,1.935,0.0,15,12,4,22.1218719,23.3699627
4/12/25 15:43,432,66.7945447098005,1.935,0.0,15,12,4,22.1844177,23.443224
4/12/25 15:28,432,66.7945447098005,1.935,0.0,15,12,4,22.309494,23.3455448
4/12/25 15:13,432,66.7945447098005,1.935,0.0,15,12,4,22.3720398,23.4188042
4/12/25 14:58,432,66.7945447098005,1.935,0.0,14,12,4,22.4971161,23.5897446
4/12/25 14:43,432,66.7945447098005,1.935,0.0,14,12,4,22.6221924,24.0537243
4/12/25 14:28,432,66.7945447098005,1.935,0.0,14,12,4,22.7472839,24.6398048
4/12/25 14:13,432,66.7945447098005,1.935,0.0,14,12,4,22.8098145,25.372406
4/12/25 13:58,432,66.7945447098005,1.935,0.0,13,12,4,22.9348907,25.689867
4/12/25 13:43,432,66.7945447098005,1.935,0.0,13,12,4,22.9974365,25.9096451
4/12/25 13:28,432,66.7945447098005,1.935,0.0,13,12,4,23.059967,26.129427
4/12/25 13:13,432,66.7945447098005,1.935,0.0,13,12,4,23.059967,25.9829063
4/12/25 12:58,432,66.7945447098005,1.935,0.0,12,12,4,23.1225128,25.7875462
4/12/25 12:43,432,66.7945447098005,1.935,0.0,12,12,4,23.059967,25.2991467
4/12/25 12:28,432,66.7945447098005,1.935,0.0,12,12,4,23.1225128,25.152626
4/12/25 12:13,432,66.7945447098005,1.935,0.0,12,12,4,23.1850433,25.3968258
4/12/25 11:58,432,66.7945447098005,1.935,0.0,11,12,4,23.2475891,25.3479862
4/12/25 11:43,432,66.7945447098005,1.935,0.0,11,12,4,23.3101349,25.4456673
4/12/25 11:28,432,66.7945447098005,1.935,0.0,11,12,4,23.3726654,25.6654453
4/12/25 11:13,432,66.7945447098005,1.935,0.0,11,12,4,23.497757,25.9096451
4/12/25 10:58,432,66.7945447098005,1.935,0.0,10,12,4,23.9980774,26.0317478
4/12/25 10:43,432,66.7945447098005,1.935,0.0,10,12,4,23.6853638,26.3736267
4/12/25 10:28,432,66.7945447098005,1.935,0.0,10,12,4,23.497757,26.7155075
4/12/25 10:13,432,66.7945447098005,1.935,0.0,10,12,4,23.2475891,26.9108677
4/12/25 9:58,432,66.7945447098005,1.935,0.0,9,12,4,23.046854,27.0818062
4/12/25 9:43,432,66.7945447098005,1.935,0.0,9,12,4,22.872345,27.2039089
4/12/25 9:28,432,66.7945447098005,1.935,0.0,9,12,4,22.6847229,27.3504276
4/12/25 9:13,432,66.7945447098005,1.935,0.0,9,12,4,22.5596619,27.3992691
4/12/25 8:58,432,66.7945447098005,1.935,0.0,8,12,4,22.4971161,27.4969482
4/12/25 8:43,432,66.7945447098005,1.935,0.0,8,12,4,22.4971161,27.5702076
4/12/25 8:28,432,66.7945447098005,1.935,0.0,8,12,4,22.4971161,27.6434689
4/12/25 8:13,432,66.7945447098005,1.935,0.0,8,12,4,22.4345703,27.7167282
4/12/25 7:58,432,66.7945447098005,1.935,0.0,7,12,4,22.4345703,27.7899895
4/12/25 7:43,432,66.7945447098005,1.935,0.0,7,12,4,22.4345703,27.7899895
4/12/25 7:28,432,66.7945447098005,1.935,0.0,7,12,4,22.4345703,27.7899895
4/12/25 7:13,432,66.7945447098005,1.935,0.0,7,12,4,22.5596619,27.741148
4/12/25 6:58,432,66.7945447098005,1.935,0.0,6,12,4,22.309494,28.0830288
4/12/25 6:43,432,66.7945447098005,1.935,0.0,6,12,4,22.3720398,27.9689293
4/12/25 6:28,432,66.7945447098005,1.935,0.0,6,12,4,22.0593414,28.4981689
4/12/25 6:13,432,66.7945447098005,1.935,0.0,6,12,4,21.4964905,29.5238094
4/12/25 5:58,432,66.7945447098005,1.935,0.0,5,12,4,21.4339294,29.6214886
4/12/25 5:43,432,66.7945447098005,1.935,0.0,5,12,4,22.0593414,27.8144073
4/12/25 5:28,432,66.7945447098005,1.935,0.0,5,12,4,22.0593414,27.8144073
4/12/25 5:13,432,66.7945447098005,1.935,0.0,5,12,4,22.1218719,27.7655678
4/12/25 4:58,432,66.7945447098005,1.935,0.0,4,12,4,22.1218719,27.6678867
4/12/25 4:43,432,66.7945447098005,1.935,0.0,4,12,4,22.1218719,27.6678867
4/12/25 4:28,432,66.7945447098005,1.935,0.0,4,12,4,22.1844177,27.5946293
4/12/25 4:13,432,66.7945447098005,1.935,0.0,4,12,4,22.2469635,27.521368
4/12/25 3:58,432,66.7945447098005,1.935,0.0,3,12,4,22.2469635,27.521368
4/12/25 3:43,432,66.7945447098005,1.935,0.0,3,12,4,22.309494,27.4481087
4/12/25 3:28,432,66.7945447098005,1.935,0.0,3,12,4,22.309494,27.3992691
4/12/25 3:13,432,66.7945447098005,1.935,0.0,3,12,4,22.3720398,27.3504276
4/12/25 2:58,432,66.7945447098005,1.935,0.0,2,12,4,22.4345703,27.3015881
4/12/25 2:43,432,66.7945447098005,1.935,0.0,2,12,4,22.4345703,27.2039089
4/12/25 2:28,432,66.7945447098005,1.935,0.0,2,12,4,22.4971161,27.1550674
4/12/25 2:13,432,66.7945447098005,1.935,0.0,2,12,4,22.5596619,27.1062279
4/12/25 1:58,432,66.7945447098005,1.935,0.0,1,12,4,22.5596619,27.0329666
4/12/25 1:43,432,66.7945447098005,1.935,0.0,1,12,4,22.6221924,26.9697094
4/12/25 1:28,432,66.7945447098005,1.935,0.0,1,12,4,22.6847229,26.9108677
4/12/25 1:13,432,66.7945447098005,1.935,0.0,1,12,4,22.7472839,26.8620281
4/12/25 0:58,432,66.7945447098005,1.935,0.0,0,12,4,22.8098145,26.7643471
4/12/25 0:43,432,66.7945447098005,1.935,0.0,0,12,4,22.872345,26.6910858
4/12/25 0:28,432,66.7945447098005,1.935,0.0,0,12,4,22.9974365,26.6178284
4/12/25 0:13,432,66.7945447098005,1.935,0.0,0,12,4,23.0855865,26.5689869
4/11/25 23:58,432,66.7945447098005,1.935,0.0,23,11,4,23.1850433,26.3736267
4/11/25 23:43,432,66.7945447098005,1.935,0.0,23,11,4,23.2475891,26.3736267
4/11/25 23:28,432,66.7945447098005,1.935,0.0,23,11,4,23.2475891,26.3247871
4/11/25 23:13,432,66.7945447098005,1.935,0.0,23,11,4,23.3101349,26.3003654
4/11/25 22:58,432,66.7945447098005,1.935,0.0,22,11,4,23.4352112,26.227108
4/11/25 22:43,432,66.7945447098005,1.935,0.0,22,11,4,23.497757,26.1538467
4/11/25 22:28,432,66.7945447098005,1.935,0.0,22,11,4,23.5602875,26.0073261
4/11/25 22:13,432,66.7945447098005,1.935,0.0,22,11,4,23.6853638,25.8363876
4/11/25 21:58,432,66.7945447098005,1.935,0.0,21,11,4,23.6228333,25.9340668
4/11/25 21:43,432,66.7945447098005,1.935,0.0,21,11,4,23.6853638,25.8119659
4/11/25 21:28,432,66.7945447098005,1.935,0.0,21,11,4,23.7479095,25.689867
4/11/25 21:13,432,66.7945447098005,1.935,0.0,21,11,4,23.7479095,25.6166058
4/11/25 20:58,432,66.7945447098005,1.935,0.0,20,11,4,23.8104553,25.5433464
4/11/25 20:43,432,66.7945447098005,1.935,0.0,20,11,4,23.8729858,25.4456673
4/11/25 20:28,432,66.7945447098005,1.935,0.0,20,11,4,23.8729858,25.3968258
4/11/25 20:13,432,66.7945447098005,1.935,0.0,20,11,4,23.8729858,25.4700851
4/11/25 19:58,432,66.7945447098005,1.935,0.0,19,11,4,23.8104553,25.5433464
4/11/25 19:43,432,66.7945447098005,1.935,0.0,19,11,4,23.8104553,25.5677662
4/11/25 19:28,432,66.7945447098005,1.935,0.0,19,11,4,23.7479095,25.5677662
4/11/25 19:13,432,66.7945447098005,1.935,0.0,19,11,4,23.6853638,25.6410275
4/11/25 18:58,432,66.7945447098005,1.935,0.0,18,11,4,23.5602875,25.6410275
4/11/25 18:43,432,66.7945447098005,1.935,0.0,18,11,4,23.3101349,25.8608055
4/11/25 18:28,432,66.7945447098005,1.935,0.0,18,11,4,23.3726654,25.9340668
4/11/25 18:13,432,66.7945447098005,1.935,0.0,18,11,4,23.497757,26.0561657
4/11/25 17:58,432,66.7945447098005,1.935,0.0,17,11,4,23.6228333,26.0561657
4/11/25 17:43,432,66.7945447098005,1.935,0.0,17,11,4,23.6853638,26.2026863
4/11/25 17:28,432,66.7945447098005,1.935,0.0,17,11,4,23.5602875,25.9340668
4/11/25 17:13,432,66.7945447098005,1.935,0.0,17,11,4,23.6228333,25.9096451
4/11/25 16:58,432,66.7945447098005,1.935,0.0,16,11,4,23.695858,25.9829063
4/11/25 16:43,432,66.7945447098005,1.935,0.0,16,11,4,23.7479095,26.1782665
4/11/25 16:28,432,66.7945447098005,1.935,0.0,16,11,4,23.8329659,26.3247871
4/11/25 16:13,432,66.7945447098005,1.935,0.0,16,11,4,23.8104553,26.6373634
4/11/25 15:58,432,66.7945447098005,1.935,0.0,15,11,4,23.9355164,26.9597073
4/11/25 15:43,432,66.7945447098005,1.935,0.0,15,11,4,24.6859894,26.8664417
4/11/25 15:28,432,66.7945447098005,1.935,0.0,15,11,4,24.6234589,25.9829063
4/11/25 15:13,432,66.7945447098005,1.935,0.0,15,11,4,24.7485504,25.6654453
4/11/25 14:58,432,66.7945447098005,1.935,0.0,14,11,4,24.8736115,25.5189247
4/11/25 14:43,432,66.7945447098005,1.935,0.0,14,11,4,24.998703,25.3968258
4/11/25 14:28,432,66.7945447098005,1.935,0.0,14,11,4,25.0612335,25.4212456
4/11/25 14:13,432,66.7945447098005,1.935,0.0,14,11,4,25.0612335,25.4212456
4/11/25 13:58,432,66.7945447098005,1.935,0.0,13,11,4,25.0612335,25.4212456
4/11/25 13:43,432,66.7945447098005,1.935,0.0,13,11,4,25.0612335,25.2503071
4/11/25 13:28,432,66.7945447098005,1.935,0.0,13,11,4,25.0612335,25.1770458
4/11/25 13:13,432,66.7945447098005,1.935,0.0,13,11,4,25.0612335,25.0793648
4/11/25 12:58,432,66.7945447098005,1.935,0.0,12,11,4,24.998703,25.0305252
4/11/25 12:43,432,66.7945447098005,1.935,0.0,12,11,4,24.8736115,24.9816856
4/11/25 12:28,432,66.7945447098005,1.935,0.0,12,11,4,24.8110809,24.8107452
4/11/25 12:13,432,66.7945447098005,1.935,0.0,12,11,4,24.7485504,24.835165
4/11/25 11:58,432,66.7945447098005,1.935,0.0,11,11,4,24.6859894,24.7130661
4/11/25 11:43,432,66.7945447098005,1.935,0.0,11,11,4,24.5609283,24.5177059
4/11/25 11:28,432,66.7945447098005,1.935,0.0,11,11,4,24.3733063,24.5665455
4/11/25 11:13,432,66.7945447098005,1.935,0.0,11,11,4,24.1231384,24.6642265
4/11/25 10:58,432,66.7945447098005,1.935,0.0,10,11,4,24.1231384,23.9316254
4/11/25 10:43,432,66.7945447098005,1.935,0.0,10,11,4,24.3733063,23.443224
4/11/25 10:28,432,66.7945447098005,1.935,0.0,10,11,4,24.4358368,22.9548244
4/11/25 10:13,432,66.7945447098005,1.935,0.0,10,11,4,24.3733063,22.7838821
4/11/25 9:58,432,66.7945447098005,1.935,0.0,9,11,4,24.3733063,22.6129436
4/11/25 9:43,432,66.7945447098005,1.935,0.0,9,11,4,24.3733063,22.4420033
4/11/25 9:28,432,66.7945447098005,1.935,0.0,9,11,4,24.3107605,22.3199043
4/11/25 9:13,432,66.7945447098005,1.935,0.0,9,11,4,24.3107605,22.0512829
4/11/25 8:58,432,66.7945447098005,1.935,0.0,8,11,4,24.1231384,22.2954826
4/11/25 8:43,432,66.7945447098005,1.935,0.0,8,11,4,23.4352112,23.1257629
4/11/25 8:28,432,66.7945447098005,1.935,0.0,8,11,4,22.9974365,23.799757
4/11/25 8:13,432,66.7945447098005,1.935,0.0,8,11,4,22.6847229,24.3711853
4/11/25 7:58,432,66.7945447098005,1.935,0.0,7,11,4,22.3720398,24.6642265
4/11/25 7:43,432,66.7945447098005,1.935,0.0,7,11,4,22.1844177,24.8595867
4/11/25 7:28,432,66.7945447098005,1.935,0.0,7,11,4,21.9967957,25.1282043
4/11/25 7:13,432,66.7945447098005,1.935,0.0,7,11,4,21.8091736,25.372406
4/11/25 6:58,432,66.7945447098005,1.935,0.0,6,11,4,21.6215515,25.689867
4/11/25 6:43,432,66.7945447098005,1.935,0.0,6,11,4,21.3713989,25.8852272
4/11/25 6:28,432,66.7945447098005,1.935,0.0,6,11,4,21.1837769,26.227108
4/11/25 6:13,432,66.7945447098005,1.935,0.0,6,11,4,20.6834564,27.3211231
4/11/25 5:58,432,66.7945447098005,1.935,0.0,5,11,4,20.7460022,28.2051277
4/11/25 5:43,432,66.7945447098005,1.935,0.0,5,11,4,21.3713989,27.4481087
4/11/25 5:28,432,66.7945447098005,1.935,0.0,5,11,4,21.3713989,27.423687
4/11/25 5:13,432,66.7945447098005,1.935,0.0,5,11,4,21.4339294,27.3992691
4/11/25 4:58,432,66.7945447098005,1.935,0.0,4,11,4,21.4339294,27.3748474
4/11/25 4:43,432,66.7945447098005,1.935,0.0,4,11,4,21.4964905,27.3504276
4/11/25 4:28,432,66.7945447098005,1.935,0.0,4,11,4,21.4964905,27.3504276
4/11/25 4:13,432,66.7945447098005,1.935,0.0,4,11,4,21.559021,27.3015881
4/11/25 3:58,432,66.7945447098005,1.935,0.0,3,11,4,21.559021,27.3015881
4/11/25 3:43,432,66.7945447098005,1.935,0.0,3,11,4,21.6215515,27.2771664
4/11/25 3:28,432,66.7945447098005,1.935,0.0,3,11,4,21.6840973,27.2527485
4/11/25 3:13,432,66.7945447098005,1.935,0.0,3,11,4,21.7004948,27.1550674
4/11/25 2:58,432,66.7945447098005,1.935,0.0,2,11,4,21.7466431,27.2283268
4/11/25 2:43,432,66.7945447098005,1.935,0.0,2,11,4,21.8091736,27.1550674
4/11/25 2:28,432,66.7945447098005,1.935,0.0,2,11,4,21.8717194,27.1062279
4/11/25 2:13,432,66.7945447098005,1.935,0.0,2,11,4,21.8717194,27.1062279
4/11/25 1:58,432,66.7945447098005,1.935,0.0,1,11,4,21.9342499,27.1062279
4/11/25 1:43,432,66.7945447098005,1.935,0.0,1,11,4,21.9967957,27.0818062
4/11/25 1:28,432,66.7945447098005,1.935,0.0,1,11,4,22.0593414,27.0329666
4/11/25 1:13,432,66.7945447098005,1.935,0.0,1,11,4,22.1218719,26.9597073
4/11/25 0:58,432,66.7945447098005,1.935,0.0,0,11,4,22.1844177,26.886446
4/11/25 0:43,432,66.7945447098005,1.935,0.0,0,11,4,22.309494,26.8251038
4/11/25 0:28,432,66.7945447098005,1.935,0.0,0,11,4,22.3720398,26.7155075
4/11/25 0:13,432,66.7945447098005,1.935,0.0,0,11,4,22.4345703,26.6910858
4/10/25 23:58,432,66.7945447098005,1.935,0.0,23,10,4,22.5596619,26.5934067
4/10/25 23:43,432,66.7945447098005,1.935,0.0,23,10,4,22.6221924,26.4957256
4/10/25 23:28,432,66.7945447098005,1.935,0.0,23,10,4,22.7472839,26.4224682
4/10/25 23:13,432,66.7945447098005,1.935,0.0,23,10,4,22.872345,26.2515259
4/10/25 22:58,432,66.7945447098005,1.935,0.0,22,10,4,22.9974365,26.1050053
4/10/25 22:43,432,66.7945447098005,1.935,0.0,22,10,4,23.059967,26.0805874
4/10/25 22:28,432,66.7945447098005,1.935,0.0,22,10,4,23.1225128,25.9389515
4/10/25 22:13,432,66.7945447098005,1.935,0.0,22,10,4,23.2475891,25.7875462
4/10/25 21:58,432,66.7945447098005,1.935,0.0,21,10,4,23.2475891,25.7387066
4/10/25 21:43,432,66.7945447098005,1.935,0.0,21,10,4,23.3101349,25.6654453
4/10/25 21:28,432,66.7945447098005,1.935,0.0,21,10,4,23.3101349,25.592186
4/10/25 21:13,432,66.7945447098005,1.935,0.0,21,10,4,23.3726654,25.5189247
4/10/25 20:58,432,66.7945447098005,1.935,0.0,20,10,4,23.3726654,25.4700851
4/10/25 20:43,432,66.7945447098005,1.935,0.0,20,10,4,23.4352112,25.3235645
4/10/25 20:28,432,66.7945447098005,1.935,0.0,20,10,4,23.497757,25.3235645
4/10/25 20:13,432,66.7945447098005,1.935,0.0,20,10,4,23.497757,25.2503071
4/10/25 19:58,432,66.7945447098005,1.935,0.0,19,10,4,23.5602875,25.2014656
4/10/25 19:43,432,66.7945447098005,1.935,0.0,19,10,4,23.5602875,25.1438332
4/10/25 19:28,432,66.7945447098005,1.935,0.0,19,10,4,23.6228333,25.1282043
4/10/25 19:13,432,66.7945447098005,1.935,0.0,19,10,4,23.6228333,25.0549469
4/10/25 18:58,432,66.7945447098005,1.935,0.0,18,10,4,23.6853638,24.9816856
4/10/25 18:43,432,66.7945447098005,1.935,0.0,18,10,4,23.6853638,24.9816856
4/10/25 18:28,432,66.7945447098005,1.935,0.0,18,10,4,23.6853638,24.8107452
4/10/25 18:13,432,66.7945447098005,1.935,0.0,18,10,4,23.7479095,24.7130661
4/10/25 17:58,432,66.7945447098005,1.935,0.0,17,10,4,23.7479095,24.6642265
4/10/25 17:43,432,66.7945447098005,1.935,0.0,17,10,4,23.6853638,24.6642265
4/10/25 17:28,432,66.7945447098005,1.935,0.0,17,10,4,23.7479095,24.6153851
4/10/25 17:13,432,66.7945447098005,1.935,0.0,17,10,4,23.7479095,24.5421238
4/10/25 16:58,432,66.7945447098005,1.935,0.0,16,10,4,23.6853638,24.4344425
4/10/25 16:43,432,66.7945447098005,1.935,0.0,16,10,4,23.6228333,24.5177059
4/10/25 16:28,432,66.7945447098005,1.935,0.0,16,10,4,23.4352112,24.737484
4/10/25 16:13,432,66.7945447098005,1.935,0.0,16,10,4,23.4352112,24.6886444
4/10/25 15:58,432,66.7945447098005,1.935,0.0,15,10,4,23.8729858,23.9804649
4/10/25 15:43,432,66.7945447098005,1.935,0.0,15,10,4,24.0606079,23.5653229
4/10/25 15:28,432,66.7945447098005,1.935,0.0,15,10,4,23.9980774,23.5653229
4/10/25 15:13,432,66.7945447098005,1.935,0.0,15,10,4,24.0606079,23.540905
4/10/25 14:58,432,66.7945447098005,1.935,0.0,14,10,4,24.0606079,23.5653229
4/10/25 14:43,432,66.7945447098005,1.935,0.0,14,10,4,23.9980774,23.540905
4/10/25 14:28,432,66.7945447098005,1.935,0.0,14,10,4,23.9980774,23.4920654
4/10/25 14:13,432,66.7945447098005,1.935,0.0,14,10,4,23.9980774,23.4188042
4/10/25 13:58,432,66.7945447098005,1.935,0.0,13,10,4,23.9355164,23.4188042
4/10/25 13:43,432,66.7945447098005,1.935,0.0,13,10,4,23.8729858,23.4188042
4/10/25 13:28,432,66.7945447098005,1.935,0.0,13,10,4,23.8104553,23.223444
4/10/25 13:13,432,66.7945447098005,1.935,0.0,13,10,4,23.7479095,23.223444
4/10/25 12:58,432,66.7945447098005,1.935,0.0,12,10,4,23.7479095,23.1501846
4/10/25 12:43,432,66.7945447098005,1.935,0.0,12,10,4,23.7479095,23.0525036
4/10/25 12:28,432,66.7945447098005,1.935,0.0,12,10,4,23.7479095,22.9059849
4/10/25 12:13,432,66.7945447098005,1.935,0.0,12,10,4,23.7479095,22.7594643
4/10/25 11:58,432,66.7945447098005,1.935,0.0,11,10,4,23.8104553,22.5641041
4/10/25 11:43,432,66.7945447098005,1.935,0.0,11,10,4,23.8104553,22.3199043
4/10/25 11:28,432,66.7945447098005,1.935,0.0,11,10,4,23.8729858,22.2466431
4/10/25 11:13,432,66.7945447098005,1.935,0.0,11,10,4,23.9355164,22.1733837
4/10/25 10:58,432,66.7945447098005,1.935,0.0,10,10,4,24.0606079,21.9780235
4/10/25 10:43,432,66.7945447098005,1.935,0.0,10,10,4,24.0606079,21.9780235
4/10/25 10:28,432,66.7945447098005,1.935,0.0,10,10,4,24.0606079,22.0024414
4/10/25 10:13,432,66.7945447098005,1.935,0.0,10,10,4,23.5602875,22.4175835
4/10/25 9:58,432,66.7945447098005,1.935,0.0,9,10,4,23.2475891,22.7838821
4/10/25 9:43,432,66.7945447098005,1.935,0.0,9,10,4,23.059967,22.9216137
4/10/25 9:28,432,66.7945447098005,1.935,0.0,9,10,4,22.9348907,23.1013451
4/10/25 9:13,432,66.7945447098005,1.935,0.0,9,10,4,22.8098145,23.1501846
4/10/25 8:58,432,66.7945447098005,1.935,0.0,8,10,4,22.6847229,23.2967052
4/10/25 8:43,432,66.7945447098005,1.935,0.0,8,10,4,22.6221924,23.3455448
4/10/25 8:28,432,66.7945447098005,1.935,0.0,8,10,4,22.4971161,23.4188042
4/10/25 8:13,432,66.7945447098005,1.935,0.0,8,10,4,22.4345703,23.4676437
4/10/25 7:58,432,66.7945447098005,1.935,0.0,7,10,4,22.4345703,23.5653229
4/10/25 7:43,432,66.7945447098005,1.935,0.0,7,10,4,22.309494,23.6874256
4/10/25 7:28,432,66.7945447098005,1.935,0.0,7,10,4,22.2469635,23.7851048
4/10/25 7:13,432,66.7945447098005,1.935,0.0,7,10,4,22.1218719,23.9072037
4/10/25 6:58,432,66.7945447098005,1.935,0.0,6,10,4,21.8717194,24.2246647
4/10/25 6:43,432,66.7945447098005,1.935,0.0,6,10,4,21.6840973,24.4688663
4/10/25 6:28,432,66.7945447098005,1.935,0.0,6,10,4,21.4339294,24.737484
4/10/25 6:13,432,66.7945447098005,1.935,0.0,6,10,4,20.8710785,25.4700851
4/10/25 5:58,432,66.7945447098005,1.935,0.0,5,10,4,20.99617,25.689867
4/10/25 5:43,432,66.7945447098005,1.935,0.0,5,10,4,21.559021,24.7619057
4/10/25 5:28,432,66.7945447098005,1.935,0.0,5,10,4,21.6215515,24.737484
4/10/25 5:13,432,66.7945447098005,1.935,0.0,5,10,4,21.6215515,24.7130661
4/10/25 4:58,432,66.7945447098005,1.935,0.0,4,10,4,21.6215515,24.6886444
4/10/25 4:43,432,66.7945447098005,1.935,0.0,4,10,4,21.6840973,24.6153851
4/10/25 4:28,432,66.7945447098005,1.935,0.0,4,10,4,21.6840973,24.6153851
4/10/25 4:13,432,66.7945447098005,1.935,0.0,4,10,4,21.7466431,24.5501251
4/10/25 3:58,432,66.7945447098005,1.935,0.0,3,10,4,21.7722569,24.5177059
4/10/25 3:43,432,66.7945447098005,1.935,0.0,3,10,4,21.8091736,24.5177059
4/10/25 3:28,432,66.7945447098005,1.935,0.0,3,10,4,21.8717194,24.4444447
4/10/25 3:13,432,66.7945447098005,1.935,0.0,3,10,4,21.9342499,24.3956051
4/10/25 2:58,432,66.7945447098005,1.935,0.0,2,10,4,21.9342499,24.3467636
4/10/25 2:43,432,66.7945447098005,1.935,0.0,2,10,4,21.9967957,24.3223457
4/10/25 2:28,432,66.7945447098005,1.935,0.0,2,10,4,22.0593414,24.2490845
4/10/25 2:13,432,66.7945447098005,1.935,0.0,2,10,4,22.1218719,24.2002449
4/10/25 1:58,432,66.7945447098005,1.935,0.0,1,10,4,22.1218719,24.1846161
4/10/25 1:43,432,66.7945447098005,1.935,0.0,1,10,4,22.1218719,24.1758251
4/10/25 1:28,432,66.7945447098005,1.935,0.0,1,10,4,22.1218719,24.2002449
4/10/25 1:13,432,66.7945447098005,1.935,0.0,1,10,4,22.1218719,24.1758251
4/10/25 0:58,432,66.7945447098005,1.935,0.0,0,10,4,22.1218719,24.2002449
4/10/25 0:43,432,66.7945447098005,1.935,0.0,0,10,4,22.1844177,24.1269855
4/10/25 0:28,432,66.7945447098005,1.935,0.0,0,10,4,22.2469635,24.078146
4/10/25 0:13,432,66.7945447098005,1.935,0.0,0,10,4,22.2469635,24.0537243
4/9/25 23:58,432,66.7945447098005,1.935,0.0,23,9,4,22.2890034,24.078146
4/9/25 23:43,432,66.7945447098005,1.935,0.0,23,9,4,22.2969875,24.078146
4/9/25 23:28,432,66.7945447098005,1.935,0.0,23,9,4,22.309494,24.0293045
4/9/25 23:13,432,66.7945447098005,1.935,0.0,23,9,4,22.3720398,23.9884663
4/9/25 22:58,432,66.7945447098005,1.935,0.0,22,9,4,22.4971161,23.9316254
4/9/25 22:43,432,66.7945447098005,1.935,0.0,22,9,4,22.5596619,23.8095245
4/9/25 22:28,432,66.7945447098005,1.935,0.0,22,9,4,22.6847229,23.6874256
4/9/25 22:13,432,66.7945447098005,1.935,0.0,22,9,4,22.872345,23.5653229
4/9/25 21:58,432,66.7945447098005,1.935,0.0,21,9,4,22.9348907,23.5164833
4/9/25 21:43,432,66.7945447098005,1.935,0.0,21,9,4,22.9348907,23.4676437
4/9/25 21:28,432,66.7945447098005,1.935,0.0,21,9,4,22.9974365,23.5164833
4/9/25 21:13,432,66.7945447098005,1.935,0.0,21,9,4,22.9974365,23.5164833
4/9/25 20:58,432,66.7945447098005,1.935,0.0,20,9,4,23.059967,23.4188042
4/9/25 20:43,432,66.7945447098005,1.935,0.0,20,9,4,23.1225128,23.2967052
4/9/25 20:28,432,66.7945447098005,1.935,0.0,20,9,4,23.1850433,23.3211231
4/9/25 20:13,432,66.7945447098005,1.935,0.0,20,9,4,23.2607079,23.223444
4/9/25 19:58,432,66.7945447098005,1.935,0.0,19,9,4,23.3101349,23.4188042
4/9/25 19:43,432,66.7945447098005,1.935,0.0,19,9,4,23.2475891,23.3699627
4/9/25 19:28,432,66.7945447098005,1.935,0.0,19,9,4,23.2475891,23.1257629
4/9/25 19:13,432,66.7945447098005,1.935,0.0,19,9,4,23.3101349,23.0769234
4/9/25 18:58,432,66.7945447098005,1.935,0.0,18,9,4,23.3101349,23.1013451
4/9/25 18:43,432,66.7945447098005,1.935,0.0,18,9,4,23.3101349,23.0525036
4/9/25 18:28,432,66.7945447098005,1.935,0.0,18,9,4,23.4352112,22.8327236
4/9/25 18:13,432,66.7945447098005,1.935,0.0,18,9,4,23.497757,22.7494621
4/9/25 17:58,432,66.7945447098005,1.935,0.0,17,9,4,23.5602875,22.7350426
4/9/25 17:43,432,66.7945447098005,1.935,0.0,17,9,4,23.497757,22.6373634
4/9/25 17:28,432,66.7945447098005,1.935,0.0,17,9,4,23.4352112,22.7350426
4/9/25 17:13,432,66.7945447098005,1.935,0.0,17,9,4,23.497757,22.6617832
4/9/25 16:58,432,66.7945447098005,1.935,0.0,16,9,4,23.497757,22.6129436
4/9/25 16:43,432,66.7945447098005,1.935,0.0,16,9,4,23.5602875,22.5641041
4/9/25 16:28,432,66.7945447098005,1.935,0.0,16,9,4,23.5602875,22.466423
4/9/25 16:13,432,66.7945447098005,1.935,0.0,16,9,4,23.5602875,22.4175835
4/9/25 15:58,432,66.7945447098005,1.935,0.0,15,9,4,23.497757,22.332407
4/9/25 15:43,432,66.7945447098005,1.935,0.0,15,9,4,23.4352112,22.4175835
4/9/25 15:28,432,66.7945447098005,1.935,0.0,15,9,4,23.497757,22.1733837
4/9/25 15:13,432,66.7945447098005,1.935,0.0,15,9,4,23.4352112,22.0024414
4/9/25 14:58,432,66.7945447098005,1.935,0.0,14,9,4,23.4352112,21.7582417
4/9/25 14:43,432,66.7945447098005,1.935,0.0,14,9,4,23.497757,21.3186817
4/9/25 14:28,432,66.7945447098005,1.935,0.0,14,9,4,23.6144371,20.9035416
4/9/25 14:13,432,66.7945447098005,1.935,0.0,14,9,4,23.6228333,20.5616627
4/9/25 13:58,432,66.7945447098005,1.935,0.0,13,9,4,23.8104553,20.1953602
4/9/25 13:43,432,66.7945447098005,1.935,0.0,13,9,4,24.24823,19.3894997
4/9/25 13:28,432,66.7945447098005,1.935,0.0,13,9,4,24.24823,19.2185593
4/9/25 13:13,432,66.7945447098005,1.935,0.0,13,9,4,24.24823,18.6468964
4/9/25 12:58,432,66.7945447098005,1.935,0.0,12,9,4,24.24823,18.3638592
4/9/25 12:43,432,66.7945447098005,1.935,0.0,12,9,4,24.1856842,18.168499
4/9/25 12:28,432,66.7945447098005,1.935,0.0,12,9,4,24.1231384,17.631258
4/9/25 12:13,432,66.7945447098005,1.935,0.0,12,9,4,24.1856842,17.313797
4/9/25 11:58,432,66.7945447098005,1.935,0.0,11,9,4,24.1856842,17.1672783
4/9/25 11:43,432,66.7945447098005,1.935,0.0,11,9,4,24.3107605,16.8742371
4/9/25 11:28,432,66.7945447098005,1.935,0.0,11,9,4,24.4358368,16.7765579
4/9/25 11:13,432,66.7945447098005,1.935,0.0,11,9,4,24.4983826,16.7765579
4/9/25 10:58,432,66.7945447098005,1.935,0.0,10,9,4,24.4358368,16.6056175
4/9/25 10:43,432,66.7945447098005,1.935,0.0,10,9,4,23.9355164,16.1904774
4/9/25 10:28,432,66.7945447098005,1.935,0.0,10,9,4,23.7479095,16.3125763
4/9/25 10:13,432,66.7945447098005,1.935,0.0,10,9,4,23.6853638,16.2881565
4/9/25 9:58,432,66.7945447098005,1.935,0.0,9,9,4,23.497757,16.0683765
4/9/25 9:43,432,66.7945447098005,1.935,0.0,9,9,4,23.3726654,16.3858376
4/9/25 9:28,432,66.7945447098005,1.935,0.0,9,9,4,23.2475891,16.1172161
4/9/25 9:13,432,66.7945447098005,1.935,0.0,9,9,4,23.059967,16.0439568
4/9/25 8:58,432,66.7945447098005,1.935,0.0,8,9,4,22.9348907,16.1416359
4/9/25 8:43,432,66.7945447098005,1.935,0.0,8,9,4,22.8098145,16.019537
4/9/25 8:28,432,66.7945447098005,1.935,0.0,8,9,4,22.6847229,16.0683765
4/9/25 8:13,432,66.7945447098005,1.935,0.0,8,9,4,22.6221924,16.0683765
4/9/25 7:58,432,66.7945447098005,1.935,0.0,7,9,4,22.4971161,16.1172161
4/9/25 7:43,432,66.7945447098005,1.935,0.0,7,9,4,22.4345703,16.1172161
4/9/25 7:28,432,66.7945447098005,1.935,0.0,7,9,4,22.3720398,16.1660557
4/9/25 7:13,432,66.7945447098005,1.935,0.0,7,9,4,22.2469635,16.1904774
4/9/25 6:58,432,66.7945447098005,1.935,0.0,6,9,4,22.0593414,16.2881565
4/9/25 6:43,432,66.7945447098005,1.935,0.0,6,9,4,21.8717194,16.3858376
4/9/25 6:28,432,66.7945447098005,1.935,0.0,6,9,4,21.6840973,16.556776
4/9/25 6:13,432,66.7945447098005,1.935,0.0,6,9,4,21.1837769,16.9963379
4/9/25 5:58,432,66.7945447098005,1.935,0.0,5,9,4,21.2463226,16.8986568
4/9/25 5:43,432,66.7945447098005,1.935,0.0,5,9,4,21.8717194,15.9706964
4/9/25 5:28,432,66.7945447098005,1.935,0.0,5,9,4,21.9342499,15.9298582
4/9/25 5:13,432,66.7945447098005,1.935,0.0,5,9,4,21.9967957,15.8241758
4/9/25 4:58,432,66.7945447098005,1.935,0.0,4,9,4,21.9967957,15.7997561
4/9/25 4:43,432,66.7945447098005,1.935,0.0,4,9,4,22.0593414,15.7264957
4/9/25 4:28,432,66.7945447098005,1.935,0.0,4,9,4,22.0593414,15.7264957
4/9/25 4:13,432,66.7945447098005,1.935,0.0,4,9,4,22.0593414,15.702076
4/9/25 3:58,432,66.7945447098005,1.935,0.0,3,9,4,21.9967957,15.702076
4/9/25 3:43,432,66.7945447098005,1.935,0.0,3,9,4,21.9967957,15.7264957
4/9/25 3:28,432,66.7945447098005,1.935,0.0,3,9,4,21.9967957,15.7997561
4/9/25 3:13,432,66.7945447098005,1.935,0.0,3,9,4,21.9342499,15.6043959
4/9/25 2:58,432,66.7945447098005,1.935,0.0,2,9,4,21.9967957,15.5799761
4/9/25 2:43,432,66.7945447098005,1.935,0.0,2,9,4,21.9967957,15.5555563
4/9/25 2:28,432,66.7945447098005,1.935,0.0,2,9,4,21.9967957,15.482296
4/9/25 2:13,432,66.7945447098005,1.935,0.0,2,9,4,22.0593414,15.4578762
4/9/25 1:58,432,66.7945447098005,1.935,0.0,1,9,4,22.1218719,15.4090357
4/9/25 1:43,432,66.7945447098005,1.935,0.0,1,9,4,22.1218719,15.3601961
4/9/25 1:28,432,66.7945447098005,1.935,0.0,1,9,4,22.1844177,15.3113556
4/9/25 1:13,432,66.7945447098005,1.935,0.0,1,9,4,22.2469635,15.2380953
4/9/25 0:58,432,66.7945447098005,1.935,0.0,0,9,4,22.309494,15.1648359
4/9/25 0:43,432,66.7945447098005,1.935,0.0,0,9,4,22.309494,15.0915756
4/9/25 0:28,432,66.7945447098005,1.935,0.0,0,9,4,22.4025536,15.0427351
4/9/25 0:13,432,66.7945447098005,1.935,0.0,0,9,4,22.4971161,14.945055
4/8/25 23:58,432,66.7945447098005,1.935,0.0,23,8,4,22.5596619,14.8473749
4/8/25 23:43,432,66.7945447098005,1.935,0.0,23,8,4,22.6847229,14.7496948
4/8/25 23:28,432,66.7945447098005,1.935,0.0,23,8,4,22.7472839,14.6764355
4/8/25 23:13,432,66.7945447098005,1.935,0.0,23,8,4,22.872345,14.5787554
4/8/25 22:58,432,66.7945447098005,1.935,0.0,22,8,4,22.9974365,14.4566545
4/8/25 22:43,432,66.7945447098005,1.935,0.0,22,8,4,23.059967,14.3589745
4/8/25 22:28,432,66.7945447098005,1.935,0.0,22,8,4,23.1225128,14.2857151
4/8/25 22:13,432,66.7945447098005,1.935,0.0,22,8,4,23.2475891,14.1147747
4/8/25 21:58,432,66.7945447098005,1.935,0.0,21,8,4,23.1850433,14.1147747
4/8/25 21:43,432,66.7945447098005,1.935,0.0,21,8,4,23.2475891,14.1147747
4/8/25 21:28,432,66.7945447098005,1.935,0.0,21,8,4,23.3101349,14.0903549
4/8/25 21:13,432,66.7945447098005,1.935,0.0,21,8,4,23.3726654,13.9682541
4/8/25 20:58,432,66.7945447098005,1.935,0.0,20,8,4,23.3810616,13.8217344
4/8/25 20:43,432,66.7945447098005,1.935,0.0,20,8,4,23.4352112,13.6996346
4/8/25 20:28,432,66.7945447098005,1.935,0.0,20,8,4,23.4352112,13.650794
4/8/25 20:13,432,66.7945447098005,1.935,0.0,20,8,4,23.3726654,13.6263742
4/8/25 19:58,432,66.7945447098005,1.935,0.0,19,8,4,23.497757,13.9926748
4/8/25 19:43,432,66.7945447098005,1.935,0.0,19,8,4,23.8104553,13.7240543
4/8/25 19:28,432,66.7945447098005,1.935,0.0,19,8,4,23.8729858,13.6752138
4/8/25 19:13,432,66.7945447098005,1.935,0.0,19,8,4,23.8729858,13.7484741
4/8/25 18:58,432,66.7945447098005,1.935,0.0,18,8,4,23.9355164,13.7240543
4/8/25 18:43,432,66.7945447098005,1.935,0.0,18,8,4,23.9355164,13.7240543
4/8/25 18:28,432,66.7945447098005,1.935,0.0,18,8,4,23.9355164,13.7240543
4/8/25 18:13,432,66.7945447098005,1.935,0.0,18,8,4,23.9980774,13.7240543
4/8/25 17:58,432,66.7945447098005,1.935,0.0,17,8,4,23.9980774,13.6263742
4/8/25 17:43,432,66.7945447098005,1.935,0.0,17,8,4,24.0606079,13.650794
4/8/25 17:28,432,66.7945447098005,1.935,0.0,17,8,4,24.0606079,13.6263742
4/8/25 17:13,432,66.7945447098005,1.935,0.0,17,8,4,24.0606079,13.4798536
4/8/25 16:58,432,66.7945447098005,1.935,0.0,16,8,4,24.0606079,13.3577538
4/8/25 16:43,432,66.7945447098005,1.935,0.0,16,8,4,24.0606079,13.3089142
4/8/25 16:28,432,66.7945447098005,1.935,0.0,16,8,4,24.0606079,13.2844934
4/8/25 16:13,432,66.7945447098005,1.935,0.0,16,8,4,23.9355164,13.3577538
4/8/25 15:58,432,66.7945447098005,1.935,0.0,15,8,4,23.9355164,13.4798536
4/8/25 15:43,432,66.7945447098005,1.935,0.0,15,8,4,23.9355164,13.6752138
4/8/25 15:28,432,66.7945447098005,1.935,0.0,15,8,4,23.9355164,13.7973146
4/8/25 15:13,432,66.7945447098005,1.935,0.0,15,8,4,23.9355164,13.8949947
4/8/25 14:58,432,66.7945447098005,1.935,0.0,14,8,4,23.9355164,13.9438343
4/8/25 14:43,432,66.7945447098005,1.935,0.0,14,8,4,23.9355164,13.9926748
4/8/25 14:28,432,66.7945447098005,1.935,0.0,14,8,4,23.9355164,13.9926748
4/8/25 14:13,432,66.7945447098005,1.935,0.0,14,8,4,23.9355164,13.9194145
4/8/25 13:58,432,66.7945447098005,1.935,0.0,13,8,4,23.9355164,14.0659342
4/8/25 13:43,432,66.7945447098005,1.935,0.0,13,8,4,23.8729858,14.1391945
4/8/25 13:28,432,66.7945447098005,1.935,0.0,13,8,4,23.8729858,14.2857151
4/8/25 13:13,432,66.7945447098005,1.935,0.0,13,8,4,23.9355164,14.4322348
4/8/25 12:58,432,66.7945447098005,1.935,0.0,12,8,4,23.9355164,14.4566545
4/8/25 12:43,432,66.7945447098005,1.935,0.0,12,8,4,23.8729858,14.4810753
4/8/25 12:28,432,66.7945447098005,1.935,0.0,12,8,4,23.8729858,14.1147747
4/8/25 12:13,432,66.7945447098005,1.935,0.0,12,8,4,23.8729858,13.8129435
4/8/25 11:58,432,66.7945447098005,1.935,0.0,11,8,4,23.8729858,13.5531139
4/8/25 11:43,432,66.7945447098005,1.935,0.0,11,8,4,23.8729858,13.1623936
4/8/25 11:28,432,66.7945447098005,1.935,0.0,11,8,4,23.9355164,13.0158739
4/8/25 11:13,432,66.7945447098005,1.935,0.0,11,8,4,23.9980774,12.8693533
4/8/25 10:58,432,66.7945447098005,1.935,0.0,10,8,4,24.1231384,12.7228336
4/8/25 10:43,432,66.7945447098005,1.935,0.0,10,8,4,24.3107605,12.8205137
4/8/25 10:28,432,66.7945447098005,1.935,0.0,10,8,4,24.4358368,12.9670334
4/8/25 10:13,432,66.7945447098005,1.935,0.0,10,8,4,24.3733063,13.2112341
4/8/25 9:58,432,66.7945447098005,1.935,0.0,9,8,4,24.1856842,11.6483526
4/8/25 9:43,432,66.7945447098005,1.935,0.0,9,8,4,24.3107605,11.501832
4/8/25 9:28,432,66.7945447098005,1.935,0.0,9,8,4,24.4358368,11.4285716999999
4/8/25 9:13,432,66.7945447098005,1.935,0.0,9,8,4,24.0606079,11.501832
4/8/25 8:58,432,66.7945447098005,1.935,0.0,8,8,4,23.8104553,11.6727724
4/8/25 8:43,432,66.7945447098005,1.935,0.0,8,8,4,23.4352112,11.6727724
4/8/25 8:28,432,66.7945447098005,1.935,0.0,8,8,4,23.059967,11.9658127
4/8/25 8:13,432,66.7945447098005,1.935,0.0,8,8,4,22.7472839,12.0879126
4/8/25 7:58,432,66.7945447098005,1.935,0.0,7,8,4,22.4971161,12.2100124
4/8/25 7:43,432,66.7945447098005,1.935,0.0,7,8,4,22.2469635,12.2832727
4/8/25 7:28,432,66.7945447098005,1.935,0.0,7,8,4,22.0593414,12.3076925
4/8/25 7:13,432,66.7945447098005,1.935,0.0,7,8,4,21.8717194,12.3614168
4/8/25 6:58,432,66.7945447098005,1.935,0.0,6,8,4,21.6840973,12.4542131
4/8/25 6:43,432,66.7945447098005,1.935,0.0,6,8,4,21.4339294,12.576313
4/8/25 6:28,432,66.7945447098005,1.935,0.0,6,8,4,21.1212463,12.6739931
4/8/25 6:13,432,66.7945447098005,1.935,0.0,6,8,4,20.5583801,13.1379738
4/8/25 5:58,432,66.7945447098005,1.935,0.0,5,8,4,20.6209259,13.333334
4/8/25 5:43,432,66.7945447098005,1.935,0.0,5,8,4,21.2463226,12.7716732
4/8/25 5:28,432,66.7945447098005,1.935,0.0,5,8,4,21.2463226,12.6984129
4/8/25 5:13,432,66.7945447098005,1.935,0.0,5,8,4,21.2463226,12.6495733
4/8/25 4:58,432,66.7945447098005,1.935,0.0,4,8,4,21.3088684,12.576313
4/8/25 4:43,432,66.7945447098005,1.935,0.0,4,8,4,21.3088684,12.5274734
4/8/25 4:28,432,66.7945447098005,1.935,0.0,4,8,4,21.3713989,12.4542131
4/8/25 4:13,432,66.7945447098005,1.935,0.0,4,8,4,21.3713989,12.3565331
4/8/25 3:58,432,66.7945447098005,1.935,0.0,3,8,4,21.4339294,12.3076925
4/8/25 3:43,432,66.7945447098005,1.935,0.0,3,8,4,21.4964905,12.2100124
4/8/25 3:28,432,66.7945447098005,1.935,0.0,3,8,4,21.4964905,12.1611729
4/8/25 3:13,432,66.7945447098005,1.935,0.0,3,8,4,21.4964905,12.1123323
4/8/25 2:58,432,66.7945447098005,1.935,0.0,2,8,4,21.559021,11.9902325
4/8/25 2:43,432,66.7945447098005,1.935,0.0,2,8,4,21.6215515,11.9413929
4/8/25 2:28,432,66.7945447098005,1.935,0.0,2,8,4,21.6840973,11.8681326
4/8/25 2:13,432,66.7945447098005,1.935,0.0,2,8,4,21.7466431,11.7948723
4/8/25 1:58,432,66.7945447098005,1.935,0.0,1,8,4,21.7466431,11.6727724
4/8/25 1:43,432,66.7945447098005,1.935,0.0,1,8,4,21.8717194,11.5750923
4/8/25 1:28,432,66.7945447098005,1.935,0.0,1,8,4,21.9342499,11.501832
4/8/25 1:13,432,66.7945447098005,1.935,0.0,1,8,4,21.9967957,11.4285716999999
4/8/25 0:58,432,66.7945447098005,1.935,0.0,0,8,4,22.0593414,11.3064718
4/8/25 0:43,432,66.7945447098005,1.935,0.0,0,8,4,22.1844177,11.2087917
4/8/25 0:28,432,66.7945447098005,1.935,0.0,0,8,4,22.2469635,11.0622721
4/8/25 0:13,432,66.7945447098005,1.935,0.0,0,8,4,22.3720398,10.964592
4/7/25 23:58,432,66.7945447098005,1.935,0.0,23,7,4,22.4971161,10.8424911
4/7/25 23:43,432,66.7945447098005,1.935,0.0,23,7,4,22.6221924,10.6715517
4/7/25 23:28,432,66.7945447098005,1.935,0.0,23,7,4,22.7472839,10.5494509
4/7/25 23:13,432,66.7945447098005,1.935,0.0,23,7,4,22.872345,10.3540907
4/7/25 22:58,432,66.7945447098005,1.935,0.0,22,7,4,23.059967,10.2564106
4/7/25 22:43,432,66.7945447098005,1.935,0.0,22,7,4,23.1850433,10.0854712
4/7/25 22:28,432,66.7945447098005,1.935,0.0,22,7,4,23.3726654,9.9145298
4/7/25 22:13,432,66.7945447098005,1.935,0.0,22,7,4,23.5602875,9.7435894
4/7/25 21:58,432,66.7945447098005,1.935,0.0,21,7,4,23.3101349,9.81684971
4/7/25 21:43,432,66.7945447098005,1.935,0.0,21,7,4,23.497757,9.71916962
4/7/25 21:28,432,66.7945447098005,1.935,0.0,21,7,4,23.497757,9.62148952
4/7/25 21:13,432,66.7945447098005,1.935,0.0,21,7,4,23.4352112,9.59706974
4/7/25 20:58,432,66.7945447098005,1.935,0.0,20,7,4,23.3101349,9.52380943
4/7/25 20:43,432,66.7945447098005,1.935,0.0,20,7,4,23.3101349,9.49938965
4/7/25 20:28,432,66.7945447098005,1.935,0.0,20,7,4,23.3101349,9.35286903
4/7/25 20:13,432,66.7945447098005,1.935,0.0,20,7,4,23.3101349,9.18192959
4/7/25 19:58,432,66.7945447098005,1.935,0.0,19,7,4,23.2475891,9.10866928
4/7/25 19:43,432,66.7945447098005,1.935,0.0,19,7,4,23.059967,9.01098919
4/7/25 19:28,432,66.7945447098005,1.935,0.0,19,7,4,23.1225128,8.88888931
4/7/25 19:13,432,66.7945447098005,1.935,0.0,19,7,4,23.1850433,8.76678848
4/7/25 18:58,432,66.7945447098005,1.935,0.0,18,7,4,23.1850433,8.7423687
4/7/25 18:43,432,66.7945447098005,1.935,0.0,18,7,4,23.2475891,8.66910839
4/7/25 18:28,432,66.7945447098005,1.935,0.0,18,7,4,23.3101349,8.59584904
4/7/25 18:13,432,66.7945447098005,1.935,0.0,18,7,4,23.3726654,8.5714283
4/7/25 17:58,432,66.7945447098005,1.935,0.0,17,7,4,23.4352112,8.52258873
4/7/25 17:43,432,66.7945447098005,1.935,0.0,17,7,4,23.497757,8.49816895
4/7/25 17:28,432,66.7945447098005,1.935,0.0,17,7,4,23.497757,8.54700851
4/7/25 17:13,432,66.7945447098005,1.935,0.0,17,7,4,23.5602875,8.54700851
4/7/25 16:58,432,66.7945447098005,1.935,0.0,16,7,4,23.6228333,8.47374821
4/7/25 16:43,432,66.7945447098005,1.935,0.0,16,7,4,23.6853638,8.52258873
4/7/25 16:28,432,66.7945447098005,1.935,0.0,16,7,4,23.7479095,8.5714283
4/7/25 16:13,432,66.7945447098005,1.935,0.0,16,7,4,23.8104553,8.62026882
4/7/25 15:58,432,66.7945447098005,1.935,0.0,15,7,4,23.8104553,8.63051224
4/7/25 15:43,432,66.7945447098005,1.935,0.0,15,7,4,23.8729858,8.71794891
4/7/25 15:28,432,66.7945447098005,1.935,0.0,15,7,4,23.8934765,8.69352913
4/7/25 15:13,432,66.7945447098005,1.935,0.0,15,7,4,23.9355164,8.81562901
4/7/25 14:58,432,66.7945447098005,1.935,0.0,14,7,4,23.9980774,8.88888931
4/7/25 14:43,432,66.7945447098005,1.935,0.0,14,7,4,23.9980774,8.96214867
4/7/25 14:28,432,66.7945447098005,1.935,0.0,14,7,4,23.9980774,8.9865694
4/7/25 14:13,432,66.7945447098005,1.935,0.0,14,7,4,23.9980774,8.88888931
4/7/25 13:58,432,66.7945447098005,1.935,0.0,13,7,4,23.9980774,8.7423687
4/7/25 13:43,432,66.7945447098005,1.935,0.0,13,7,4,23.9980774,8.88888931
4/7/25 13:28,432,66.7945447098005,1.935,0.0,13,7,4,23.9355164,8.88888931
4/7/25 13:13,432,66.7945447098005,1.935,0.0,13,7,4,23.9355164,8.93772888
4/7/25 12:58,432,66.7945447098005,1.935,0.0,12,7,4,23.9355164,9.0842495
4/7/25 12:43,432,66.7945447098005,1.935,0.0,12,7,4,23.8729858,9.20634937
4/7/25 12:28,432,66.7945447098005,1.935,0.0,12,7,4,23.8729858,9.49938965
4/7/25 12:13,432,66.7945447098005,1.935,0.0,12,7,4,23.7479095,9.32844925
4/7/25 11:58,432,66.7945447098005,1.935,0.0,11,7,4,23.6853638,9.32844925
4/7/25 11:43,432,66.7945447098005,1.935,0.0,11,7,4,23.639225,9.49938965
4/7/25 11:28,432,66.7945447098005,1.935,0.0,11,7,4,23.6228333,9.52380943
4/7/25 11:13,432,66.7945447098005,1.935,0.0,11,7,4,23.5602875,9.59706974
4/7/25 10:58,432,66.7945447098005,1.935,0.0,10,7,4,23.497757,9.76801014
4/7/25 10:43,432,66.7945447098005,1.935,0.0,10,7,4,23.5602875,9.98779011
4/7/25 10:28,432,66.7945447098005,1.935,0.0,10,7,4,23.6228333,10.3296709
4/7/25 10:13,432,66.7945447098005,1.935,0.0,10,7,4,23.6853638,10.6227112
4/7/25 9:58,432,66.7945447098005,1.935,0.0,9,7,4,23.7479095,10.8180714
4/7/25 9:43,432,66.7945447098005,1.935,0.0,9,7,4,23.9355164,10.9157515
4/7/25 9:28,432,66.7945447098005,1.935,0.0,9,7,4,24.1856842,10.9401712
4/7/25 9:13,432,66.7945447098005,1.935,0.0,9,7,4,23.6853638,11.2576323
4/7/25 8:58,432,66.7945447098005,1.935,0.0,8,7,4,23.2475891,11.1599522
4/7/25 8:43,432,66.7945447098005,1.935,0.0,8,7,4,22.8098145,11.6239319
4/7/25 8:28,432,66.7945447098005,1.935,0.0,8,7,4,22.4971161,11.5750923
4/7/25 8:13,432,66.7945447098005,1.935,0.0,8,7,4,22.2469635,11.5262518
4/7/25 7:58,432,66.7945447098005,1.935,0.0,7,7,4,21.9342499,11.6727724
4/7/25 7:43,432,66.7945447098005,1.935,0.0,7,7,4,21.6840973,11.7948723
4/7/25 7:28,432,66.7945447098005,1.935,0.0,7,7,4,21.4339294,11.8437128
4/7/25 7:13,432,66.7945447098005,1.935,0.0,7,7,4,21.2463226,11.9169722
4/7/25 6:58,432,66.7945447098005,1.935,0.0,6,7,4,20.99617,12.0146523
4/7/25 6:43,432,66.7945447098005,1.935,0.0,6,7,4,20.7460022,12.1367531
4/7/25 6:28,432,66.7945447098005,1.935,0.0,6,7,4,20.4333038,12.1855927
4/7/25 6:13,432,66.7945447098005,1.935,0.0,6,7,4,19.8704529,12.6739931
4/7/25 5:58,432,66.7945447098005,1.935,0.0,5,7,4,19.8079071,13.3089142
4/7/25 5:43,432,66.7945447098005,1.935,0.0,5,7,4,20.4333038,13.5531139
4/7/25 5:28,432,66.7945447098005,1.935,0.0,5,7,4,20.4333038,13.5775337
4/7/25 5:13,432,66.7945447098005,1.935,0.0,5,7,4,20.4333038,13.6019545
4/7/25 4:58,432,66.7945447098005,1.935,0.0,4,7,4,20.4958496,13.6263742
4/7/25 4:43,432,66.7945447098005,1.935,0.0,4,7,4,20.5583801,13.650794
4/7/25 4:28,432,66.7945447098005,1.935,0.0,4,7,4,20.5583801,13.7484741
4/7/25 4:13,432,66.7945447098005,1.935,0.0,4,7,4,20.6209259,13.7484741
4/7/25 3:58,432,66.7945447098005,1.935,0.0,3,7,4,20.6834564,13.7973146
4/7/25 3:43,432,66.7945447098005,1.935,0.0,3,7,4,20.7460022,13.8317366
4/7/25 3:28,432,66.7945447098005,1.935,0.0,3,7,4,20.7460022,13.870574
4/7/25 3:13,432,66.7945447098005,1.935,0.0,3,7,4,20.9336243,13.7484741
4/7/25 2:58,432,66.7945447098005,1.935,0.0,2,7,4,20.99617,13.6752138
4/7/25 2:43,432,66.7945447098005,1.935,0.0,2,7,4,20.99617,13.6019545
4/7/25 2:28,432,66.7945447098005,1.935,0.0,2,7,4,21.1212463,13.5042744
4/7/25 2:13,432,66.7945447098005,1.935,0.0,2,7,4,21.1837769,13.4310141
4/7/25 1:58,432,66.7945447098005,1.935,0.0,1,7,4,21.2463226,13.3089142
4/7/25 1:43,432,66.7945447098005,1.935,0.0,1,7,4,21.3088684,13.1868134
4/7/25 1:28,432,66.7945447098005,1.935,0.0,1,7,4,21.3713989,13.0891333
4/7/25 1:13,432,66.7945447098005,1.935,0.0,1,7,4,21.4964905,12.9914532
4/7/25 0:58,432,66.7945447098005,1.935,0.0,0,7,4,21.6215515,12.8693533
4/7/25 0:43,432,66.7945447098005,1.935,0.0,0,7,4,21.6840973,12.7472534
4/7/25 0:28,432,66.7945447098005,1.935,0.0,0,7,4,21.8091736,12.6007328
4/7/25 0:13,432,66.7945447098005,1.935,0.0,0,7,4,21.9178581,12.4786329
4/6/25 23:58,432,66.7945447098005,1.935,0.0,23,6,4,21.9342499,12.3565331
4/6/25 23:43,432,66.7945447098005,1.935,0.0,23,6,4,21.9967957,12.258853
4/6/25 23:28,432,66.7945447098005,1.935,0.0,23,6,4,22.0593414,12.1611729
4/6/25 23:13,432,66.7945447098005,1.935,0.0,23,6,4,22.1218719,11.9814415
4/6/25 22:58,432,66.7945447098005,1.935,0.0,22,6,4,22.2469635,11.8681326
4/6/25 22:43,432,66.7945447098005,1.935,0.0,22,6,4,22.309494,11.5995121
4/6/25 22:28,432,66.7945447098005,1.935,0.0,22,6,4,22.4971161,11.3797321
4/6/25 22:13,432,66.7945447098005,1.935,0.0,22,6,4,22.7472839,11.2087917
4/6/25 21:58,432,66.7945447098005,1.935,0.0,21,6,4,22.6847229,11.1355314
4/6/25 21:43,432,66.7945447098005,1.935,0.0,21,6,4,22.6847229,11.0622721
4/6/25 21:28,432,66.7945447098005,1.935,0.0,21,6,4,22.7472839,10.9401712
4/6/25 21:13,432,66.7945447098005,1.935,0.0,21,6,4,22.7472839,10.8913317
4/6/25 20:58,432,66.7945447098005,1.935,0.0,20,6,4,22.7472839,10.7936516
4/6/25 20:43,432,66.7945447098005,1.935,0.0,20,6,4,22.6847229,10.6959715
4/6/25 20:28,432,66.7945447098005,1.935,0.0,20,6,4,22.6221924,10.8043957
4/6/25 20:13,432,66.7945447098005,1.935,0.0,20,6,4,22.4971161,10.5738716
4/6/25 19:58,432,66.7945447098005,1.935,0.0,19,6,4,22.2469635,10.7936516
4/6/25 19:43,432,66.7945447098005,1.935,0.0,19,6,4,22.2469635,10.9157515
4/6/25 19:28,432,66.7945447098005,1.935,0.0,19,6,4,22.2469635,11.0866919
4/6/25 19:13,432,66.7945447098005,1.935,0.0,19,6,4,22.3415183999999,11.1355314
4/6/25 18:58,432,66.7945447098005,1.935,0.0,18,6,4,22.9974365,10.5982914
4/6/25 18:43,432,66.7945447098005,1.935,0.0,18,6,4,23.1225128,10.6227112
4/6/25 18:28,432,66.7945447098005,1.935,0.0,18,6,4,23.1850433,10.8424911
4/6/25 18:13,432,66.7945447098005,1.935,0.0,18,6,4,23.1850433,10.6178274
4/6/25 17:58,432,66.7945447098005,1.935,0.0,17,6,4,23.1850433,10.6227112
4/6/25 17:43,432,66.7945447098005,1.935,0.0,17,6,4,23.1850433,10.5982914
4/6/25 17:28,432,66.7945447098005,1.935,0.0,17,6,4,23.2475891,10.6227112
4/6/25 17:13,432,66.7945447098005,1.935,0.0,17,6,4,23.3726654,10.4517708
4/6/25 16:58,432,66.7945447098005,1.935,0.0,16,6,4,23.497757,10.3540907
4/6/25 16:43,432,66.7945447098005,1.935,0.0,16,6,4,22.9348907,10.6959715
4/6/25 16:28,432,66.7945447098005,1.935,0.0,16,6,4,22.9348907,10.8913317
4/6/25 16:13,432,66.7945447098005,1.935,0.0,16,6,4,22.9974365,11.1355314
4/6/25 15:58,432,66.7945447098005,1.935,0.0,15,6,4,23.059967,11.3797321
4/6/25 15:43,432,66.7945447098005,1.935,0.0,15,6,4,23.059967,11.4285716999999
4/6/25 15:28,432,66.7945447098005,1.935,0.0,15,6,4,23.1225128,11.501832
4/6/25 15:13,432,66.7945447098005,1.935,0.0,15,6,4,23.1850433,11.6483526
4/6/25 14:58,432,66.7945447098005,1.935,0.0,14,6,4,23.2475891,11.7704525
4/6/25 14:43,432,66.7945447098005,1.935,0.0,14,6,4,23.3101349,11.8437128
4/6/25 14:28,432,66.7945447098005,1.935,0.0,14,6,4,23.3726654,11.8437128
4/6/25 14:13,432,66.7945447098005,1.935,0.0,14,6,4,23.3726654,11.7948723
4/6/25 13:58,432,66.7945447098005,1.935,0.0,13,6,4,23.4352112,11.6971922
4/6/25 13:43,432,66.7945447098005,1.935,0.0,13,6,4,23.497757,11.7948723
4/6/25 13:28,432,66.7945447098005,1.935,0.0,13,6,4,23.497757,11.7460327
4/6/25 13:13,432,66.7945447098005,1.935,0.0,13,6,4,23.497757,11.8437128
4/6/25 12:58,432,66.7945447098005,1.935,0.0,12,6,4,23.497757,11.9902325
4/6/25 12:43,432,66.7945447098005,1.935,0.0,12,6,4,23.497757,12.0634928
4/6/25 12:28,432,66.7945447098005,1.935,0.0,12,6,4,23.4352112,12.1123323
4/6/25 12:13,432,66.7945447098005,1.935,0.0,12,6,4,23.4031868,11.9169722
4/6/25 11:58,432,66.7945447098005,1.935,0.0,11,6,4,23.3726654,11.9902325
4/6/25 11:43,432,66.7945447098005,1.935,0.0,11,6,4,23.2475891,12.1855927
4/6/25 11:28,432,66.7945447098005,1.935,0.0,11,6,4,23.2475891,12.4542131
4/6/25 11:13,432,66.7945447098005,1.935,0.0,11,6,4,23.1850433,12.7472534
4/6/25 10:58,432,66.7945447098005,1.935,0.0,10,6,4,23.2475891,13.1868134
4/6/25 10:43,432,66.7945447098005,1.935,0.0,10,6,4,23.3101349,13.650794
4/6/25 10:28,432,66.7945447098005,1.935,0.0,10,6,4,23.4352112,14.2124548
4/6/25 10:13,432,66.7945447098005,1.935,0.0,10,6,4,23.6228333,14.7008553
4/6/25 9:58,432,66.7945447098005,1.935,0.0,9,6,4,23.7479095,14.7741156
4/6/25 9:43,432,66.7945447098005,1.935,0.0,9,6,4,23.7479095,14.725275
4/6/25 9:28,432,66.7945447098005,1.935,0.0,9,6,4,23.8729858,14.6520147
4/6/25 9:13,432,66.7945447098005,1.935,0.0,9,6,4,23.6853638,14.6520147
4/6/25 8:58,432,66.7945447098005,1.935,0.0,8,6,4,23.2475891,15.0915756
4/6/25 8:43,432,66.7945447098005,1.935,0.0,8,6,4,22.9348907,15.3601961
4/6/25 8:28,432,66.7945447098005,1.935,0.0,8,6,4,22.5596619,15.9706964
4/6/25 8:13,432,66.7945447098005,1.935,0.0,8,6,4,22.309494,16.0683765
4/6/25 7:58,432,66.7945447098005,1.935,0.0,7,6,4,22.0593414,16.1660557
4/6/25 7:43,432,66.7945447098005,1.935,0.0,7,6,4,21.8717194,16.3469982
4/6/25 7:28,432,66.7945447098005,1.935,0.0,7,6,4,21.6840973,16.4590969
4/6/25 7:13,432,66.7945447098005,1.935,0.0,7,6,4,21.4964905,16.6300373
4/6/25 6:58,432,66.7945447098005,1.935,0.0,6,6,4,21.3713989,16.7277164
4/6/25 6:43,432,66.7945447098005,1.935,0.0,6,6,4,21.1212463,16.9230766
4/6/25 6:28,432,66.7945447098005,1.935,0.0,6,6,4,20.9205055,17.0695972
4/6/25 6:13,432,66.7945447098005,1.935,0.0,6,6,4,20.3707581,17.6556778
4/6/25 5:58,432,66.7945447098005,1.935,0.0,5,6,4,20.4333038,17.8021984
4/6/25 5:43,432,66.7945447098005,1.935,0.0,5,6,4,20.99617,16.9963379
4/6/25 5:28,432,66.7945447098005,1.935,0.0,5,6,4,20.99617,16.9230766
4/6/25 5:13,432,66.7945447098005,1.935,0.0,5,6,4,20.99617,16.8498173
4/6/25 4:58,432,66.7945447098005,1.935,0.0,4,6,4,21.0587006,16.8253975
4/6/25 4:43,432,66.7945447098005,1.935,0.0,4,6,4,21.0587006,16.8009777
4/6/25 4:28,432,66.7945447098005,1.935,0.0,4,6,4,21.1212463,16.7277164
4/6/25 4:13,432,66.7945447098005,1.935,0.0,4,6,4,21.1532631,16.6788769
4/6/25 3:58,432,66.7945447098005,1.935,0.0,3,6,4,21.1837769,16.6300373
4/6/25 3:43,432,66.7945447098005,1.935,0.0,3,6,4,21.2463226,16.5079365
4/6/25 3:28,432,66.7945447098005,1.935,0.0,3,6,4,21.2463226,16.4590969
4/6/25 3:13,432,66.7945447098005,1.935,0.0,3,6,4,21.3088684,16.3858376
4/6/25 2:58,432,66.7945447098005,1.935,0.0,2,6,4,21.3713989,16.3125763
4/6/25 2:43,432,66.7945447098005,1.935,0.0,2,6,4,21.3713989,16.2756538
4/6/25 2:28,432,66.7945447098005,1.935,0.0,2,6,4,21.4339294,16.1660557
4/6/25 2:13,432,66.7945447098005,1.935,0.0,2,6,4,21.4964905,16.1416359
4/6/25 1:58,432,66.7945447098005,1.935,0.0,1,6,4,21.4964905,16.0927963
4/6/25 1:43,432,66.7945447098005,1.935,0.0,1,6,4,21.559021,15.9951162
4/6/25 1:28,432,66.7945447098005,1.935,0.0,1,6,4,21.6215515,15.8974361
4/6/25 1:13,432,66.7945447098005,1.935,0.0,1,6,4,21.7466431,15.7997561
4/6/25 0:58,432,66.7945447098005,1.935,0.0,0,6,4,21.7466431,15.702076
4/6/25 0:43,432,66.7945447098005,1.935,0.0,0,6,4,21.8091736,15.6043959
4/6/25 0:28,432,66.7945447098005,1.935,0.0,0,6,4,21.9342499,15.4774122
4/6/25 0:13,432,66.7945447098005,1.935,0.0,0,6,4,21.9967957,15.3846159
4/5/25 23:58,432,66.7945447098005,1.935,0.0,23,5,4,22.1218719,15.262516
4/5/25 23:43,432,66.7945447098005,1.935,0.0,23,5,4,22.1844177,15.1159954
4/5/25 23:28,432,66.7945447098005,1.935,0.0,23,5,4,22.309494,15.0183153
4/5/25 23:13,432,66.7945447098005,1.935,0.0,23,5,4,22.4345703,14.8473749
4/5/25 22:58,432,66.7945447098005,1.935,0.0,22,5,4,22.5596619,14.7496948
4/5/25 22:43,432,66.7945447098005,1.935,0.0,22,5,4,22.6847229,14.5787554
4/5/25 22:28,432,66.7945447098005,1.935,0.0,22,5,4,22.8098145,14.3833952
4/5/25 22:13,432,66.7945447098005,1.935,0.0,22,5,4,22.9348907,14.2368746
4/5/25 21:58,432,66.7945447098005,1.935,0.0,21,5,4,22.7472839,14.2124548
4/5/25 21:43,432,66.7945447098005,1.935,0.0,21,5,4,22.6847229,14.2368746
4/5/25 21:28,432,66.7945447098005,1.935,0.0,21,5,4,22.6221924,14.2124548
4/5/25 21:13,432,66.7945447098005,1.935,0.0,21,5,4,22.8098145,14.0659342
4/5/25 20:58,432,66.7945447098005,1.935,0.0,20,5,4,22.7472839,14.1147747
4/5/25 20:43,432,66.7945447098005,1.935,0.0,20,5,4,22.8098145,14.0659342
4/5/25 20:28,432,66.7945447098005,1.935,0.0,20,5,4,22.8098145,14.1147747
4/5/25 20:13,432,66.7945447098005,1.935,0.0,20,5,4,22.8098145,14.0659342
4/5/25 19:58,432,66.7945447098005,1.935,0.0,19,5,4,22.8098145,13.9926748
4/5/25 19:43,432,66.7945447098005,1.935,0.0,19,5,4,22.8098145,13.9438343
4/5/25 19:28,432,66.7945447098005,1.935,0.0,19,5,4,22.6847229,13.9926748
4/5/25 19:13,432,66.7945447098005,1.935,0.0,19,5,4,22.7472839,14.0903549
4/5/25 18:58,432,66.7945447098005,1.935,0.0,18,5,4,22.7472839,13.8217344
4/5/25 18:43,432,66.7945447098005,1.935,0.0,18,5,4,22.6847229,13.9194145
4/5/25 18:28,432,66.7945447098005,1.935,0.0,18,5,4,22.8098145,13.5775337
4/5/25 18:13,432,66.7945447098005,1.935,0.0,18,5,4,22.6221924,13.6263742
4/5/25 17:58,432,66.7945447098005,1.935,0.0,17,5,4,22.872345,13.3821735
4/5/25 17:43,432,66.7945447098005,1.935,0.0,17,5,4,22.7472839,13.1623936
4/5/25 17:28,432,66.7945447098005,1.935,0.0,17,5,4,22.6847229,13.1868134
4/5/25 17:13,432,66.7945447098005,1.935,0.0,17,5,4,23.1225128,12.9426136
4/5/25 16:58,432,66.7945447098005,1.935,0.0,16,5,4,23.3726654,12.8449335
4/5/25 16:43,432,66.7945447098005,1.935,0.0,16,5,4,23.4352112,12.6495733
4/5/25 16:28,432,66.7945447098005,1.935,0.0,16,5,4,22.7472839,12.8937731
4/5/25 16:13,432,66.7945447098005,1.935,0.0,16,5,4,22.9974365,12.7716732
4/5/25 15:58,432,66.7945447098005,1.935,0.0,15,5,4,22.6221924,12.9181938
4/5/25 15:43,432,66.7945447098005,1.935,0.0,15,5,4,22.4971161,12.9426136
4/5/25 15:28,432,66.7945447098005,1.935,0.0,15,5,4,22.6221924,12.9181938
4/5/25 15:13,432,66.7945447098005,1.935,0.0,15,5,4,23.1850433,12.4542131
4/5/25 14:58,432,66.7945447098005,1.935,0.0,14,5,4,23.1225128,12.5518932
4/5/25 14:43,432,66.7945447098005,1.935,0.0,14,5,4,23.1850433,12.6739931
4/5/25 14:28,432,66.7945447098005,1.935,0.0,14,5,4,23.1850433,12.576313
4/5/25 14:13,432,66.7945447098005,1.935,0.0,14,5,4,23.5602875,12.1611729
4/5/25 13:58,432,66.7945447098005,1.935,0.0,13,5,4,22.8098145,12.4153757
4/5/25 13:43,432,66.7945447098005,1.935,0.0,13,5,4,22.9348907,12.4053726
4/5/25 13:28,432,66.7945447098005,1.935,0.0,13,5,4,23.1225128,12.2100124
4/5/25 13:13,432,66.7945447098005,1.935,0.0,13,5,4,23.6228333,12.039073
4/5/25 12:58,432,66.7945447098005,1.935,0.0,12,5,4,23.8729858,11.9413929
4/5/25 12:43,432,66.7945447098005,1.935,0.0,12,5,4,23.8729858,12.0879126
4/5/25 12:28,432,66.7945447098005,1.935,0.0,12,5,4,23.8104553,12.1855927
4/5/25 12:13,432,66.7945447098005,1.935,0.0,12,5,4,23.7479095,12.4053726
4/5/25 11:58,432,66.7945447098005,1.935,0.0,11,5,4,23.6853638,12.5518932
4/5/25 11:43,432,66.7945447098005,1.935,0.0,11,5,4,23.6228333,12.7228336
4/5/25 11:28,432,66.7945447098005,1.935,0.0,11,5,4,23.5602875,12.6984129
4/5/25 11:13,432,66.7945447098005,1.935,0.0,11,5,4,23.5602875,12.7472534
4/5/25 10:58,432,66.7945447098005,1.935,0.0,10,5,4,23.6228333,12.9426136
4/5/25 10:43,432,66.7945447098005,1.935,0.0,10,5,4,23.6853638,13.2844934
4/5/25 10:28,432,66.7945447098005,1.935,0.0,10,5,4,23.7479095,13.5042744
4/5/25 10:13,432,66.7945447098005,1.935,0.0,10,5,4,23.8729858,13.650794
4/5/25 9:58,432,66.7945447098005,1.935,0.0,9,5,4,23.9355164,13.4554338
4/5/25 9:43,432,66.7945447098005,1.935,0.0,9,5,4,23.9980774,13.333334
4/5/25 9:28,432,66.7945447098005,1.935,0.0,9,5,4,23.3101349,13.6752138
4/5/25 9:13,432,66.7945447098005,1.935,0.0,9,5,4,22.872345,14.3345547
4/5/25 8:58,432,66.7945447098005,1.935,0.0,8,5,4,22.6221924,14.407815
4/5/25 8:43,432,66.7945447098005,1.935,0.0,8,5,4,22.3720398,14.5543346
4/5/25 8:28,432,66.7945447098005,1.935,0.0,8,5,4,22.1218719,14.6275949
4/5/25 8:13,432,66.7945447098005,1.935,0.0,8,5,4,21.9967957,14.725275
4/5/25 7:58,432,66.7945447098005,1.935,0.0,7,5,4,21.8717194,14.8229551
4/5/25 7:43,432,66.7945447098005,1.935,0.0,7,5,4,21.7466431,14.9206352
4/5/25 7:28,432,66.7945447098005,1.935,0.0,7,5,4,21.559021,15.0183153
4/5/25 7:13,432,66.7945447098005,1.935,0.0,7,5,4,21.3713989,15.1648359
4/5/25 6:58,432,66.7945447098005,1.935,0.0,6,5,4,21.1837769,15.262516
4/5/25 6:43,432,66.7945447098005,1.935,0.0,6,5,4,20.9336243,15.3846159
4/5/25 6:28,432,66.7945447098005,1.935,0.0,6,5,4,20.6834564,15.5311356
4/5/25 6:13,432,66.7945447098005,1.935,0.0,6,5,4,20.183136,16.1660557
4/5/25 5:58,432,66.7945447098005,1.935,0.0,5,5,4,20.245697,16.8009777
4/5/25 5:43,432,66.7945447098005,1.935,0.0,5,5,4,20.7460022,16.4835167
4/5/25 5:28,432,66.7945447098005,1.935,0.0,5,5,4,20.808548,16.4346771
4/5/25 5:13,432,66.7945447098005,1.935,0.0,5,5,4,20.808548,16.3614159
4/5/25 4:58,432,66.7945447098005,1.935,0.0,4,5,4,20.8710785,16.2881565
4/5/25 4:43,432,66.7945447098005,1.935,0.0,4,5,4,20.9336243,16.2148972
4/5/25 4:28,432,66.7945447098005,1.935,0.0,4,5,4,20.9336243,16.1416359
4/5/25 4:13,432,66.7945447098005,1.935,0.0,4,5,4,20.9336243,16.0927963
4/5/25 3:58,432,66.7945447098005,1.935,0.0,3,5,4,20.99617,16.0439568
4/5/25 3:43,432,66.7945447098005,1.935,0.0,3,5,4,20.99617,15.9951162
4/5/25 3:28,432,66.7945447098005,1.935,0.0,3,5,4,21.0587006,15.8730164
4/5/25 3:13,432,66.7945447098005,1.935,0.0,3,5,4,21.0587006,15.7753363
4/5/25 2:58,432,66.7945447098005,1.935,0.0,2,5,4,21.1212463,15.702076
4/5/25 2:43,432,66.7945447098005,1.935,0.0,2,5,4,21.1837769,15.5799761
4/5/25 2:28,432,66.7945447098005,1.935,0.0,2,5,4,21.2463226,15.5555563
4/5/25 2:13,432,66.7945447098005,1.935,0.0,2,5,4,21.3088684,15.4090357
4/5/25 1:58,432,66.7945447098005,1.935,0.0,1,5,4,21.3088684,15.3357754
4/5/25 1:43,432,66.7945447098005,1.935,0.0,1,5,4,21.3797913,15.2136755
4/5/25 1:28,432,66.7945447098005,1.935,0.0,1,5,4,21.4339294,15.1648359
4/5/25 1:13,432,66.7945447098005,1.935,0.0,1,5,4,21.4964905,15.0183153
4/5/25 0:58,432,66.7945447098005,1.935,0.0,0,5,4,21.559021,14.9206352
4/5/25 0:43,432,66.7945447098005,1.935,0.0,0,5,4,21.6215515,14.8229551
4/5/25 0:28,432,66.7945447098005,1.935,0.0,0,5,4,21.6840973,14.6764355
4/5/25 0:13,432,66.7945447098005,1.935,0.0,0,5,4,21.8091736,14.5299149
4/4/25 23:58,432,66.7945447098005,1.935,0.0,23,4,4,21.8717194,14.3833952
4/4/25 23:43,432,66.7945447098005,1.935,0.0,23,4,4,21.9967957,14.2124548
4/4/25 23:28,432,66.7945447098005,1.935,0.0,23,4,4,22.1218719,14.0415144
4/4/25 23:13,432,66.7945447098005,1.935,0.0,23,4,4,22.2469635,13.8217344
4/4/25 22:58,432,66.7945447098005,1.935,0.0,22,4,4,22.3720398,13.6263742
4/4/25 22:43,432,66.7945447098005,1.935,0.0,22,4,4,22.5596619,13.4065943
4/4/25 22:28,432,66.7945447098005,1.935,0.0,22,4,4,22.7472839,13.2112341
4/4/25 22:13,432,66.7945447098005,1.935,0.0,22,4,4,22.9348907,12.9914532
4/4/25 21:58,432,66.7945447098005,1.935,0.0,21,4,4,22.7472839,12.9426136
4/4/25 21:43,432,66.7945447098005,1.935,0.0,21,4,4,22.7577744,12.8449335
4/4/25 21:28,432,66.7945447098005,1.935,0.0,21,4,4,22.6847229,12.7472534
4/4/25 21:13,432,66.7945447098005,1.935,0.0,21,4,4,22.1844177,12.8937731
4/4/25 20:58,432,66.7945447098005,1.935,0.0,20,4,4,22.2469635,12.9181938
4/4/25 20:43,432,66.7945447098005,1.935,0.0,20,4,4,23.1225128,12.3809528
4/4/25 20:28,432,66.7945447098005,1.935,0.0,20,4,4,23.1850433,12.258853
4/4/25 20:13,432,66.7945447098005,1.935,0.0,20,4,4,23.2475891,12.1367531
4/4/25 19:58,432,66.7945447098005,1.935,0.0,19,4,4,23.4352112,12.1367531
4/4/25 19:43,432,66.7945447098005,1.935,0.0,19,4,4,23.3101349,12.1855927
4/4/25 19:28,432,66.7945447098005,1.935,0.0,19,4,4,22.9348907,12.576313
4/4/25 19:13,432,66.7945447098005,1.935,0.0,19,4,4,23.059967,12.9181938
4/4/25 18:58,432,66.7945447098005,1.935,0.0,18,4,4,23.1225128,12.4297934
4/4/25 18:43,432,66.7945447098005,1.935,0.0,18,4,4,23.1850433,12.576313
4/4/25 18:28,432,66.7945447098005,1.935,0.0,18,4,4,23.1225128,12.576313
4/4/25 18:13,432,66.7945447098005,1.935,0.0,18,4,4,23.059967,12.0634928
4/4/25 17:58,432,66.7945447098005,1.935,0.0,17,4,4,23.1850433,12.0146523
4/4/25 17:43,432,66.7945447098005,1.935,0.0,17,4,4,23.2475891,11.9902325
4/4/25 17:28,432,66.7945447098005,1.935,0.0,17,4,4,23.3101349,12.039073
4/4/25 17:13,432,66.7945447098005,1.935,0.0,17,4,4,23.3101349,12.0146523
4/4/25 16:58,432,66.7945447098005,1.935,0.0,16,4,4,23.3726654,12.039073
4/4/25 16:43,432,66.7945447098005,1.935,0.0,16,4,4,23.4352112,12.0634928
4/4/25 16:28,432,66.7945447098005,1.935,0.0,16,4,4,23.497757,12.3076925
4/4/25 16:13,432,66.7945447098005,1.935,0.0,16,4,4,23.5602875,12.5030527
4/4/25 15:58,432,66.7945447098005,1.935,0.0,15,4,4,23.5602875,12.6984129
4/4/25 15:43,432,66.7945447098005,1.935,0.0,15,4,4,23.5602875,12.6007328
4/4/25 15:28,432,66.7945447098005,1.935,0.0,15,4,4,23.6853638,12.5518932
4/4/25 15:13,432,66.7945447098005,1.935,0.0,15,4,4,23.6228333,12.6107359
4/4/25 14:58,432,66.7945447098005,1.935,0.0,14,4,4,23.5602875,12.6984129
4/4/25 14:43,432,66.7945447098005,1.935,0.0,14,4,4,23.5602875,12.7228336
4/4/25 14:28,432,66.7945447098005,1.935,0.0,14,4,4,23.5602875,12.8693533
4/4/25 14:13,432,66.7945447098005,1.935,0.0,14,4,4,23.497757,12.9670334
4/4/25 13:58,432,66.7945447098005,1.935,0.0,13,4,4,23.4352112,13.0158739
4/4/25 13:43,432,66.7945447098005,1.935,0.0,13,4,4,23.3726654,13.0402937
4/4/25 13:28,432,66.7945447098005,1.935,0.0,13,4,4,23.2475891,13.0158739
4/4/25 13:13,432,66.7945447098005,1.935,0.0,13,4,4,23.059967,13.1623936
4/4/25 12:58,432,66.7945447098005,1.935,0.0,12,4,4,22.9974365,13.1916971
4/4/25 12:43,432,66.7945447098005,1.935,0.0,12,4,4,23.1850433,13.3089142
4/4/25 12:28,432,66.7945447098005,1.935,0.0,12,4,4,23.4352112,13.4554338
4/4/25 12:13,432,66.7945447098005,1.935,0.0,12,4,4,23.7479095,13.6263742
4/4/25 11:58,432,66.7945447098005,1.935,0.0,11,4,4,23.7109833,14.2124548
4/4/25 11:43,432,66.7945447098005,1.935,0.0,11,4,4,23.6853638,14.6520147
4/4/25 11:28,432,66.7945447098005,1.935,0.0,11,4,4,23.6853638,15.0915756
4/4/25 11:13,432,66.7945447098005,1.935,0.0,11,4,4,23.6228333,15.4090357
4/4/25 10:58,432,66.7945447098005,1.935,0.0,10,4,4,23.7479095,15.5799761
4/4/25 10:43,432,66.7945447098005,1.935,0.0,10,4,4,23.7479095,15.8730164
4/4/25 10:28,432,66.7945447098005,1.935,0.0,10,4,4,23.8729858,15.9706964
4/4/25 10:13,432,66.7945447098005,1.935,0.0,10,4,4,23.9980774,15.9957027
4/4/25 9:58,432,66.7945447098005,1.935,0.0,9,4,4,23.4352112,16.5811977
4/4/25 9:43,432,66.7945447098005,1.935,0.0,9,4,4,22.9974365,17.1428566
4/4/25 9:28,432,66.7945447098005,1.935,0.0,9,4,4,22.7472839,17.4358978
4/4/25 9:13,432,66.7945447098005,1.935,0.0,9,4,4,22.4971161,17.3382168
4/4/25 8:58,432,66.7945447098005,1.935,0.0,8,4,4,22.3720398,17.4358978
4/4/25 8:43,432,66.7945447098005,1.935,0.0,8,4,4,22.2469635,17.5824184
4/4/25 8:28,432,66.7945447098005,1.935,0.0,8,4,4,22.1844177,17.7045174
4/4/25 8:13,432,66.7945447098005,1.935,0.0,8,4,4,22.0593414,17.9242973
4/4/25 7:58,432,66.7945447098005,1.935,0.0,7,4,4,21.9967957,18.1196575
4/4/25 7:43,432,66.7945447098005,1.935,0.0,7,4,4,21.8717194,18.2661781
4/4/25 7:28,432,66.7945447098005,1.935,0.0,7,4,4,21.7466431,18.4695396
4/4/25 7:13,432,66.7945447098005,1.935,0.0,7,4,4,21.559021,18.7545795
4/4/25 6:58,432,66.7945447098005,1.935,0.0,6,4,4,21.4339294,18.9499397
4/4/25 6:43,432,66.7945447098005,1.935,0.0,6,4,4,21.2463226,19.1941395
4/4/25 6:28,432,66.7945447098005,1.935,0.0,6,4,4,21.0587006,19.4871788
4/4/25 6:13,432,66.7945447098005,1.935,0.0,6,4,4,20.4958496,20.317461
4/4/25 5:58,432,66.7945447098005,1.935,0.0,5,4,4,20.5583801,21.7826633
4/4/25 5:43,432,66.7945447098005,1.935,0.0,5,4,4,21.1212463,21.4896221
4/4/25 5:28,432,66.7945447098005,1.935,0.0,5,4,4,21.1212463,21.5140419
4/4/25 5:13,432,66.7945447098005,1.935,0.0,5,4,4,21.1212463,21.477705
4/4/25 4:58,432,66.7945447098005,1.935,0.0,4,4,4,21.1837769,21.4652023
4/4/25 4:43,432,66.7945447098005,1.935,0.0,4,4,4,21.1837769,21.391943
4/4/25 4:28,432,66.7945447098005,1.935,0.0,4,4,4,21.1837769,21.3431034
4/4/25 4:13,432,66.7945447098005,1.935,0.0,4,4,4,21.1837769,21.2942619
4/4/25 3:58,432,66.7945447098005,1.935,0.0,3,4,4,21.2463226,21.2454224
4/4/25 3:43,432,66.7945447098005,1.935,0.0,3,4,4,21.2463226,21.2210007
4/4/25 3:28,432,66.7945447098005,1.935,0.0,3,4,4,21.2463226,21.1721611
4/4/25 3:13,432,66.7945447098005,1.935,0.0,3,4,4,21.3088684,21.1233215
4/4/25 2:58,432,66.7945447098005,1.935,0.0,2,4,4,21.3088684,21.0012226
4/4/25 2:43,432,66.7945447098005,1.935,0.0,2,4,4,21.3713989,20.9768009
4/4/25 2:28,432,66.7945447098005,1.935,0.0,2,4,4,21.4339294,20.9035416
4/4/25 2:13,432,66.7945447098005,1.935,0.0,2,4,4,21.4339294,20.8302803
4/4/25 1:58,432,66.7945447098005,1.935,0.0,1,4,4,21.4964905,20.8058624
4/4/25 1:43,432,66.7945447098005,1.935,0.0,1,4,4,21.4964905,20.7081814
4/4/25 1:28,432,66.7945447098005,1.935,0.0,1,4,4,21.559021,20.6105022
4/4/25 1:13,432,66.7945447098005,1.935,0.0,1,4,4,21.6215515,20.5616627
4/4/25 0:58,432,66.7945447098005,1.935,0.0,0,4,4,21.6840973,20.4639816
4/4/25 0:43,432,66.7945447098005,1.935,0.0,0,4,4,21.6840973,20.4151421
4/4/25 0:28,432,66.7945447098005,1.935,0.0,0,4,4,21.7466431,20.2197819
4/4/25 0:13,432,66.7945447098005,1.935,0.0,0,4,4,21.8091736,20.1621494
4/3/25 23:58,432,66.7945447098005,1.935,0.0,23,3,4,21.9342499,20.0488396
4/3/25 23:43,432,66.7945447098005,1.935,0.0,23,3,4,21.9967957,19.8943195
4/3/25 23:28,432,66.7945447098005,1.935,0.0,23,3,4,22.1218719,19.7558002
4/3/25 23:13,432,66.7945447098005,1.935,0.0,23,3,4,22.1844177,19.6092796
4/3/25 22:58,432,66.7945447098005,1.935,0.0,22,3,4,22.3720398,19.3894997
4/3/25 22:43,432,66.7945447098005,1.935,0.0,22,3,4,22.4971161,19.1697197
4/3/25 22:28,432,66.7945447098005,1.935,0.0,22,3,4,22.6847229,18.9255199
4/3/25 22:13,432,66.7945447098005,1.935,0.0,22,3,4,22.872345,18.6568985
4/3/25 21:58,432,66.7945447098005,1.935,0.0,21,3,4,22.8098145,18.6324787
4/3/25 21:43,432,66.7945447098005,1.935,0.0,21,3,4,22.7472839,18.7057381
4/3/25 21:28,432,66.7945447098005,1.935,0.0,21,3,4,22.7472839,18.7789993
4/3/25 21:13,432,66.7945447098005,1.935,0.0,21,3,4,22.6847229,18.9255199
4/3/25 20:58,432,66.7945447098005,1.935,0.0,20,3,4,22.6847229,19.0231991
4/3/25 20:43,432,66.7945447098005,1.935,0.0,20,3,4,22.9348907,18.9010983
4/3/25 20:28,432,66.7945447098005,1.935,0.0,20,3,4,22.9348907,18.9010983
4/3/25 20:13,432,66.7945447098005,1.935,0.0,20,3,4,22.9974365,18.9743595
4/3/25 19:58,432,66.7945447098005,1.935,0.0,19,3,4,23.059967,19.1452999
4/3/25 19:43,432,66.7945447098005,1.935,0.0,19,3,4,23.1225128,19.2918186
4/3/25 19:28,432,66.7945447098005,1.935,0.0,19,3,4,23.1850433,19.462759
4/3/25 19:13,432,66.7945447098005,1.935,0.0,19,3,4,23.2475891,19.6092796
4/3/25 18:58,432,66.7945447098005,1.935,0.0,18,3,4,23.2475891,19.682539
4/3/25 18:43,432,66.7945447098005,1.935,0.0,18,3,4,23.2996407,19.7069607
4/3/25 18:28,432,66.7945447098005,1.935,0.0,18,3,4,23.3101349,19.7069607
4/3/25 18:13,432,66.7945447098005,1.935,0.0,18,3,4,23.3726654,19.8046398
4/3/25 17:58,432,66.7945447098005,1.935,0.0,17,3,4,23.3726654,19.9267406
4/3/25 17:43,432,66.7945447098005,1.935,0.0,17,3,4,23.4352112,20
4/3/25 17:28,432,66.7945447098005,1.935,0.0,17,3,4,23.4352112,20
4/3/25 17:13,432,66.7945447098005,1.935,0.0,17,3,4,23.4352112,19.8778992
4/3/25 16:58,432,66.7945447098005,1.935,0.0,16,3,4,23.4352112,19.8290596
4/3/25 16:43,432,66.7945447098005,1.935,0.0,16,3,4,23.4352112,19.8290596
4/3/25 16:28,432,66.7945447098005,1.935,0.0,16,3,4,23.4352112,19.78022
4/3/25 16:13,432,66.7945447098005,1.935,0.0,16,3,4,23.3726654,19.7558002
4/3/25 15:58,432,66.7945447098005,1.935,0.0,15,3,4,23.3726654,19.6581192
4/3/25 15:43,432,66.7945447098005,1.935,0.0,15,3,4,23.059967,19.7558002
4/3/25 15:28,432,66.7945447098005,1.935,0.0,15,3,4,23.1850433,20.0244217
4/3/25 15:13,432,66.7945447098005,1.935,0.0,15,3,4,23.2475891,19.7313805
4/3/25 14:58,432,66.7945447098005,1.935,0.0,14,3,4,23.2475891,19.7069607
4/3/25 14:43,432,66.7945447098005,1.935,0.0,14,3,4,23.1850433,19.7069607
4/3/25 14:28,432,66.7945447098005,1.935,0.0,14,3,4,23.1850433,19.6581192
4/3/25 14:13,432,66.7945447098005,1.935,0.0,14,3,4,23.1850433,19.5604401
4/3/25 13:58,432,66.7945447098005,1.935,0.0,13,3,4,23.1850433,19.3894997
4/3/25 13:43,432,66.7945447098005,1.935,0.0,13,3,4,23.1850433,19.155302
4/3/25 13:28,432,66.7945447098005,1.935,0.0,13,3,4,23.3101349,18.6324787
4/3/25 13:13,432,66.7945447098005,1.935,0.0,13,3,4,23.497757,18.4126987
4/3/25 12:58,432,66.7945447098005,1.935,0.0,12,3,4,23.1850433,18.6813183
4/3/25 12:43,432,66.7945447098005,1.935,0.0,12,3,4,22.9348907,19.2757893
4/3/25 12:28,432,66.7945447098005,1.935,0.0,12,3,4,23.059967,19.462759
4/3/25 12:13,432,66.7945447098005,1.935,0.0,12,3,4,23.2475891,19.5360203
4/3/25 11:58,432,66.7945447098005,1.935,0.0,11,3,4,23.7479095,19.4139194
4/3/25 11:43,432,66.7945447098005,1.935,0.0,11,3,4,23.1850433,20.952383
4/3/25 11:28,432,66.7945447098005,1.935,0.0,11,3,4,23.497757,20.9279613
4/3/25 11:13,432,66.7945447098005,1.935,0.0,11,3,4,23.3726654,20.6837616
4/3/25 10:58,432,66.7945447098005,1.935,0.0,10,3,4,23.3101349,20.537241
4/3/25 10:43,432,66.7945447098005,1.935,0.0,10,3,4,23.2475891,20.537241
4/3/25 10:28,432,66.7945447098005,1.935,0.0,10,3,4,23.1850433,20.4884014
4/3/25 10:13,432,66.7945447098005,1.935,0.0,10,3,4,23.1225128,20.5128212
4/3/25 9:58,432,66.7945447098005,1.935,0.0,9,3,4,23.059967,20.6593418
4/3/25 9:43,432,66.7945447098005,1.935,0.0,9,3,4,23.059967,20.4884014
4/3/25 9:28,432,66.7945447098005,1.935,0.0,9,3,4,22.9974365,20.4884014
4/3/25 9:13,432,66.7945447098005,1.935,0.0,9,3,4,22.9974365,20.4884014
4/3/25 8:58,432,66.7945447098005,1.935,0.0,8,3,4,22.9348907,20.5128212
4/3/25 8:43,432,66.7945447098005,1.935,0.0,8,3,4,22.872345,20.5860806
4/3/25 8:28,432,66.7945447098005,1.935,0.0,8,3,4,22.7472839,20.7081814
4/3/25 8:13,432,66.7945447098005,1.935,0.0,8,3,4,22.6221924,20.8791218
4/3/25 7:58,432,66.7945447098005,1.935,0.0,7,3,4,22.4971161,21.0012226
4/3/25 7:43,432,66.7945447098005,1.935,0.0,7,3,4,22.3720398,21.0500622
4/3/25 7:28,432,66.7945447098005,1.935,0.0,7,3,4,22.2469635,21.1965828
4/3/25 7:13,432,66.7945447098005,1.935,0.0,7,3,4,22.0593414,21.3675213
4/3/25 6:58,432,66.7945447098005,1.935,0.0,6,3,4,21.8717194,21.5384636
4/3/25 6:43,432,66.7945447098005,1.935,0.0,6,3,4,21.6215515,21.7094021
4/3/25 6:28,432,66.7945447098005,1.935,0.0,6,3,4,21.4339294,21.9536018
4/3/25 6:13,432,66.7945447098005,1.935,0.0,6,3,4,20.9336243,22.7594643
4/3/25 5:58,432,66.7945447098005,1.935,0.0,5,3,4,20.9336243,23.223444
4/3/25 5:43,432,66.7945447098005,1.935,0.0,5,3,4,21.4339294,22.6129436
4/3/25 5:28,432,66.7945447098005,1.935,0.0,5,3,4,21.4339294,22.6129436
4/3/25 5:13,432,66.7945447098005,1.935,0.0,5,3,4,21.4964905,22.5308933
4/3/25 4:58,432,66.7945447098005,1.935,0.0,4,3,4,21.4964905,22.4908428
4/3/25 4:43,432,66.7945447098005,1.935,0.0,4,3,4,21.559021,22.466423
4/3/25 4:28,432,66.7945447098005,1.935,0.0,4,3,4,21.559021,22.3931618
4/3/25 4:13,432,66.7945447098005,1.935,0.0,4,3,4,21.6215515,22.3931618
4/3/25 3:58,432,66.7945447098005,1.935,0.0,3,3,4,21.6215515,22.3443222
4/3/25 3:43,432,66.7945447098005,1.935,0.0,3,3,4,21.6840973,22.3687439
4/3/25 3:28,432,66.7945447098005,1.935,0.0,3,3,4,21.6840973,22.2466431
4/3/25 3:13,432,66.7945447098005,1.935,0.0,3,3,4,21.7466431,22.148962
4/3/25 2:58,432,66.7945447098005,1.935,0.0,2,3,4,21.8091736,22.148962
4/3/25 2:43,432,66.7945447098005,1.935,0.0,2,3,4,21.8717194,22.0512829
4/3/25 2:28,432,66.7945447098005,1.935,0.0,2,3,4,21.9342499,21.9435997
4/3/25 2:13,432,66.7945447098005,1.935,0.0,2,3,4,22.0593414,21.8559227
4/3/25 1:58,432,66.7945447098005,1.935,0.0,1,3,4,22.1054802,21.8070812
4/3/25 1:43,432,66.7945447098005,1.935,0.0,1,3,4,22.1218719,21.7826633
4/3/25 1:28,432,66.7945447098005,1.935,0.0,1,3,4,22.1218719,21.7826633
4/3/25 1:13,432,66.7945447098005,1.935,0.0,1,3,4,22.1218719,21.7338238
4/3/25 0:58,432,66.7945447098005,1.935,0.0,0,3,4,22.1844177,21.7094021
4/3/25 0:43,432,66.7945447098005,1.935,0.0,0,3,4,22.1844177,21.8559227
4/3/25 0:28,432,66.7945447098005,1.935,0.0,0,3,4,22.309494,21.611721
4/3/25 0:13,432,66.7945447098005,1.935,0.0,0,3,4,22.3720398,21.4652023
4/2/25 23:58,432,66.7945447098005,1.935,0.0,23,2,4,22.4345703,21.3675213
4/2/25 23:43,432,66.7945447098005,1.935,0.0,23,2,4,22.4971161,21.3431034
4/2/25 23:28,432,66.7945447098005,1.935,0.0,23,2,4,22.5596619,21.2942619
4/2/25 23:13,432,66.7945447098005,1.935,0.0,23,2,4,22.6221924,21.1721611
4/2/25 22:58,432,66.7945447098005,1.935,0.0,22,2,4,22.6847229,21.1721611
4/2/25 22:43,432,66.7945447098005,1.935,0.0,22,2,4,22.8098145,21.0012226
4/2/25 22:28,432,66.7945447098005,1.935,0.0,22,2,4,22.872345,20.9035416
4/2/25 22:13,432,66.7945447098005,1.935,0.0,22,2,4,22.9974365,20.6349201
4/2/25 21:58,432,66.7945447098005,1.935,0.0,21,2,4,23.1850433,20.2930412
4/2/25 21:43,432,66.7945447098005,1.935,0.0,21,2,4,82.7842712,20.5860806
4/2/25 21:43,432,66.7945447098005,1.935,0.0,21,2,4,Time Change (+221361:43:28),Time Change (+221361:43:28)
4/2/25 21:43,432,66.7945447098005,1.935,0.0,21,2,4,Unknown,Unknown
4/2/25 21:06,432,66.7945447098005,1.935,0.0,21,2,4,22.309494,21.1233215
4/2/25 20:51,432,66.7945447098005,1.935,0.0,20,2,4,22.3720398,21.1477432
4/2/25 20:36,432,66.7945447098005,1.935,0.0,20,2,4,22.3720398,20.7081814
4/2/25 20:21,432,66.7945447098005,1.935,0.0,20,2,4,22.3925304,20.6349201
4/2/25 20:06,432,66.7945447098005,1.935,0.0,20,2,4,22.5596619,20.854702
4/2/25 19:51,432,66.7945447098005,1.935,0.0,19,2,4,22.4971161,21.4163609
4/2/25 19:36,432,66.7945447098005,1.935,0.0,19,2,4,22.6221924,20.537241
4/2/25 19:21,432,66.7945447098005,1.935,0.0,19,2,4,22.7472839,20.6837616
4/2/25 19:06,432,66.7945447098005,1.935,0.0,19,2,4,23.059967,21.3186817
4/2/25 18:51,432,66.7945447098005,1.935,0.0,18,2,4,22.8887424,20.6593418
4/2/25 18:36,432,66.7945447098005,1.935,0.0,18,2,4,22.3720398,20.6593418
4/2/25 18:21,432,66.7945447098005,1.935,0.0,18,2,4,22.9348907,21.3186817
4/2/25 18:06,432,66.7945447098005,1.935,0.0,18,2,4,23.059967,20.862896
4/2/25 17:51,432,66.7945447098005,1.935,0.0,17,2,4,22.6847229,20.7081814
4/2/25 17:36,432,66.7945447098005,1.935,0.0,17,2,4,22.6221924,20.9279613
4/2/25 17:21,432,66.7945447098005,1.935,0.0,17,2,4,22.9974365,20.6593418
4/2/25 17:06,432,66.7945447098005,1.935,0.0,17,2,4,22.6847229,20.8791218
4/2/25 16:51,432,66.7945447098005,1.935,0.0,16,2,4,22.6221924,20.8302803
4/2/25 16:36,432,66.7945447098005,1.935,0.0,16,2,4,23.059967,20.9279613
4/2/25 16:21,432,66.7945447098005,1.935,0.0,16,2,4,22.5596619,21.0256405
4/2/25 16:06,432,66.7945447098005,1.935,0.0,16,2,4,22.9348907,21.0256405
4/2/25 15:51,432,66.7945447098005,1.935,0.0,15,2,4,23.1850433,21.0989017
4/2/25 15:36,432,66.7945447098005,1.935,0.0,15,2,4,23.1850433,21.2698421
4/2/25 15:21,432,66.7945447098005,1.935,0.0,15,2,4,23.2475891,21.1233215
4/2/25 15:06,432,66.7945447098005,1.935,0.0,15,2,4,23.2475891,21.4407825
4/2/25 14:51,432,66.7945447098005,1.935,0.0,14,2,4,23.1225128,21.0500622
4/2/25 14:36,432,66.7945447098005,1.935,0.0,14,2,4,23.1850433,21.0500622
4/2/25 14:21,432,66.7945447098005,1.935,0.0,14,2,4,23.1850433,20.8467007
4/2/25 14:06,432,66.7945447098005,1.935,0.0,14,2,4,23.2475891,20.6349201
4/2/25 13:51,432,66.7945447098005,1.935,0.0,13,2,4,23.2475891,20.1465206
4/2/25 13:36,432,66.7945447098005,1.935,0.0,13,2,4,23.2475891,19.682539
4/2/25 13:21,432,66.7945447098005,1.935,0.0,13,2,4,23.1850433,19.3406601
4/2/25 13:06,432,66.7945447098005,1.935,0.0,13,2,4,23.1850433,18.5592194
4/2/25 12:51,432,66.7945447098005,1.935,0.0,12,2,4,23.2475891,18.5592194
4/2/25 12:36,432,66.7945447098005,1.935,0.0,12,2,4,23.1850433,18.466423
4/2/25 12:21,432,66.7945447098005,1.935,0.0,12,2,4,23.1850433,18.2905979
4/2/25 12:06,432,66.7945447098005,1.935,0.0,12,2,4,23.1850433,18.4227009
4/2/25 11:51,432,66.7945447098005,1.935,0.0,11,2,4,23.497757,18.2173386
4/2/25 11:36,432,66.7945447098005,1.935,0.0,11,2,4,23.2475891,18.2905979
4/2/25 11:21,432,66.7945447098005,1.935,0.0,11,2,4,23.3726654,18.0219784
4/2/25 11:06,432,66.7945447098005,1.935,0.0,11,2,4,23.3101349,18.4859581
4/2/25 10:51,432,66.7945447098005,1.935,0.0,10,2,4,23.3726654,17.631258
4/2/25 10:36,432,66.7945447098005,1.935,0.0,10,2,4,23.3101349,17.7045174
4/2/25 10:21,432,66.7945447098005,1.935,0.0,10,2,4,23.3101349,17.8754578
4/2/25 10:06,432,66.7945447098005,1.935,0.0,10,2,4,23.3101349,17.6556778
4/2/25 9:51,432,66.7945447098005,1.935,0.0,9,2,4,23.1225128,17.6193409
4/2/25 9:36,432,66.7945447098005,1.935,0.0,9,2,4,22.9348907,17.5824184
4/2/25 9:21,432,66.7945447098005,1.935,0.0,9,2,4,22.8098145,17.5904198
4/2/25 9:06,432,66.7945447098005,1.935,0.0,9,2,4,22.7472839,17.5824184
4/2/25 8:51,432,66.7945447098005,1.935,0.0,8,2,4,22.6221924,17.6556778
4/2/25 8:36,432,66.7945447098005,1.935,0.0,8,2,4,22.4345703,17.7045174
4/2/25 8:21,432,66.7945447098005,1.935,0.0,8,2,4,22.3720398,17.7533588
4/2/25 8:06,432,66.7945447098005,1.935,0.0,8,2,4,22.309494,17.8754578
4/2/25 7:51,432,66.7945447098005,1.935,0.0,7,2,4,22.1844177,18.0708179
4/2/25 7:36,432,66.7945447098005,1.935,0.0,7,2,4,22.1218719,18.4771671
4/2/25 7:21,432,66.7945447098005,1.935,0.0,7,2,4,21.9967957,18.2417583
4/2/25 7:06,432,66.7945447098005,1.935,0.0,7,2,4,21.8717194,17.2325363
4/2/25 6:51,432,66.7945447098005,1.935,0.0,6,2,4,21.6840973,17.1672783
4/2/25 6:36,432,66.7945447098005,1.935,0.0,6,2,4,21.4964905,17.1916981
4/2/25 6:21,432,66.7945447098005,1.935,0.0,6,2,4,21.1837769,17.1184368
4/2/25 6:06,432,66.7945447098005,1.935,0.0,6,2,4,20.808548,17.094017
4/2/25 5:51,432,66.7945447098005,1.935,0.0,5,2,4,21.2463226,17.0451775
4/2/25 5:36,432,66.7945447098005,1.935,0.0,5,2,4,21.3918896,16.9963379
4/2/25 5:21,432,66.7945447098005,1.935,0.0,5,2,4,21.4339294,16.9474964
4/2/25 5:06,432,66.7945447098005,1.935,0.0,5,2,4,21.4339294,16.9230766
4/2/25 4:51,432,66.7945447098005,1.935,0.0,4,2,4,21.4964905,16.8906555
4/2/25 4:36,432,66.7945447098005,1.935,0.0,4,2,4,21.4964905,16.8498173
4/2/25 4:21,432,66.7945447098005,1.935,0.0,4,2,4,21.4964905,16.8091717
4/2/25 4:06,432,66.7945447098005,1.935,0.0,4,2,4,21.559021,16.7277164
4/2/25 3:51,432,66.7945447098005,1.935,0.0,3,2,4,21.559021,16.7277164
4/2/25 3:36,432,66.7945447098005,1.935,0.0,3,2,4,21.5959377,16.6300373
4/2/25 3:21,432,66.7945447098005,1.935,0.0,3,2,4,21.6215515,16.6300373
4/2/25 3:06,432,66.7945447098005,1.935,0.0,3,2,4,21.6215515,16.556776
4/2/25 2:51,432,66.7945447098005,1.935,0.0,2,2,4,21.6840973,16.5079365
4/2/25 2:36,432,66.7945447098005,1.935,0.0,2,2,4,21.7466431,16.4465942
4/2/25 2:21,432,66.7945447098005,1.935,0.0,2,2,4,21.7466431,16.4102573
4/2/25 2:06,432,66.7945447098005,1.935,0.0,2,2,4,21.8091736,16.3614159
4/2/25 1:51,432,66.7945447098005,1.935,0.0,1,2,4,21.8717194,16.2637367
4/2/25 1:36,432,66.7945447098005,1.935,0.0,1,2,4,21.9342499,16.1904774
4/2/25 1:21,432,66.7945447098005,1.935,0.0,1,2,4,21.9342499,16.1172161
4/2/25 1:06,432,66.7945447098005,1.935,0.0,1,2,4,22.0593414,16.0683765
4/2/25 0:51,432,66.7945447098005,1.935,0.0,0,2,4,22.1218719,15.9706964
4/2/25 0:36,432,66.7945447098005,1.935,0.0,0,2,4,22.1844177,15.8974361
4/2/25 0:21,432,66.7945447098005,1.935,0.0,0,2,4,22.2469635,15.8974361
4/2/25 0:06,432,66.7945447098005,1.935,0.0,0,2,4,22.309494,15.8241758
4/1/25 23:51,432,66.7945447098005,1.935,0.0,23,1,4,22.4345703,15.7509165
4/1/25 23:36,432,66.7945447098005,1.935,0.0,23,1,4,22.4971161,15.6288157
4/1/25 23:21,432,66.7945447098005,1.935,0.0,23,1,4,22.5596619,15.5067158
4/1/25 23:06,432,66.7945447098005,1.935,0.0,23,1,4,22.6221924,15.3601961
4/1/25 22:51,432,66.7945447098005,1.935,0.0,22,1,4,22.6221924,15.3113556
4/1/25 22:36,432,66.7945447098005,1.935,0.0,22,1,4,22.6847229,15.2380953
4/1/25 22:21,432,66.7945447098005,1.935,0.0,22,1,4,22.7472839,15.1892557
4/1/25 22:06,432,66.7945447098005,1.935,0.0,22,1,4,22.872345,15.1159954
4/1/25 21:51,432,66.7945447098005,1.935,0.0,21,1,4,22.8618546,15.0915756
4/1/25 21:36,432,66.7945447098005,1.935,0.0,21,1,4,22.872345,15.0271063
4/1/25 21:21,432,66.7945447098005,1.935,0.0,21,1,4,22.9348907,14.9694757
4/1/25 21:06,432,66.7945447098005,1.935,0.0,21,1,4,22.9974365,14.8962154
4/1/25 20:51,432,66.7945447098005,1.935,0.0,20,1,4,22.9974365,14.7985353
4/1/25 20:36,432,66.7945447098005,1.935,0.0,20,1,4,22.9974365,14.7741156
4/1/25 20:21,432,66.7945447098005,1.935,0.0,20,1,4,23.059967,14.6520147
4/1/25 20:06,432,66.7945447098005,1.935,0.0,20,1,4,23.1225128,14.7008553
4/1/25 19:51,432,66.7945447098005,1.935,0.0,19,1,4,23.1225128,14.8717957
4/1/25 19:36,432,66.7945447098005,1.935,0.0,19,1,4,23.1225128,14.4566545
4/1/25 19:21,432,66.7945447098005,1.935,0.0,19,1,4,23.1225128,14.2368746
4/1/25 19:06,432,66.7945447098005,1.935,0.0,19,1,4,23.059967,14.5054951
4/1/25 18:51,432,66.7945447098005,1.935,0.0,18,1,4,22.9974365,14.2857151
4/1/25 18:36,432,66.7945447098005,1.935,0.0,18,1,4,22.7472839,14.0659342
4/1/25 18:21,432,66.7945447098005,1.935,0.0,18,1,4,22.9974365,13.7484741
4/1/25 18:06,432,66.7945447098005,1.935,0.0,18,1,4,23.1850433,13.2844934
4/1/25 17:51,432,66.7945447098005,1.935,0.0,17,1,4,22.9348907,12.7228336
4/1/25 17:36,432,66.7945447098005,1.935,0.0,17,1,4,22.9348907,12.4053726
4/1/25 17:21,432,66.7945447098005,1.935,0.0,17,1,4,22.9974365,11.8681326
4/1/25 17:06,432,66.7945447098005,1.935,0.0,17,1,4,23.059967,11.7460327
4/1/25 16:51,432,66.7945447098005,1.935,0.0,16,1,4,23.1225128,11.7460327
4/1/25 16:36,432,66.7945447098005,1.935,0.0,16,1,4,23.2475891,11.3064718
4/1/25 16:21,432,66.7945447098005,1.935,0.0,16,1,4,23.3101349,11.0378513
4/1/25 16:06,432,66.7945447098005,1.935,0.0,16,1,4,23.5602875,11.2087917
4/1/25 15:51,432,66.7945447098005,1.935,0.0,15,1,4,23.4352112,10.8913317
4/1/25 15:36,432,66.7945447098005,1.935,0.0,15,1,4,22.8098145,10.6227112
4/1/25 15:21,432,66.7945447098005,1.935,0.0,15,1,4,23.4352112,10.964592
4/1/25 15:06,432,66.7945447098005,1.935,0.0,15,1,4,23.6228333,10.9401712
4/1/25 14:51,432,66.7945447098005,1.935,0.0,14,1,4,22.872345,10.6959715
4/1/25 14:36,432,66.7945447098005,1.935,0.0,14,1,4,23.1225128,10.5250311
4/1/25 14:21,432,66.7945447098005,1.935,0.0,14,1,4,23.8104553,10.5006113
4/1/25 14:06,432,66.7945447098005,1.935,0.0,14,1,4,22.9348907,10.6227112
4/1/25 13:51,432,66.7945447098005,1.935,0.0,13,1,4,22.4807186,10.5006113
4/1/25 13:36,432,66.7945447098005,1.935,0.0,13,1,4,22.4345703,10.2564106
4/1/25 13:21,432,66.7945447098005,1.935,0.0,13,1,4,23.1850433,10.0854712
4/1/25 13:06,432,66.7945447098005,1.935,0.0,13,1,4,23.2475891,10.1831512
4/1/25 12:51,432,66.7945447098005,1.935,0.0,12,1,4,23.3101349,10.3785114
4/1/25 12:36,432,66.7945447098005,1.935,0.0,12,1,4,23.3101349,10.8424911
4/1/25 12:21,432,66.7945447098005,1.935,0.0,12,1,4,23.3101349,11.0134315
4/1/25 12:06,432,66.7945447098005,1.935,0.0,12,1,4,23.3101349,10.647131
4/1/25 11:51,432,66.7945447098005,1.935,0.0,11,1,4,23.3726654,10.6227112
4/1/25 11:36,432,66.7945447098005,1.935,0.0,11,1,4,23.497757,10.5363626
4/1/25 11:21,432,66.7945447098005,1.935,0.0,11,1,4,23.8729858,10.4761915
4/1/25 11:06,432,66.7945447098005,1.935,0.0,11,1,4,23.1225128,10.4761915
4/1/25 10:51,432,66.7945447098005,1.935,0.0,10,1,4,23.4352112,10.4761915
4/1/25 10:36,432,66.7945447098005,1.935,0.0,10,1,4,23.4352112,10.5006113
4/1/25 10:21,432,66.7945447098005,1.935,0.0,10,1,4,23.3726654,10.5250311
4/1/25 10:06,432,66.7945447098005,1.935,0.0,10,1,4,23.3101349,10.5006113
4/1/25 9:51,432,66.7945447098005,1.935,0.0,9,1,4,23.3101349,10.5006113
4/1/25 9:36,432,66.7945447098005,1.935,0.0,9,1,4,23.2475891,10.5250311
4/1/25 9:21,432,66.7945447098005,1.935,0.0,9,1,4,23.1850433,10.5982914
4/1/25 9:06,432,66.7945447098005,1.935,0.0,9,1,4,22.9974365,10.6959715
4/1/25 8:51,432,66.7945447098005,1.935,0.0,8,1,4,22.872345,10.6959715
4/1/25 8:36,432,66.7945447098005,1.935,0.0,8,1,4,22.7367897,10.7936516
4/1/25 8:21,432,66.7945447098005,1.935,0.0,8,1,4,22.5391655,10.8669119
4/1/25 8:06,432,66.7945447098005,1.935,0.0,8,1,4,22.4345703,10.9890118
4/1/25 7:51,432,66.7945447098005,1.935,0.0,7,1,4,22.309494,11.0378513
4/1/25 7:36,432,66.7945447098005,1.935,0.0,7,1,4,22.1844177,11.501832
4/1/25 7:21,432,66.7945447098005,1.935,0.0,7,1,4,22.0593414,11.9413929
4/1/25 7:06,432,66.7945447098005,1.935,0.0,7,1,4,21.8175697,11.9413929
4/1/25 6:51,432,66.7945447098005,1.935,0.0,6,1,4,21.6215515,11.7948723
4/1/25 6:36,432,66.7945447098005,1.935,0.0,6,1,4,21.4339294,11.721612
4/1/25 6:21,432,66.7945447098005,1.935,0.0,6,1,4,21.0587006,11.6727724
4/1/25 6:06,432,66.7945447098005,1.935,0.0,6,1,4,20.6209259,11.5995121
4/1/25 5:51,432,66.7945447098005,1.935,0.0,5,1,4,20.7460022,11.501832
4/1/25 5:36,432,66.7945447098005,1.935,0.0,5,1,4,21.2463226,11.4774122
4/1/25 5:21,432,66.7945447098005,1.935,0.0,5,1,4,21.3713989,11.3553123
4/1/25 5:06,432,66.7945447098005,1.935,0.0,5,1,4,21.4339294,11.3553123
4/1/25 4:51,432,66.7945447098005,1.935,0.0,4,1,4,21.4964905,11.2332115
4/1/25 4:36,432,66.7945447098005,1.935,0.0,4,1,4,21.4964905,11.1355314
4/1/25 4:21,432,66.7945447098005,1.935,0.0,4,1,4,21.4964905,11.0378513
4/1/25 4:06,432,66.7945447098005,1.935,0.0,4,1,4,21.559021,10.9890118
4/1/25 3:51,432,66.7945447098005,1.935,0.0,3,1,4,21.6215515,10.9401712
4/1/25 3:36,432,66.7945447098005,1.935,0.0,3,1,4,21.6215515,10.8424911
4/1/25 3:21,432,66.7945447098005,1.935,0.0,3,1,4,21.6840973,10.7203913
4/1/25 3:06,432,66.7945447098005,1.935,0.0,3,1,4,21.6924934,10.6227112
4/1/25 2:51,432,66.7945447098005,1.935,0.0,2,1,4,21.7466431,10.6227112
4/1/25 2:36,432,66.7945447098005,1.935,0.0,2,1,4,21.7466431,10.4761915
4/1/25 2:21,432,66.7945447098005,1.935,0.0,2,1,4,21.8091736,10.3296709
4/1/25 2:06,432,66.7945447098005,1.935,0.0,2,1,4,21.8717194,10.2319908
4/1/25 1:51,432,66.7945447098005,1.935,0.0,1,1,4,21.9342499,10.1343107
4/1/25 1:36,432,66.7945447098005,1.935,0.0,1,1,4,21.9967957,9.97137165
4/1/25 1:21,432,66.7945447098005,1.935,0.0,1,1,4,21.9967957,9.86569023
4/1/25 1:06,432,66.7945447098005,1.935,0.0,1,1,4,22.0593414,9.71916962
4/1/25 0:51,432,66.7945447098005,1.935,0.0,0,1,4,22.1218719,9.59706974
4/1/25 0:36,432,66.7945447098005,1.935,0.0,0,1,4,22.2469635,9.40170956
4/1/25 0:21,432,66.7945447098005,1.935,0.0,0,1,4,22.309494,9.25518894
4/1/25 0:06,432,66.7945447098005,1.935,0.0,0,1,4,22.3720398,9.03540897
3/31/25 23:51,432,66.7945447098005,1.935,0.0,23,31,3,22.4345703,8.86446857
3/31/25 23:36,432,66.7945447098005,1.935,0.0,23,31,3,22.5596619,8.76678848
3/31/25 23:21,432,66.7945447098005,1.935,0.0,23,31,3,22.6221924,8.88888931
3/31/25 23:06,432,66.7945447098005,1.935,0.0,23,31,3,22.7472839,8.96214867
3/31/25 22:51,432,66.7945447098005,1.935,0.0,22,31,3,22.872345,8.88888931
3/31/25 22:36,432,66.7945447098005,1.935,0.0,22,31,3,22.9974365,8.96214867
3/31/25 22:21,432,66.7945447098005,1.935,0.0,22,31,3,23.059967,8.86446857
3/31/25 22:06,432,66.7945447098005,1.935,0.0,22,31,3,23.059967,8.93772888
3/31/25 21:51,432,66.7945447098005,1.935,0.0,21,31,3,22.6221924,8.81562901
3/31/25 21:36,432,66.7945447098005,1.935,0.0,21,31,3,22.5596619,8.86446857
3/31/25 21:21,432,66.7945447098005,1.935,0.0,21,31,3,22.5596619,8.71794891
3/31/25 21:06,432,66.7945447098005,1.935,0.0,21,31,3,22.5465431,8.67399216
3/31/25 20:51,432,66.7945447098005,1.935,0.0,20,31,3,22.5596619,8.71794891
3/31/25 20:36,432,66.7945447098005,1.935,0.0,20,31,3,22.9348907,8.5714283
3/31/25 20:21,432,66.7945447098005,1.935,0.0,20,31,3,22.9974365,8.54700851
3/31/25 20:06,432,66.7945447098005,1.935,0.0,20,31,3,23.1225128,8.52258873
3/31/25 19:51,432,66.7945447098005,1.935,0.0,19,31,3,23.1850433,8.42490864
3/31/25 19:36,432,66.7945447098005,1.935,0.0,19,31,3,23.2475891,8.37606812
3/31/25 19:21,432,66.7945447098005,1.935,0.0,19,31,3,23.3726654,8.27838802
3/31/25 19:06,432,66.7945447098005,1.935,0.0,19,31,3,23.4352112,8.10744858
3/31/25 18:51,432,66.7945447098005,1.935,0.0,18,31,3,23.497757,8.10744858
3/31/25 18:36,432,66.7945447098005,1.935,0.0,18,31,3,23.6228333,8.20512867
3/31/25 18:21,432,66.7945447098005,1.935,0.0,18,31,3,23.6853638,8.26588535
3/31/25 18:06,432,66.7945447098005,1.935,0.0,18,31,3,23.8104553,8.40048885
3/31/25 17:51,432,66.7945447098005,1.935,0.0,17,31,3,23.7479095,8.47374821
3/31/25 17:36,432,66.7945447098005,1.935,0.0,17,31,3,23.8729858,8.5714283
3/31/25 17:21,432,66.7945447098005,1.935,0.0,17,31,3,23.9355164,9.1199789
3/31/25 17:06,432,66.7945447098005,1.935,0.0,17,31,3,23.9355164,8.40048885
3/31/25 16:51,432,66.7945447098005,1.935,0.0,16,31,3,23.9980774,8.40048885
3/31/25 16:36,432,66.7945447098005,1.935,0.0,16,31,3,24.0606079,8.30280876
3/31/25 16:21,432,66.7945447098005,1.935,0.0,16,31,3,24.1231384,8.30280876
3/31/25 16:06,432,66.7945447098005,1.935,0.0,16,31,3,24.1856842,8.25396824
3/31/25 15:51,432,66.7945447098005,1.935,0.0,15,31,3,24.1856842,8.42490864
3/31/25 15:36,432,66.7945447098005,1.935,0.0,15,31,3,24.1856842,8.88888931
3/31/25 15:21,432,66.7945447098005,1.935,0.0,15,31,3,24.24823,8.86446857
3/31/25 15:06,432,66.7945447098005,1.935,0.0,15,31,3,24.24823,8.59584904
3/31/25 14:51,432,66.7945447098005,1.935,0.0,14,31,3,24.3107605,8.44932842
3/31/25 14:36,432,66.7945447098005,1.935,0.0,14,31,3,24.3733063,8.40048885
3/31/25 14:21,432,66.7945447098005,1.935,0.0,14,31,3,24.4358368,8.54700851
3/31/25 14:06,432,66.7945447098005,1.935,0.0,14,31,3,24.4358368,8.42490864
3/31/25 13:51,432,66.7945447098005,1.935,0.0,13,31,3,24.4358368,8.25396824
3/31/25 13:36,432,66.7945447098005,1.935,0.0,13,31,3,24.4358368,8.32722855
3/31/25 13:21,432,66.7945447098005,1.935,0.0,13,31,3,24.4227238,8.43932629
3/31/25 13:06,432,66.7945447098005,1.935,0.0,13,31,3,24.3733063,8.62026882
3/31/25 12:51,432,66.7945447098005,1.935,0.0,12,31,3,24.3733063,8.81562901
3/31/25 12:36,432,66.7945447098005,1.935,0.0,12,31,3,24.24823,8.96214867
3/31/25 12:21,432,66.7945447098005,1.935,0.0,12,31,3,24.1856842,9.23076916
3/31/25 12:06,432,66.7945447098005,1.935,0.0,12,31,3,24.1856842,9.62148952
3/31/25 11:51,432,66.7945447098005,1.935,0.0,11,31,3,24.1231384,9.98779011
3/31/25 11:36,432,66.7945447098005,1.935,0.0,11,31,3,23.9980774,10.3540907
3/31/25 11:21,432,66.7945447098005,1.935,0.0,11,31,3,23.9355164,10.6715517
3/31/25 11:06,432,66.7945447098005,1.935,0.0,11,31,3,23.8729858,10.9157515
3/31/25 10:51,432,66.7945447098005,1.935,0.0,10,31,3,23.8104553,10.8669119
3/31/25 10:36,432,66.7945447098005,1.935,0.0,10,31,3,23.8104553,11.1599522
3/31/25 10:21,432,66.7945447098005,1.935,0.0,10,31,3,23.8729858,11.3553123
3/31/25 10:06,432,66.7945447098005,1.935,0.0,10,31,3,23.8729858,12.0146523
3/31/25 9:51,432,66.7945447098005,1.935,0.0,9,31,3,23.9355164,12.0634928
3/31/25 9:36,432,66.7945447098005,1.935,0.0,9,31,3,24.1231384,12.0879126
3/31/25 9:21,432,66.7945447098005,1.935,0.0,9,31,3,24.0606079,12.258853
3/31/25 9:06,432,66.7945447098005,1.935,0.0,9,31,3,23.4352112,12.4297934
3/31/25 8:51,432,66.7945447098005,1.935,0.0,8,31,3,22.9974365,12.5518932
3/31/25 8:36,432,66.7945447098005,1.935,0.0,8,31,3,22.6847229,12.6984129
3/31/25 8:21,432,66.7945447098005,1.935,0.0,8,31,3,22.309494,12.8937731
3/31/25 8:06,432,66.7945447098005,1.935,0.0,8,31,3,22.0593414,13.0402937
3/31/25 7:51,432,66.7945447098005,1.935,0.0,7,31,3,21.8717194,13.1623936
3/31/25 7:36,432,66.7945447098005,1.935,0.0,7,31,3,21.6840973,13.8461542
3/31/25 7:21,432,66.7945447098005,1.935,0.0,7,31,3,21.4800911,15.0183153
3/31/25 7:06,432,66.7945447098005,1.935,0.0,7,31,3,21.3088684,14.9206352
3/31/25 6:51,432,66.7945447098005,1.935,0.0,6,31,3,21.0587006,14.8473749
3/31/25 6:36,432,66.7945447098005,1.935,0.0,6,31,3,20.808548,14.7496948
3/31/25 6:21,432,66.7945447098005,1.935,0.0,6,31,3,20.4333038,14.7008553
3/31/25 6:06,432,66.7945447098005,1.935,0.0,6,31,3,19.9955292,14.6520147
3/31/25 5:51,432,66.7945447098005,1.935,0.0,5,31,3,20.4958496,14.6031752
3/31/25 5:36,432,66.7945447098005,1.935,0.0,5,31,3,20.7460022,14.5543346
3/31/25 5:21,432,66.7945447098005,1.935,0.0,5,31,3,20.7460022,14.5299149
3/31/25 5:06,432,66.7945447098005,1.935,0.0,5,31,3,20.808548,14.4322348
3/31/25 4:51,432,66.7945447098005,1.935,0.0,4,31,3,20.808548,14.407815
3/31/25 4:36,432,66.7945447098005,1.935,0.0,4,31,3,20.8710785,14.3345547
3/31/25 4:21,432,66.7945447098005,1.935,0.0,4,31,3,20.9336243,14.2612944
3/31/25 4:06,432,66.7945447098005,1.935,0.0,4,31,3,20.9336243,14.2124548
3/31/25 3:51,432,66.7945447098005,1.935,0.0,3,31,3,20.99617,14.1245422
3/31/25 3:36,432,66.7945447098005,1.935,0.0,3,31,3,20.99617,14.0415144
3/31/25 3:21,432,66.7945447098005,1.935,0.0,3,31,3,21.0587006,13.9438343
3/31/25 3:06,432,66.7945447098005,1.935,0.0,3,31,3,21.0587006,13.8949947
3/31/25 2:51,432,66.7945447098005,1.935,0.0,2,31,3,21.1212463,13.8217344
3/31/25 2:36,432,66.7945447098005,1.935,0.0,2,31,3,21.1837769,13.7484741
3/31/25 2:21,432,66.7945447098005,1.935,0.0,2,31,3,21.2463226,13.650794
3/31/25 2:06,432,66.7945447098005,1.935,0.0,2,31,3,21.3088684,13.5286942
3/31/25 1:51,432,66.7945447098005,1.935,0.0,1,31,3,21.3713989,13.4554338
3/31/25 1:36,432,66.7945447098005,1.935,0.0,1,31,3,21.4134388,13.3382177
3/31/25 1:21,432,66.7945447098005,1.935,0.0,1,31,3,21.4964905,13.2356539
3/31/25 1:06,432,66.7945447098005,1.935,0.0,1,31,3,21.559021,13.0891333
3/31/25 0:51,432,66.7945447098005,1.935,0.0,0,31,3,21.6215515,12.9426136
3/31/25 0:36,432,66.7945447098005,1.935,0.0,0,31,3,21.6840973,12.8449335
3/31/25 0:21,432,66.7945447098005,1.935,0.0,0,31,3,21.7466431,12.6251535
3/31/25 0:06,432,66.7945447098005,1.935,0.0,0,31,3,21.8091736,12.4786329
3/30/25 23:51,432,66.7945447098005,1.935,0.0,23,30,3,21.9342499,12.2832727
3/30/25 23:36,432,66.7945447098005,1.935,0.0,23,30,3,22.0593414,12.039073
3/30/25 23:21,432,66.7945447098005,1.935,0.0,23,30,3,22.1218719,12.4786329
3/30/25 23:06,432,66.7945447098005,1.935,0.0,23,30,3,22.2469635,12.4542131
3/30/25 22:51,432,66.7945447098005,1.935,0.0,22,30,3,22.4345703,12.2469358
3/30/25 22:36,432,66.7945447098005,1.935,0.0,22,30,3,22.5596619,12.2100124
3/30/25 22:21,432,66.7945447098005,1.935,0.0,22,30,3,22.7472839,12.1855927
3/30/25 22:06,432,66.7945447098005,1.935,0.0,22,30,3,22.8098145,12.1123323
3/30/25 21:51,432,66.7945447098005,1.935,0.0,21,30,3,22.4345703,12.0879126
3/30/25 21:36,432,66.7945447098005,1.935,0.0,21,30,3,22.9974365,11.7704525
3/30/25 21:21,432,66.7945447098005,1.935,0.0,21,30,3,22.9348907,11.6483526
3/30/25 21:06,432,66.7945447098005,1.935,0.0,21,30,3,22.9348907,11.6727724
3/30/25 20:51,432,66.7945447098005,1.935,0.0,20,30,3,22.9348907,11.7460327
3/30/25 20:36,432,66.7945447098005,1.935,0.0,20,30,3,22.9348907,11.7460327
3/30/25 20:21,432,66.7945447098005,1.935,0.0,20,30,3,22.9348907,11.7948723
3/30/25 20:06,432,66.7945447098005,1.935,0.0,20,30,3,22.9974365,11.7948723
3/30/25 19:51,432,66.7945447098005,1.935,0.0,19,30,3,23.1225128,11.9413929
3/30/25 19:36,432,66.7945447098005,1.935,0.0,19,30,3,23.1225128,11.7460327
3/30/25 19:21,432,66.7945447098005,1.935,0.0,19,30,3,23.2475891,11.6239319
3/30/25 19:06,432,66.7945447098005,1.935,0.0,19,30,3,23.5602875,11.3308916
3/30/25 18:51,432,66.7945447098005,1.935,0.0,18,30,3,23.3101349,11.1599522
3/30/25 18:36,432,66.7945447098005,1.935,0.0,18,30,3,22.9348907,11.0134315
3/30/25 18:21,432,66.7945447098005,1.935,0.0,18,30,3,22.9974365,10.964592
3/30/25 18:06,432,66.7945447098005,1.935,0.0,18,30,3,23.1850433,10.9401712
3/30/25 17:51,432,66.7945447098005,1.935,0.0,17,30,3,23.1850433,10.8913317
3/30/25 17:36,432,66.7945447098005,1.935,0.0,17,30,3,23.2475891,10.7936516
3/30/25 17:21,432,66.7945447098005,1.935,0.0,17,30,3,23.3101349,10.6959715
3/30/25 17:06,432,66.7945447098005,1.935,0.0,17,30,3,23.3726654,10.647131
3/30/25 16:51,432,66.7945447098005,1.935,0.0,16,30,3,23.3726654,10.5982914
3/30/25 16:36,432,66.7945447098005,1.935,0.0,16,30,3,23.4352112,10.5738716
3/30/25 16:21,432,66.7945447098005,1.935,0.0,16,30,3,23.497757,10.6227112
3/30/25 16:06,432,66.7945447098005,1.935,0.0,16,30,3,23.497757,10.647131
3/30/25 15:51,432,66.7945447098005,1.935,0.0,15,30,3,23.5602875,10.7448111
3/30/25 15:36,432,66.7945447098005,1.935,0.0,15,30,3,23.5707817,10.9157515
3/30/25 15:21,432,66.7945447098005,1.935,0.0,15,30,3,23.6228333,10.9890118
3/30/25 15:06,432,66.7945447098005,1.935,0.0,15,30,3,23.6228333,10.964592
3/30/25 14:51,432,66.7945447098005,1.935,0.0,14,30,3,23.6228333,10.964592
3/30/25 14:36,432,66.7945447098005,1.935,0.0,14,30,3,23.6228333,10.9890118
3/30/25 14:21,432,66.7945447098005,1.935,0.0,14,30,3,23.5602875,10.8424911
3/30/25 14:06,432,66.7945447098005,1.935,0.0,14,30,3,23.497757,11.0378513
3/30/25 13:51,432,66.7945447098005,1.935,0.0,13,30,3,23.497757,11.3308916
3/30/25 13:36,432,66.7945447098005,1.935,0.0,13,30,3,23.4352112,11.501832
3/30/25 13:21,432,66.7945447098005,1.935,0.0,13,30,3,23.4352112,11.6971922
3/30/25 13:06,432,66.7945447098005,1.935,0.0,13,30,3,23.3726654,11.8437128
3/30/25 12:51,432,66.7945447098005,1.935,0.0,12,30,3,23.3726654,12.0634928
3/30/25 12:36,432,66.7945447098005,1.935,0.0,12,30,3,23.3726654,12.2832727
3/30/25 12:21,432,66.7945447098005,1.935,0.0,12,30,3,23.3726654,12.3076925
3/30/25 12:06,432,66.7945447098005,1.935,0.0,12,30,3,23.4352112,12.7472534
3/30/25 11:51,432,66.7945447098005,1.935,0.0,11,30,3,23.4352112,12.6984129
3/30/25 11:36,432,66.7945447098005,1.935,0.0,11,30,3,23.4352112,12.6251535
3/30/25 11:21,432,66.7945447098005,1.935,0.0,11,30,3,23.497757,12.5030527
3/30/25 11:06,432,66.7945447098005,1.935,0.0,11,30,3,23.6853638,12.8693533
3/30/25 10:51,432,66.7945447098005,1.935,0.0,10,30,3,23.5602875,12.6984129
3/30/25 10:36,432,66.7945447098005,1.935,0.0,10,30,3,23.497757,12.7472534
3/30/25 10:21,432,66.7945447098005,1.935,0.0,10,30,3,23.4352112,12.8693533
3/30/25 10:06,432,66.7945447098005,1.935,0.0,10,30,3,23.3101349,12.9426136
3/30/25 9:51,432,66.7945447098005,1.935,0.0,9,30,3,23.1850433,13.0402937
3/30/25 9:36,432,66.7945447098005,1.935,0.0,9,30,3,22.9974365,13.0891333
3/30/25 9:21,432,66.7945447098005,1.935,0.0,9,30,3,22.872345,13.1623936
3/30/25 9:06,432,66.7945447098005,1.935,0.0,9,30,3,22.7472839,13.2356539
3/30/25 8:51,432,66.7945447098005,1.935,0.0,8,30,3,22.6221924,13.3577538
3/30/25 8:36,432,66.7945447098005,1.935,0.0,8,30,3,22.4971161,13.4554338
3/30/25 8:21,432,66.7945447098005,1.935,0.0,8,30,3,22.3720398,13.6019545
3/30/25 8:06,432,66.7945447098005,1.935,0.0,8,30,3,22.2469635,13.6752138
3/30/25 7:51,432,66.7945447098005,1.935,0.0,7,30,3,22.1218719,13.870574
3/30/25 7:36,432,66.7945447098005,1.935,0.0,7,30,3,21.9967957,14.407815
3/30/25 7:21,432,66.7945447098005,1.935,0.0,7,30,3,21.8717194,15.0183153
3/30/25 7:06,432,66.7945447098005,1.935,0.0,7,30,3,21.6840973,14.6275949
3/30/25 6:51,432,66.7945447098005,1.935,0.0,6,30,3,21.4964905,14.6031752
3/30/25 6:36,432,66.7945447098005,1.935,0.0,6,30,3,21.2463226,14.5054951
3/30/25 6:21,432,66.7945447098005,1.935,0.0,6,30,3,20.8710785,14.4810753
3/30/25 6:06,432,66.7945447098005,1.935,0.0,6,30,3,20.4958496,14.3589745
3/30/25 5:51,432,66.7945447098005,1.935,0.0,5,30,3,20.9211159,14.3345547
3/30/25 5:36,432,66.7945447098005,1.935,0.0,5,30,3,21.0587006,14.2124548
3/30/25 5:21,432,66.7945447098005,1.935,0.0,5,30,3,21.1212463,14.1391945
3/30/25 5:06,432,66.7945447098005,1.935,0.0,5,30,3,21.1212463,14.0659342
3/30/25 4:51,432,66.7945447098005,1.935,0.0,4,30,3,21.1837769,13.9926748
3/30/25 4:36,432,66.7945447098005,1.935,0.0,4,30,3,21.1837769,13.9682541
3/30/25 4:21,432,66.7945447098005,1.935,0.0,4,30,3,21.1837769,13.870574
3/30/25 4:06,432,66.7945447098005,1.935,0.0,4,30,3,21.2207031,13.7973146
3/30/25 3:51,432,66.7945447098005,1.935,0.0,3,30,3,21.2463226,13.6996346
3/30/25 3:36,432,66.7945447098005,1.935,0.0,3,30,3,21.3088684,13.6019545
3/30/25 3:21,432,66.7945447098005,1.935,0.0,3,30,3,21.2463226,13.5091581
3/30/25 3:06,432,66.7945447098005,1.935,0.0,3,30,3,21.3088684,13.4310141
3/30/25 2:51,432,66.7945447098005,1.935,0.0,2,30,3,21.3088684,13.3089142
3/30/25 2:36,432,66.7945447098005,1.935,0.0,2,30,3,21.3088684,13.1868134
3/30/25 2:21,432,66.7945447098005,1.935,0.0,2,30,3,21.3713989,13.0647135
3/30/25 2:06,432,66.7945447098005,1.935,0.0,2,30,3,21.4339294,12.9670334
3/30/25 1:51,432,66.7945447098005,1.935,0.0,1,30,3,21.4964905,12.8937731
3/30/25 1:36,432,66.7945447098005,1.935,0.0,1,30,3,21.4964905,12.7228336
3/30/25 1:21,432,66.7945447098005,1.935,0.0,1,30,3,21.559021,12.6007328
3/30/25 1:06,432,66.7945447098005,1.935,0.0,1,30,3,21.6215515,12.4297934
3/30/25 0:51,432,66.7945447098005,1.935,0.0,0,30,3,21.6840973,12.2832727
3/30/25 0:36,432,66.7945447098005,1.935,0.0,0,30,3,21.7466431,12.1611729
3/30/25 0:21,432,66.7945447098005,1.935,0.0,0,30,3,21.8091736,11.9413929
3/30/25 0:06,432,66.7945447098005,1.935,0.0,0,30,3,21.9342499,11.7460327
3/29/25 23:51,432,66.7945447098005,1.935,0.0,23,29,3,21.9967957,11.5262518
3/29/25 23:36,432,66.7945447098005,1.935,0.0,23,29,3,22.0593414,11.3553123
3/29/25 23:21,432,66.7945447098005,1.935,0.0,23,29,3,22.1844177,11.2332115
3/29/25 23:06,432,66.7945447098005,1.935,0.0,23,29,3,22.2469635,11.1843719
3/29/25 22:51,432,66.7945447098005,1.935,0.0,22,29,3,22.3720398,11.0866919
3/29/25 22:36,432,66.7945447098005,1.935,0.0,22,29,3,22.4971161,10.9401712
3/29/25 22:21,432,66.7945447098005,1.935,0.0,22,29,3,22.6847229,10.8864479
3/29/25 22:06,432,66.7945447098005,1.935,0.0,22,29,3,22.9348907,11.0866919
3/29/25 21:51,432,66.7945447098005,1.935,0.0,21,29,3,22.7472839,11.2576323
3/29/25 21:36,432,66.7945447098005,1.935,0.0,21,29,3,22.7472839,11.4285716999999
3/29/25 21:21,432,66.7945447098005,1.935,0.0,21,29,3,22.6847229,11.6239319
3/29/25 21:06,432,66.7945447098005,1.935,0.0,21,29,3,22.5596619,11.7460327
3/29/25 20:51,432,66.7945447098005,1.935,0.0,20,29,3,22.1844177,11.8681326
3/29/25 20:36,432,66.7945447098005,1.935,0.0,20,29,3,22.2469635,11.5506725
3/29/25 20:21,432,66.7945447098005,1.935,0.0,20,29,3,22.309494,11.7948723
3/29/25 20:06,432,66.7945447098005,1.935,0.0,20,29,3,22.3720398,11.8437128
3/29/25 19:51,432,66.7945447098005,1.935,0.0,19,29,3,22.4345703,11.8437128
3/29/25 19:36,432,66.7945447098005,1.935,0.0,19,29,3,22.4971161,11.7848701
3/29/25 19:21,432,66.7945447098005,1.935,0.0,19,29,3,22.7472839,11.721612
3/29/25 19:06,432,66.7945447098005,1.935,0.0,19,29,3,22.9348907,11.6483526
3/29/25 18:51,432,66.7945447098005,1.935,0.0,18,29,3,22.9974365,11.5995121
3/29/25 18:36,432,66.7945447098005,1.935,0.0,18,29,3,23.059967,11.5750923
3/29/25 18:21,432,66.7945447098005,1.935,0.0,18,29,3,23.1225128,11.5750923
3/29/25 18:06,432,66.7945447098005,1.935,0.0,18,29,3,23.2475891,11.5995121
3/29/25 17:51,432,66.7945447098005,1.935,0.0,17,29,3,23.3101349,11.6239319
3/29/25 17:36,432,66.7945447098005,1.935,0.0,17,29,3,23.3726654,11.6727724
3/29/25 17:21,432,66.7945447098005,1.935,0.0,17,29,3,23.3726654,11.7059832
3/29/25 17:06,432,66.7945447098005,1.935,0.0,17,29,3,23.4352112,11.7460327
3/29/25 16:51,432,66.7945447098005,1.935,0.0,16,29,3,23.497757,11.7704525
3/29/25 16:36,432,66.7945447098005,1.935,0.0,16,29,3,23.5602875,11.8681326
3/29/25 16:21,432,66.7945447098005,1.935,0.0,16,29,3,23.5602875,11.9658127
3/29/25 16:06,432,66.7945447098005,1.935,0.0,16,29,3,23.6228333,12.039073
3/29/25 15:51,432,66.7945447098005,1.935,0.0,15,29,3,23.6853638,12.1855927
3/29/25 15:36,432,66.7945447098005,1.935,0.0,15,29,3,23.6853638,12.1367531
3/29/25 15:21,432,66.7945447098005,1.935,0.0,15,29,3,23.7479095,12.1611729
3/29/25 15:06,432,66.7945447098005,1.935,0.0,15,29,3,23.7479095,12.0146523
3/29/25 14:51,432,66.7945447098005,1.935,0.0,14,29,3,23.7479095,11.7704525
3/29/25 14:36,432,66.7945447098005,1.935,0.0,14,29,3,23.7479095,11.8437128
3/29/25 14:21,432,66.7945447098005,1.935,0.0,14,29,3,23.7479095,11.9658127
3/29/25 14:06,432,66.7945447098005,1.935,0.0,14,29,3,23.7479095,11.9902325
3/29/25 13:51,432,66.7945447098005,1.935,0.0,13,29,3,23.6853638,12.0879126
3/29/25 13:36,432,66.7945447098005,1.935,0.0,13,29,3,23.5602875,12.2100124
3/29/25 13:21,432,66.7945447098005,1.935,0.0,13,29,3,23.5602875,12.3565331
3/29/25 13:06,432,66.7945447098005,1.935,0.0,13,29,3,23.5602875,12.6495733
3/29/25 12:51,432,66.7945447098005,1.935,0.0,12,29,3,23.5602875,12.9914532
3/29/25 12:36,432,66.7945447098005,1.935,0.0,12,29,3,23.5602875,13.333334
3/29/25 12:21,432,66.7945447098005,1.935,0.0,12,29,3,23.5602875,13.6627111
3/29/25 12:06,432,66.7945447098005,1.935,0.0,12,29,3,23.5602875,13.8217344
3/29/25 11:51,432,66.7945447098005,1.935,0.0,11,29,3,23.5602875,13.8847513
3/29/25 11:36,432,66.7945447098005,1.935,0.0,11,29,3,23.6228333,14.7985353
3/29/25 11:21,432,66.7945447098005,1.935,0.0,11,29,3,23.7479095,14.8229551
3/29/25 11:06,432,66.7945447098005,1.935,0.0,11,29,3,23.8104553,15.0671558
3/29/25 10:51,432,66.7945447098005,1.935,0.0,10,29,3,23.8729858,15.2380953
3/29/25 10:36,432,66.7945447098005,1.935,0.0,10,29,3,24.0769997,15.3601961
3/29/25 10:21,432,66.7945447098005,1.935,0.0,10,29,3,23.6228333,15.5067158
3/29/25 10:06,432,66.7945447098005,1.935,0.0,10,29,3,23.1850433,15.721612
3/29/25 9:51,432,66.7945447098005,1.935,0.0,9,29,3,22.9348907,15.8241758
3/29/25 9:36,432,66.7945447098005,1.935,0.0,9,29,3,22.8098145,16.019537
3/29/25 9:21,432,66.7945447098005,1.935,0.0,9,29,3,22.6847229,16.2393169
3/29/25 9:06,432,66.7945447098005,1.935,0.0,9,29,3,22.5596619,16.4346771
3/29/25 8:51,432,66.7945447098005,1.935,0.0,8,29,3,22.4345703,16.6300373
3/29/25 8:36,432,66.7945447098005,1.935,0.0,8,29,3,22.3720398,16.8253975
3/29/25 8:21,432,66.7945447098005,1.935,0.0,8,29,3,22.309494,17.0695972
3/29/25 8:06,432,66.7945447098005,1.935,0.0,8,29,3,22.1844177,17.3382168
3/29/25 7:51,432,66.7945447098005,1.935,0.0,7,29,3,22.1218719,17.533577
3/29/25 7:36,432,66.7945447098005,1.935,0.0,7,29,3,21.9967957,18.4371185
3/29/25 7:21,432,66.7945447098005,1.935,0.0,7,29,3,21.8717194,20.0244217
3/29/25 7:06,432,66.7945447098005,1.935,0.0,7,29,3,21.6840973,19.9755802
3/29/25 6:51,432,66.7945447098005,1.935,0.0,6,29,3,21.4339294,19.9755802
3/29/25 6:36,432,66.7945447098005,1.935,0.0,6,29,3,21.2463226,19.9755802
3/29/25 6:21,432,66.7945447098005,1.935,0.0,6,29,3,20.8710785,19.9755802
3/29/25 6:06,432,66.7945447098005,1.935,0.0,6,29,3,20.5583801,20.0244217
3/29/25 5:51,432,66.7945447098005,1.935,0.0,5,29,3,21.0587006,19.9755802
3/29/25 5:36,432,66.7945447098005,1.935,0.0,5,29,3,21.1837769,19.9023209
3/29/25 5:21,432,66.7945447098005,1.935,0.0,5,29,3,21.1837769,19.9267406
3/29/25 5:06,432,66.7945447098005,1.935,0.0,5,29,3,21.1837769,19.8534794
3/29/25 4:51,432,66.7945447098005,1.935,0.0,4,29,3,21.1212463,19.7313805
3/29/25 4:36,432,66.7945447098005,1.935,0.0,4,29,3,21.1212463,19.7313805
3/29/25 4:21,432,66.7945447098005,1.935,0.0,4,29,3,21.1837769,19.682539
3/29/25 4:06,432,66.7945447098005,1.935,0.0,4,29,3,21.2463226,19.5848598
3/29/25 3:51,432,66.7945447098005,1.935,0.0,3,29,3,21.2463226,19.4871788
3/29/25 3:36,432,66.7945447098005,1.935,0.0,3,29,3,21.3088684,19.4139194
3/29/25 3:21,432,66.7945447098005,1.935,0.0,3,29,3,21.3713989,19.3162403
3/29/25 3:06,432,66.7945447098005,1.935,0.0,3,29,3,21.4339294,19.242979
3/29/25 2:51,432,66.7945447098005,1.935,0.0,2,29,3,21.4964905,19.1843719
3/29/25 2:36,432,66.7945447098005,1.935,0.0,2,29,3,21.559021,19.1208801
3/29/25 2:21,432,66.7945447098005,1.935,0.0,2,29,3,21.6215515,19.08004
3/29/25 2:06,432,66.7945447098005,1.935,0.0,2,29,3,21.7466431,19.0476189
3/29/25 1:51,432,66.7945447098005,1.935,0.0,1,29,3,21.8091736,18.8766785
3/29/25 1:36,432,66.7945447098005,1.935,0.0,1,29,3,21.9342499,18.8766785
3/29/25 1:21,432,66.7945447098005,1.935,0.0,1,29,3,21.9342499,18.7789993
3/29/25 1:06,432,66.7945447098005,1.935,0.0,1,29,3,21.9967957,18.7301598
3/29/25 0:51,432,66.7945447098005,1.935,0.0,0,29,3,21.9967957,18.6568985
3/29/25 0:36,432,66.7945447098005,1.935,0.0,0,29,3,22.0593414,18.5592194
3/29/25 0:21,432,66.7945447098005,1.935,0.0,0,29,3,22.1218719,18.388279
3/29/25 0:06,432,66.7945447098005,1.935,0.0,0,29,3,22.1218719,18.2593403
3/28/25 23:51,432,66.7945447098005,1.935,0.0,23,28,3,22.2469635,18.0463982
3/28/25 23:36,432,66.7945447098005,1.935,0.0,23,28,3,22.2469635,17.8266182
3/28/25 23:21,432,66.7945447098005,1.935,0.0,23,28,3,22.309494,17.7777786
3/28/25 23:06,432,66.7945447098005,1.935,0.0,23,28,3,22.4345703,17.948719
3/28/25 22:51,432,66.7945447098005,1.935,0.0,22,28,3,22.4971161,18.0708179
3/28/25 22:36,432,66.7945447098005,1.935,0.0,22,28,3,22.6221924,17.948719
3/28/25 22:21,432,66.7945447098005,1.935,0.0,22,28,3,22.8098145,18.168499
3/28/25 22:06,432,66.7945447098005,1.935,0.0,22,28,3,22.9974365,18.2905979
3/28/25 21:51,432,66.7945447098005,1.935,0.0,21,28,3,22.8098145,18.5054932
3/28/25 21:36,432,66.7945447098005,1.935,0.0,21,28,3,22.8098145,18.6568985
3/28/25 21:21,432,66.7945447098005,1.935,0.0,21,28,3,22.872345,18.4615383
3/28/25 21:06,432,66.7945447098005,1.935,0.0,21,28,3,22.7472839,18.5103779
3/28/25 20:51,432,66.7945447098005,1.935,0.0,20,28,3,22.7472839,18.5347996
3/28/25 20:36,432,66.7945447098005,1.935,0.0,20,28,3,22.6847229,18.4859581
3/28/25 20:21,432,66.7945447098005,1.935,0.0,20,28,3,22.6221924,18.4859581
3/28/25 20:06,432,66.7945447098005,1.935,0.0,20,28,3,22.8098145,18.388279
3/28/25 19:51,432,66.7945447098005,1.935,0.0,19,28,3,22.9348907,18.4859581
3/28/25 19:36,432,66.7945447098005,1.935,0.0,19,28,3,22.9974365,18.5592194
3/28/25 19:21,432,66.7945447098005,1.935,0.0,19,28,3,23.059967,18.3638592
3/28/25 19:06,432,66.7945447098005,1.935,0.0,19,28,3,23.059967,18.4246159
3/28/25 18:51,432,66.7945447098005,1.935,0.0,18,28,3,23.1225128,18.4859581
3/28/25 18:36,432,66.7945447098005,1.935,0.0,18,28,3,23.1850433,18.5592194
3/28/25 18:21,432,66.7945447098005,1.935,0.0,18,28,3,23.2475891,18.5836391
3/28/25 18:06,432,66.7945447098005,1.935,0.0,18,28,3,23.1225128,18.6324787
3/28/25 17:51,432,66.7945447098005,1.935,0.0,17,28,3,23.1309052,18.7057381
3/28/25 17:36,432,66.7945447098005,1.935,0.0,17,28,3,23.1850433,19.1452999
3/28/25 17:21,432,66.7945447098005,1.935,0.0,17,28,3,23.1850433,18.5347996
3/28/25 17:06,432,66.7945447098005,1.935,0.0,17,28,3,23.2475891,18.5347996
3/28/25 16:51,432,66.7945447098005,1.935,0.0,16,28,3,23.2475891,18.5103779
3/28/25 16:36,432,66.7945447098005,1.935,0.0,16,28,3,23.2475891,18.4859581
3/28/25 16:21,432,66.7945447098005,1.935,0.0,16,28,3,23.3101349,18.652483
3/28/25 16:06,432,66.7945447098005,1.935,0.0,16,28,3,23.3101349,18.5592194
3/28/25 15:51,432,66.7945447098005,1.935,0.0,15,28,3,23.2475891,18.5836391
3/28/25 15:36,432,66.7945447098005,1.935,0.0,15,28,3,23.2475891,18.2661781
3/28/25 15:21,432,66.7945447098005,1.935,0.0,15,28,3,23.2475891,18.0952377
3/28/25 15:06,432,66.7945447098005,1.935,0.0,15,28,3,23.2475891,18.0219784
3/28/25 14:51,432,66.7945447098005,1.935,0.0,14,28,3,23.2475891,17.8754578
3/28/25 14:36,432,66.7945447098005,1.935,0.0,14,28,3,23.3101349,17.7338219
3/28/25 14:21,432,66.7945447098005,1.935,0.0,14,28,3,23.3726654,17.851038
3/28/25 14:06,432,66.7945447098005,1.935,0.0,14,28,3,23.3726654,18.1690845
3/28/25 13:51,432,66.7945447098005,1.935,0.0,13,28,3,23.4352112,18.1440792
3/28/25 13:36,432,66.7945447098005,1.935,0.0,13,28,3,23.4352112,18.1440792
3/28/25 13:21,432,66.7945447098005,1.935,0.0,13,28,3,23.5602875,18.0708179
3/28/25 13:06,432,66.7945447098005,1.935,0.0,13,28,3,23.6228333,18.0708179
3/28/25 12:51,432,66.7945447098005,1.935,0.0,12,28,3,23.3726654,17.8998775
3/28/25 12:36,432,66.7945447098005,1.935,0.0,12,28,3,23.3101349,18.0952377
3/28/25 12:21,432,66.7945447098005,1.935,0.0,12,28,3,23.3101349,18.0463982
3/28/25 12:06,432,66.7945447098005,1.935,0.0,12,28,3,23.3726654,17.8998775
3/28/25 11:51,432,66.7945447098005,1.935,0.0,11,28,3,23.3726654,17.9018326
3/28/25 11:36,432,66.7945447098005,1.935,0.0,11,28,3,23.3101349,17.8998775
3/28/25 11:21,432,66.7945447098005,1.935,0.0,11,28,3,23.3101349,17.2161179
3/28/25 11:06,432,66.7945447098005,1.935,0.0,11,28,3,23.2475891,17.2649574
3/28/25 10:51,432,66.7945447098005,1.935,0.0,10,28,3,23.2475891,17.4358978
3/28/25 10:36,432,66.7945447098005,1.935,0.0,10,28,3,23.1850433,17.1428566
3/28/25 10:21,432,66.7945447098005,1.935,0.0,10,28,3,23.059967,17.2161179
3/28/25 10:06,432,66.7945447098005,1.935,0.0,10,28,3,22.9348907,17.2649574
3/28/25 9:51,432,66.7945447098005,1.935,0.0,9,28,3,22.872345,17.313797
3/28/25 9:36,432,66.7945447098005,1.935,0.0,9,28,3,22.7472839,17.3675232
3/28/25 9:21,432,66.7945447098005,1.935,0.0,9,28,3,22.6221924,17.4358978
3/28/25 9:06,432,66.7945447098005,1.935,0.0,9,28,3,22.5596619,17.5091572
3/28/25 8:51,432,66.7945447098005,1.935,0.0,8,28,3,22.4971161,17.6556778
3/28/25 8:36,432,66.7945447098005,1.935,0.0,8,28,3,22.4345703,17.7777786
3/28/25 8:21,432,66.7945447098005,1.935,0.0,8,28,3,22.3720398,17.9242973
3/28/25 8:06,432,66.7945447098005,1.935,0.0,8,28,3,22.2469635,18.1440792
3/28/25 7:51,432,66.7945447098005,1.935,0.0,7,28,3,22.1423683,18.3394394
3/28/25 7:36,432,66.7945447098005,1.935,0.0,7,28,3,21.9967957,19.0476189
3/28/25 7:21,432,66.7945447098005,1.935,0.0,7,28,3,21.8717194,19.4383392
3/28/25 7:06,432,66.7945447098005,1.935,0.0,7,28,3,21.6840973,18.9743595
3/28/25 6:51,432,66.7945447098005,1.935,0.0,6,28,3,21.4964905,18.8766785
3/28/25 6:36,432,66.7945447098005,1.935,0.0,6,28,3,21.3088684,18.8522587
3/28/25 6:21,432,66.7945447098005,1.935,0.0,6,28,3,20.9336243,18.8150368
3/28/25 6:06,432,66.7945447098005,1.935,0.0,6,28,3,20.4958496,18.7301598
3/28/25 5:51,432,66.7945447098005,1.935,0.0,5,28,3,20.6209259,18.6568985
3/28/25 5:36,432,66.7945447098005,1.935,0.0,5,28,3,21.1212463,18.6080589
3/28/25 5:21,432,66.7945447098005,1.935,0.0,5,28,3,21.1212463,18.6080589
3/28/25 5:06,432,66.7945447098005,1.935,0.0,5,28,3,21.1212463,18.4859581
3/28/25 4:51,432,66.7945447098005,1.935,0.0,4,28,3,21.1837769,18.4615383
3/28/25 4:36,432,66.7945447098005,1.935,0.0,4,28,3,21.1837769,18.4703293
3/28/25 4:21,432,66.7945447098005,1.935,0.0,4,28,3,21.2463226,18.388279
3/28/25 4:06,432,66.7945447098005,1.935,0.0,4,28,3,21.2463226,18.3150177
3/28/25 3:51,432,66.7945447098005,1.935,0.0,3,28,3,21.2463226,18.2661781
3/28/25 3:36,432,66.7945447098005,1.935,0.0,3,28,3,21.3088684,18.2173386
3/28/25 3:21,432,66.7945447098005,1.935,0.0,3,28,3,21.3088684,18.1440792
3/28/25 3:06,432,66.7945447098005,1.935,0.0,3,28,3,21.3088684,18.0219784
3/28/25 2:51,432,66.7945447098005,1.935,0.0,2,28,3,21.3713989,17.9975586
3/28/25 2:36,432,66.7945447098005,1.935,0.0,2,28,3,21.3713989,17.948719
3/28/25 2:21,432,66.7945447098005,1.935,0.0,2,28,3,21.4339294,17.8754578
3/28/25 2:06,432,66.7945447098005,1.935,0.0,2,28,3,21.4339294,17.7289371
3/28/25 1:51,432,66.7945447098005,1.935,0.0,1,28,3,21.4964905,17.7045174
3/28/25 1:36,432,66.7945447098005,1.935,0.0,1,28,3,21.559021,17.5579987
3/28/25 1:21,432,66.7945447098005,1.935,0.0,1,28,3,21.559021,17.4847374
3/28/25 1:06,432,66.7945447098005,1.935,0.0,1,28,3,21.6215515,17.3870583
3/28/25 0:51,432,66.7945447098005,1.935,0.0,0,28,3,21.6840973,17.2893772
3/28/25 0:36,432,66.7945447098005,1.935,0.0,0,28,3,21.7466431,17.1184368
3/28/25 0:21,432,66.7945447098005,1.935,0.0,0,28,3,21.8091736,17.0207577
3/28/25 0:06,432,66.7945447098005,1.935,0.0,0,28,3,21.9342499,16.8009777
3/27/25 23:51,432,66.7945447098005,1.935,0.0,23,27,3,21.9967957,16.6300373
3/27/25 23:36,432,66.7945447098005,1.935,0.0,23,27,3,22.0593414,16.4190483
3/27/25 23:21,432,66.7945447098005,1.935,0.0,23,27,3,22.1218719,16.3614159
3/27/25 23:06,432,66.7945447098005,1.935,0.0,23,27,3,22.309494,16.2881565
3/27/25 22:51,432,66.7945447098005,1.935,0.0,22,27,3,22.4345703,16.1660557
3/27/25 22:36,432,66.7945447098005,1.935,0.0,22,27,3,22.5596619,16.0927963
3/27/25 22:21,432,66.7945447098005,1.935,0.0,22,27,3,22.7472839,15.9706964
3/27/25 22:06,432,66.7945447098005,1.935,0.0,22,27,3,22.9974365,15.9706964
3/27/25 21:51,432,66.7945447098005,1.935,0.0,21,27,3,22.872345,15.8974361
3/27/25 21:36,432,66.7945447098005,1.935,0.0,21,27,3,22.9348907,15.8974361
3/27/25 21:21,432,66.7945447098005,1.935,0.0,21,27,3,22.9348907,15.9218559
3/27/25 21:06,432,66.7945447098005,1.935,0.0,21,27,3,22.9974365,16.2881565
3/27/25 20:51,432,66.7945447098005,1.935,0.0,20,27,3,22.9974365,16.3449974
3/27/25 20:36,432,66.7945447098005,1.935,0.0,20,27,3,22.9974365,16.0927963
3/27/25 20:21,432,66.7945447098005,1.935,0.0,20,27,3,22.9348907,16.0439568
3/27/25 20:06,432,66.7945447098005,1.935,0.0,20,27,3,22.872345,16.0439568
3/27/25 19:51,432,66.7945447098005,1.935,0.0,19,27,3,22.6847229,16.0439568
3/27/25 19:36,432,66.7945447098005,1.935,0.0,19,27,3,22.3720398,15.2869358
3/27/25 19:21,432,66.7945447098005,1.935,0.0,19,27,3,22.4345703,15.1404152
3/27/25 19:06,432,66.7945447098005,1.935,0.0,19,27,3,22.4345703,14.9694757
3/27/25 18:51,432,66.7945447098005,1.935,0.0,18,27,3,22.3720398,14.7741156
3/27/25 18:36,432,66.7945447098005,1.935,0.0,18,27,3,22.4345703,14.2487917
3/27/25 18:21,432,66.7945447098005,1.935,0.0,18,27,3,22.872345,13.6996346
3/27/25 18:06,432,66.7945447098005,1.935,0.0,18,27,3,23.1850433,13.6019545
3/27/25 17:51,432,66.7945447098005,1.935,0.0,17,27,3,23.2475891,13.3821735
3/27/25 17:36,432,66.7945447098005,1.935,0.0,17,27,3,23.2475891,13.0402937
3/27/25 17:21,432,66.7945447098005,1.935,0.0,17,27,3,23.3726654,13.0158739
3/27/25 17:06,432,66.7945447098005,1.935,0.0,17,27,3,23.3101349,12.9914532
3/27/25 16:51,432,66.7945447098005,1.935,0.0,16,27,3,22.9974365,12.9670334
3/27/25 16:36,432,66.7945447098005,1.935,0.0,16,27,3,23.059967,12.8693533
3/27/25 16:21,432,66.7945447098005,1.935,0.0,16,27,3,23.1225128,12.7716732
3/27/25 16:06,432,66.7945447098005,1.935,0.0,16,27,3,23.1225128,12.7472534
3/27/25 15:51,432,66.7945447098005,1.935,0.0,15,27,3,23.1850433,12.7472534
3/27/25 15:36,432,66.7945447098005,1.935,0.0,15,27,3,23.3101349,12.9181938
3/27/25 15:21,432,66.7945447098005,1.935,0.0,15,27,3,23.4352112,13.0158739
3/27/25 15:06,432,66.7945447098005,1.935,0.0,15,27,3,23.497757,12.9670334
3/27/25 14:51,432,66.7945447098005,1.935,0.0,14,27,3,23.5602875,12.7228336
3/27/25 14:36,432,66.7945447098005,1.935,0.0,14,27,3,23.5602875,12.7472534
3/27/25 14:21,432,66.7945447098005,1.935,0.0,14,27,3,23.6853638,12.8937731
3/27/25 14:06,432,66.7945447098005,1.935,0.0,14,27,3,23.65485,13.0158739
3/27/25 13:51,432,66.7945447098005,1.935,0.0,13,27,3,23.5602875,13.0158739
3/27/25 13:36,432,66.7945447098005,1.935,0.0,13,27,3,23.497757,13.113554
3/27/25 13:21,432,66.7945447098005,1.935,0.0,13,27,3,23.4352112,13.1868134
3/27/25 13:06,432,66.7945447098005,1.935,0.0,13,27,3,23.3726654,13.333334
3/27/25 12:51,432,66.7945447098005,1.935,0.0,12,27,3,23.4352112,13.6019545
3/27/25 12:36,432,66.7945447098005,1.935,0.0,12,27,3,23.426815,13.9054832
3/27/25 12:21,432,66.7945447098005,1.935,0.0,12,27,3,23.4352112,14.0659342
3/27/25 12:06,432,66.7945447098005,1.935,0.0,12,27,3,23.4352112,14.2857151
3/27/25 11:51,432,66.7945447098005,1.935,0.0,11,27,3,23.497757,14.5543346
3/27/25 11:36,432,66.7945447098005,1.935,0.0,11,27,3,23.5602875,14.6520147
3/27/25 11:21,432,66.7945447098005,1.935,0.0,11,27,3,23.6853638,14.7008553
3/27/25 11:06,432,66.7945447098005,1.935,0.0,11,27,3,23.6853638,15.9951162
3/27/25 10:51,432,66.7945447098005,1.935,0.0,10,27,3,23.6853638,16.2068958
3/27/25 10:36,432,66.7945447098005,1.935,0.0,10,27,3,23.6853638,16.0439568
3/27/25 10:21,432,66.7945447098005,1.935,0.0,10,27,3,23.7479095,16.1334419
3/27/25 10:06,432,66.7945447098005,1.935,0.0,10,27,3,23.8729858,16.1416359
3/27/25 9:51,432,66.7945447098005,1.935,0.0,9,27,3,24.0606079,16.3369961
3/27/25 9:36,432,66.7945447098005,1.935,0.0,9,27,3,23.497757,16.4102573
3/27/25 9:21,432,66.7945447098005,1.935,0.0,9,27,3,23.2475891,16.5811977
3/27/25 9:06,432,66.7945447098005,1.935,0.0,9,27,3,23.059967,16.7032967
3/27/25 8:51,432,66.7945447098005,1.935,0.0,8,27,3,22.9348907,16.8498173
3/27/25 8:36,432,66.7945447098005,1.935,0.0,8,27,3,22.9243965,17.0451775
3/27/25 8:21,432,66.7945447098005,1.935,0.0,8,27,3,22.7842007,17.2649574
3/27/25 8:06,432,66.7945447098005,1.935,0.0,8,27,3,22.6847229,17.5091572
3/27/25 7:51,432,66.7945447098005,1.935,0.0,7,27,3,22.6221924,17.6800976
3/27/25 7:36,432,66.7945447098005,1.935,0.0,7,27,3,22.5596619,18.5347996
3/27/25 7:21,432,66.7945447098005,1.935,0.0,7,27,3,22.4345703,19.8046398
3/27/25 7:06,432,66.7945447098005,1.935,0.0,7,27,3,22.2469635,20.4884014
3/27/25 6:51,432,66.7945447098005,1.935,0.0,6,27,3,21.9967957,20.6349201
3/27/25 6:36,432,66.7945447098005,1.935,0.0,6,27,3,21.7986832,20.7081814
3/27/25 6:21,432,66.7945447098005,1.935,0.0,6,27,3,21.4339294,20.8742371
3/27/25 6:06,432,66.7945447098005,1.935,0.0,6,27,3,20.99617,21.0256405
3/27/25 5:51,432,66.7945447098005,1.935,0.0,5,27,3,21.2463226,21.1965828
3/27/25 5:36,432,66.7945447098005,1.935,0.0,5,27,3,21.6840973,21.2942619
3/27/25 5:21,432,66.7945447098005,1.935,0.0,5,27,3,21.8091736,21.2454224
3/27/25 5:06,432,66.7945447098005,1.935,0.0,5,27,3,21.9342499,21.2210007
3/27/25 4:51,432,66.7945447098005,1.935,0.0,4,27,3,21.9967957,21.1965828
3/27/25 4:36,432,66.7945447098005,1.935,0.0,4,27,3,22.0593414,21.1477432
3/27/25 4:21,432,66.7945447098005,1.935,0.0,4,27,3,22.1218719,21.0500622
3/27/25 4:06,432,66.7945447098005,1.935,0.0,4,27,3,22.2469635,21.0500622
3/27/25 3:51,432,66.7945447098005,1.935,0.0,3,27,3,22.2469635,21.0012226
3/27/25 3:36,432,66.7945447098005,1.935,0.0,3,27,3,22.309494,20.9035416
3/27/25 3:21,432,66.7945447098005,1.935,0.0,3,27,3,22.309494,20.854702
3/27/25 3:06,432,66.7945447098005,1.935,0.0,3,27,3,22.3720398,20.7814407
3/27/25 2:51,432,66.7945447098005,1.935,0.0,2,27,3,22.3720398,20.6837616
3/27/25 2:36,432,66.7945447098005,1.935,0.0,2,27,3,22.3720398,20.6593418
3/27/25 2:21,432,66.7945447098005,1.935,0.0,2,27,3,22.3720398,20.5860806
3/27/25 2:06,432,66.7945447098005,1.935,0.0,2,27,3,22.4345703,20.5128212
3/27/25 1:51,432,66.7945447098005,1.935,0.0,1,27,3,22.4971161,20.3663025
3/27/25 1:36,432,66.7945447098005,1.935,0.0,1,27,3,22.4971161,20.2441998
3/27/25 1:21,432,66.7945447098005,1.935,0.0,1,27,3,22.4971161,20.106472
3/27/25 1:06,432,66.7945447098005,1.935,0.0,1,27,3,22.5596619,19.9511604
3/27/25 0:51,432,66.7945447098005,1.935,0.0,0,27,3,22.6221924,19.8534794
3/27/25 0:36,432,66.7945447098005,1.935,0.0,0,27,3,22.6221924,19.7313805
3/27/25 0:21,432,66.7945447098005,1.935,0.0,0,27,3,22.6221924,19.5848598
3/27/25 0:06,432,66.7945447098005,1.935,0.0,0,27,3,22.6847229,19.4871788
3/26/25 23:51,432,66.7945447098005,1.935,0.0,23,26,3,22.6847229,19.3406601
3/26/25 23:36,432,66.7945447098005,1.935,0.0,23,26,3,22.6847229,19.2918186
3/26/25 23:21,432,66.7945447098005,1.935,0.0,23,26,3,22.7472839,19.462759
3/26/25 23:06,432,66.7945447098005,1.935,0.0,23,26,3,22.7472839,19.6581192
3/26/25 22:51,432,66.7945447098005,1.935,0.0,22,26,3,22.7472839,19.9755802
3/26/25 22:36,432,66.7945447098005,1.935,0.0,22,26,3,22.7472839,20.2586193
3/26/25 22:21,432,66.7945447098005,1.935,0.0,22,26,3,22.7472839,20.2686214
3/26/25 22:06,432,66.7945447098005,1.935,0.0,22,26,3,22.6847229,20.3418808
3/26/25 21:51,432,66.7945447098005,1.935,0.0,21,26,3,22.6221924,20.537241
3/26/25 21:36,432,66.7945447098005,1.935,0.0,21,26,3,22.6847229,20.6837616
3/26/25 21:21,432,66.7945447098005,1.935,0.0,21,26,3,22.8098145,20.8302803
3/26/25 21:06,432,66.7945447098005,1.935,0.0,21,26,3,22.872345,21.2210007
3/26/25 20:51,432,66.7945447098005,1.935,0.0,20,26,3,22.9348907,21.2454224
3/26/25 20:36,432,66.7945447098005,1.935,0.0,20,26,3,23.059967,21.1233215
3/26/25 20:21,432,66.7945447098005,1.935,0.0,20,26,3,23.1225128,21.1565323
3/26/25 20:06,432,66.7945447098005,1.935,0.0,20,26,3,23.2475891,21.074482
3/26/25 19:51,432,66.7945447098005,1.935,0.0,19,26,3,23.2475891,20.952383
3/26/25 19:36,432,66.7945447098005,1.935,0.0,19,26,3,23.3726654,21.0012226
3/26/25 19:21,432,66.7945447098005,1.935,0.0,19,26,3,23.6853638,20.9279613
3/26/25 19:06,432,66.7945447098005,1.935,0.0,19,26,3,23.7479095,20.952383
3/26/25 18:51,432,66.7945447098005,1.935,0.0,18,26,3,23.7479095,20.8791218
3/26/25 18:36,432,66.7945447098005,1.935,0.0,18,26,3,23.8104553,20.9035416
3/26/25 18:21,432,66.7945447098005,1.935,0.0,18,26,3,23.8729858,20.952383
3/26/25 18:06,432,66.7945447098005,1.935,0.0,18,26,3,23.9355164,21.0402946
3/26/25 17:51,432,66.7945447098005,1.935,0.0,17,26,3,23.9980774,21.0012226
3/26/25 17:36,432,66.7945447098005,1.935,0.0,17,26,3,24.0606079,20.952383
3/26/25 17:21,432,66.7945447098005,1.935,0.0,17,26,3,24.1856842,20.9768009
3/26/25 17:06,432,66.7945447098005,1.935,0.0,17,26,3,24.24823,21.0012226
3/26/25 16:51,432,66.7945447098005,1.935,0.0,16,26,3,24.3107605,20.9768009
3/26/25 16:36,432,66.7945447098005,1.935,0.0,16,26,3,24.4358368,20.9035416
3/26/25 16:21,432,66.7945447098005,1.935,0.0,16,26,3,24.4983826,20.8058624
3/26/25 16:06,432,66.7945447098005,1.935,0.0,16,26,3,24.6234589,20.6349201
3/26/25 15:51,432,66.7945447098005,1.935,0.0,15,26,3,24.6234589,20.8302803
3/26/25 15:36,432,66.7945447098005,1.935,0.0,15,26,3,24.6859894,20.5616627
3/26/25 15:21,432,66.7945447098005,1.935,0.0,15,26,3,24.7485504,20.6349201
3/26/25 15:06,432,66.7945447098005,1.935,0.0,15,26,3,24.8110809,20.8302803
3/26/25 14:51,432,66.7945447098005,1.935,0.0,14,26,3,24.8110809,20.8791218
3/26/25 14:36,432,66.7945447098005,1.935,0.0,14,26,3,24.9361572,20.8791218
3/26/25 14:21,432,66.7945447098005,1.935,0.0,14,26,3,24.9361572,20.4884014
3/26/25 14:06,432,66.7945447098005,1.935,0.0,14,26,3,24.998703,20.6105022
3/26/25 13:51,432,66.7945447098005,1.935,0.0,13,26,3,25.0612335,20.7326012
3/26/25 13:36,432,66.7945447098005,1.935,0.0,13,26,3,25.0612335,20.2930412
3/26/25 13:21,432,66.7945447098005,1.935,0.0,13,26,3,25.0612335,20.4151421
3/26/25 13:06,432,66.7945447098005,1.935,0.0,13,26,3,24.8736115,20.3418808
3/26/25 12:51,432,66.7945447098005,1.935,0.0,12,26,3,24.7485504,20.317461
3/26/25 12:36,432,66.7945447098005,1.935,0.0,12,26,3,24.5834389,20.1953602
3/26/25 12:21,432,66.7945447098005,1.935,0.0,12,26,3,24.24823,20
3/26/25 12:06,432,66.7945447098005,1.935,0.0,12,26,3,23.8104553,19.9388695
3/26/25 11:51,432,66.7945447098005,1.935,0.0,11,26,3,23.1225128,19.3894997
3/26/25 11:36,432,66.7945447098005,1.935,0.0,11,26,3,23.1225128,18.8034191
3/26/25 11:21,432,66.7945447098005,1.935,0.0,11,26,3,23.1850433,18.3638592
3/26/25 11:06,432,66.7945447098005,1.935,0.0,11,26,3,23.3101349,17.948719
3/26/25 10:51,432,66.7945447098005,1.935,0.0,10,26,3,23.3726654,17.5482292
3/26/25 10:36,432,66.7945447098005,1.935,0.0,10,26,3,23.4352112,17.533577
3/26/25 10:21,432,66.7945447098005,1.935,0.0,10,26,3,23.4352112,17.9606361
3/26/25 10:06,432,66.7945447098005,1.935,0.0,10,26,3,23.6228333,18.5347996
3/26/25 9:51,432,66.7945447098005,1.935,0.0,9,26,3,23.7479095,18.5103779
3/26/25 9:36,432,66.7945447098005,1.935,0.0,9,26,3,23.8104553,18.6080589
3/26/25 9:21,432,66.7945447098005,1.935,0.0,9,26,3,23.9980774,18.7057381
3/26/25 9:06,432,66.7945447098005,1.935,0.0,9,26,3,23.3265266,18.8034191
3/26/25 8:51,432,66.7945447098005,1.935,0.0,8,26,3,22.9348907,18.9010983
3/26/25 8:36,432,66.7945447098005,1.935,0.0,8,26,3,22.6221924,18.9987793
3/26/25 8:21,432,66.7945447098005,1.935,0.0,8,26,3,22.4345703,19.1452999
3/26/25 8:06,432,66.7945447098005,1.935,0.0,8,26,3,22.309494,19.3162403
3/26/25 7:51,432,66.7945447098005,1.935,0.0,7,26,3,22.1844177,19.5116005
3/26/25 7:36,432,66.7945447098005,1.935,0.0,7,26,3,22.0593414,20.1709423
3/26/25 7:21,432,66.7945447098005,1.935,0.0,7,26,3,21.9342499,20.3418808
3/26/25 7:06,432,66.7945447098005,1.935,0.0,7,26,3,21.8091736,19.5848598
3/26/25 6:51,432,66.7945447098005,1.935,0.0,6,26,3,21.6215515,19.5360203
3/26/25 6:36,432,66.7945447098005,1.935,0.0,6,26,3,21.4339294,19.4871788
3/26/25 6:21,432,66.7945447098005,1.935,0.0,6,26,3,21.1212463,19.4139194
3/26/25 6:06,432,66.7945447098005,1.935,0.0,6,26,3,20.7460022,19.3650799
3/26/25 5:51,432,66.7945447098005,1.935,0.0,5,26,3,21.2463226,19.2918186
3/26/25 5:36,432,66.7945447098005,1.935,0.0,5,26,3,21.3713989,19.2673988
3/26/25 5:21,432,66.7945447098005,1.935,0.0,5,26,3,21.4339294,19.2185593
3/26/25 5:06,432,66.7945447098005,1.935,0.0,5,26,3,21.4964905,19.1452999
3/26/25 4:51,432,66.7945447098005,1.935,0.0,4,26,3,21.4964905,19.0964584
3/26/25 4:36,432,66.7945447098005,1.935,0.0,4,26,3,21.559021,19.0476189
3/26/25 4:20,432,66.7945447098005,1.935,0.0,4,26,3,21.6215515,18.9987793
3/26/25 4:06,432,66.7945447098005,1.935,0.0,4,26,3,21.6215515,18.9255199
3/26/25 3:50,432,66.7945447098005,1.935,0.0,3,26,3,21.6215515,18.8522587
3/26/25 3:35,432,66.7945447098005,1.935,0.0,3,26,3,21.6840973,18.7789993
3/26/25 3:20,432,66.7945447098005,1.935,0.0,3,26,3,21.7466431,18.7057381
3/26/25 3:06,432,66.7945447098005,1.935,0.0,3,26,3,21.7786598,18.6168499
3/26/25 2:51,432,66.7945447098005,1.935,0.0,2,26,3,21.8091736,18.5836391
3/26/25 2:35,432,66.7945447098005,1.935,0.0,2,26,3,21.8717194,18.4615383
3/26/25 2:20,432,66.7945447098005,1.935,0.0,2,26,3,21.9342499,18.3638592
3/26/25 2:06,432,66.7945447098005,1.935,0.0,2,26,3,21.9342499,18.2661781
3/26/25 1:51,432,66.7945447098005,1.935,0.0,1,26,3,22.0593414,18.1196575
3/26/25 1:35,432,66.7945447098005,1.935,0.0,1,26,3,22.1218719,18.0463982
3/26/25 1:20,432,66.7945447098005,1.935,0.0,1,26,3,22.1844177,17.948719
3/26/25 1:06,432,66.7945447098005,1.935,0.0,1,26,3,22.2469635,17.8754578
3/26/25 0:51,432,66.7945447098005,1.935,0.0,0,26,3,22.3720398,17.7533588
3/26/25 0:35,432,66.7945447098005,1.935,0.0,0,26,3,22.4971161,17.6800976
3/26/25 0:20,432,66.7945447098005,1.935,0.0,0,26,3,22.5596619,17.5818329
3/26/25 0:06,432,66.7945447098005,1.935,0.0,0,26,3,22.6847229,17.4358978
3/25/25 23:51,432,66.7945447098005,1.935,0.0,23,25,3,22.7472839,17.2893772
3/25/25 23:36,432,66.7945447098005,1.935,0.0,23,25,3,22.7472839,17.2405376
3/25/25 23:20,432,66.7945447098005,1.935,0.0,23,25,3,22.872345,17.8266182
3/25/25 23:06,432,66.7945447098005,1.935,0.0,23,25,3,22.9348907,17.1428566
3/25/25 22:51,432,66.7945447098005,1.935,0.0,22,25,3,22.9974365,17.1428566
3/25/25 22:35,432,66.7945447098005,1.935,0.0,22,25,3,23.059967,17.3382168
3/25/25 22:20,432,66.7945447098005,1.935,0.0,22,25,3,23.059967,17.6068382
3/25/25 22:05,432,66.7945447098005,1.935,0.0,22,25,3,22.9974365,17.2893772
3/25/25 21:50,432,66.7945447098005,1.935,0.0,21,25,3,22.8098145,16.7765579
3/25/25 21:35,432,66.7945447098005,1.935,0.0,21,25,3,22.9974365,16.0927963
3/25/25 21:20,432,66.7945447098005,1.935,0.0,21,25,3,22.8098145,16.1172161
3/25/25 21:05,432,66.7945447098005,1.935,0.0,21,25,3,22.3720398,16.0927963
3/25/25 20:50,432,66.7945447098005,1.935,0.0,20,25,3,22.2469635,16.5079365
3/25/25 20:35,432,66.7945447098005,1.935,0.0,20,25,3,22.4345703,15.7997561
3/25/25 20:20,432,66.7945447098005,1.935,0.0,20,25,3,22.9348907,15.482296
3/25/25 20:05,432,66.7945447098005,1.935,0.0,20,25,3,22.9974365,15.7264957
3/25/25 19:50,432,66.7945447098005,1.935,0.0,19,25,3,22.9348907,15.9951162
3/25/25 19:35,432,66.7945447098005,1.935,0.0,19,25,3,22.3615456,16.1416359
3/25/25 19:20,432,66.7945447098005,1.935,0.0,19,25,3,22.3720398,15.9462767
3/25/25 19:05,432,66.7945447098005,1.935,0.0,19,25,3,23.1225128,16.2637367
3/25/25 18:50,432,66.7945447098005,1.935,0.0,18,25,3,23.2475891,16.2393169
3/25/25 18:35,432,66.7945447098005,1.935,0.0,18,25,3,23.1225128,16.2637367
3/25/25 18:20,432,66.7945447098005,1.935,0.0,18,25,3,23.1850433,15.9218559
3/25/25 18:05,432,66.7945447098005,1.935,0.0,18,25,3,23.4352112,16.7277164
3/25/25 17:50,432,66.7945447098005,1.935,0.0,17,25,3,23.059967,16.8498173
3/25/25 17:35,432,66.7945447098005,1.935,0.0,17,25,3,22.9974365,16.6544571
3/25/25 17:20,432,66.7945447098005,1.935,0.0,17,25,3,23.1850433,16.0927963
3/25/25 17:05,432,66.7945447098005,1.935,0.0,17,25,3,23.4352112,16.7521362
3/25/25 16:50,432,66.7945447098005,1.935,0.0,16,25,3,23.3101349,16.6788769
3/25/25 16:35,432,66.7945447098005,1.935,0.0,16,25,3,22.9974365,16.4590969
3/25/25 16:20,432,66.7945447098005,1.935,0.0,16,25,3,23.1225128,16.4102573
3/25/25 16:05,432,66.7945447098005,1.935,0.0,16,25,3,23.3726654,16.4346771
3/25/25 15:50,432,66.7945447098005,1.935,0.0,15,25,3,23.2475891,16.0927963
3/25/25 15:35,432,66.7945447098005,1.935,0.0,15,25,3,22.9348907,15.8485966
3/25/25 15:20,432,66.7945447098005,1.935,0.0,15,25,3,22.9974365,15.7997561
3/25/25 15:05,432,66.7945447098005,1.935,0.0,15,25,3,23.1225128,15.6532364
3/25/25 14:50,432,66.7945447098005,1.935,0.0,14,25,3,23.1850433,15.5799761
3/25/25 14:35,432,66.7945447098005,1.935,0.0,14,25,3,23.1850433,15.5067158
3/25/25 14:20,432,66.7945447098005,1.935,0.0,14,25,3,23.2475891,15.2869358
3/25/25 14:05,432,66.7945447098005,1.935,0.0,14,25,3,23.3101349,15.1648359
3/25/25 13:50,432,66.7945447098005,1.935,0.0,13,25,3,23.1850433,15.1404152
3/25/25 13:35,432,66.7945447098005,1.935,0.0,13,25,3,23.2475891,15.0671558
3/25/25 13:20,432,66.7945447098005,1.935,0.0,13,25,3,23.3101349,14.8473749
3/25/25 13:05,432,66.7945447098005,1.935,0.0,13,25,3,23.3831596,14.725275
3/25/25 12:50,432,66.7945447098005,1.935,0.0,12,25,3,23.3726654,14.7741156
3/25/25 12:35,432,66.7945447098005,1.935,0.0,12,25,3,23.4352112,14.725275
3/25/25 12:20,432,66.7945447098005,1.935,0.0,12,25,3,23.497757,14.7008553
3/25/25 12:05,432,66.7945447098005,1.935,0.0,12,25,3,23.6853638,14.7496948
3/25/25 11:50,432,66.7945447098005,1.935,0.0,11,25,3,23.8104553,14.8717957
3/25/25 11:35,432,66.7945447098005,1.935,0.0,11,25,3,23.6853638,15.0671558
3/25/25 11:20,432,66.7945447098005,1.935,0.0,11,25,3,23.5602875,15.2869358
3/25/25 11:05,432,66.7945447098005,1.935,0.0,11,25,3,23.497757,15.1404152
3/25/25 10:50,432,66.7945447098005,1.935,0.0,10,25,3,23.497757,14.9694757
3/25/25 10:35,432,66.7945447098005,1.935,0.0,10,25,3,23.6228333,15.5799761
3/25/25 10:20,432,66.7945447098005,1.935,0.0,10,25,3,23.6853638,16.0927963
3/25/25 10:05,432,66.7945447098005,1.935,0.0,10,25,3,23.6853638,16.2881565
3/25/25 9:50,432,66.7945447098005,1.935,0.0,9,25,3,23.8104553,16.3369961
3/25/25 9:35,432,66.7945447098005,1.935,0.0,9,25,3,23.8729858,16.4590969
3/25/25 9:20,432,66.7945447098005,1.935,0.0,9,25,3,23.5602875,16.5731964
3/25/25 9:06,432,66.7945447098005,1.935,0.0,9,25,3,22.872345,16.6544571
3/25/25 8:50,432,66.7945447098005,1.935,0.0,8,25,3,22.4971161,16.7521362
3/25/25 8:35,432,66.7945447098005,1.935,0.0,8,25,3,22.2469635,16.9474964
3/25/25 8:20,432,66.7945447098005,1.935,0.0,8,25,3,22.1218719,17.094017
3/25/25 8:05,432,66.7945447098005,1.935,0.0,8,25,3,21.9967957,17.2649574
3/25/25 7:50,432,66.7945447098005,1.935,0.0,7,25,3,21.8717194,17.4603176
3/25/25 7:35,432,66.7945447098005,1.935,0.0,7,25,3,21.7466431,18.2905979
3/25/25 7:20,432,66.7945447098005,1.935,0.0,7,25,3,21.6215515,19.2185593
3/25/25 7:05,432,66.7945447098005,1.935,0.0,7,25,3,21.4964905,18.9255199
3/25/25 6:50,432,66.7945447098005,1.935,0.0,6,25,3,21.3088684,18.8766785
3/25/25 6:35,432,66.7945447098005,1.935,0.0,6,25,3,21.1212463,18.8522587
3/25/25 6:20,432,66.7945447098005,1.935,0.0,6,25,3,20.7460022,18.8278389
3/25/25 6:05,432,66.7945447098005,1.935,0.0,6,25,3,20.3707581,18.8278389
3/25/25 5:50,432,66.7945447098005,1.935,0.0,5,25,3,20.9336243,18.8522587
3/25/25 5:35,432,66.7945447098005,1.935,0.0,5,25,3,21.0587006,18.8278389
3/25/25 5:20,432,66.7945447098005,1.935,0.0,5,25,3,21.1212463,18.7789993
3/25/25 5:05,432,66.7945447098005,1.935,0.0,5,25,3,21.1837769,18.7545795
3/25/25 4:50,432,66.7945447098005,1.935,0.0,4,25,3,21.1837769,18.7420769
3/25/25 4:35,432,66.7945447098005,1.935,0.0,4,25,3,21.2463226,18.7301598
3/25/25 4:20,432,66.7945447098005,1.935,0.0,4,25,3,21.2463226,18.7301598
3/25/25 4:05,432,66.7945447098005,1.935,0.0,4,25,3,21.3088684,18.6813183
3/25/25 3:50,432,66.7945447098005,1.935,0.0,3,25,3,21.3088684,18.6568985
3/25/25 3:35,432,66.7945447098005,1.935,0.0,3,25,3,21.3713989,18.6324787
3/25/25 3:20,432,66.7945447098005,1.935,0.0,3,25,3,21.3797913,18.6080589
3/25/25 3:05,432,66.7945447098005,1.935,0.0,3,25,3,21.4339294,18.5592194
3/25/25 2:50,432,66.7945447098005,1.935,0.0,2,25,3,21.4964905,18.5103779
3/25/25 2:35,432,66.7945447098005,1.935,0.0,2,25,3,21.4964905,18.4371185
3/25/25 2:20,432,66.7945447098005,1.935,0.0,2,25,3,21.6215515,18.388279
3/25/25 2:05,432,66.7945447098005,1.935,0.0,2,25,3,21.6215515,18.3394394
3/25/25 1:50,432,66.7945447098005,1.935,0.0,1,25,3,21.6840973,18.2905979
3/25/25 1:35,432,66.7945447098005,1.935,0.0,1,25,3,21.7466431,18.1929188
3/25/25 1:20,432,66.7945447098005,1.935,0.0,1,25,3,21.8091736,18.168499
3/25/25 1:05,432,66.7945447098005,1.935,0.0,1,25,3,21.8717194,18.0463982
3/25/25 0:50,432,66.7945447098005,1.935,0.0,0,25,3,21.9967957,17.9731388
3/25/25 0:35,432,66.7945447098005,1.935,0.0,0,25,3,22.0593414,17.851038
3/25/25 0:20,432,66.7945447098005,1.935,0.0,0,25,3,22.0593414,17.6556778
3/25/25 0:05,432,66.7945447098005,1.935,0.0,0,25,3,22.1844177,17.6068382
3/24/25 23:50,432,66.7945447098005,1.935,0.0,23,24,3,22.2469635,17.533577
3/24/25 23:35,432,66.7945447098005,1.935,0.0,23,24,3,22.3720398,17.5091572
3/24/25 23:20,432,66.7945447098005,1.935,0.0,23,24,3,22.4971161,18.168499
3/24/25 23:05,432,66.7945447098005,1.935,0.0,23,24,3,22.5596619,18.3638592
3/24/25 22:50,432,66.7945447098005,1.935,0.0,22,24,3,22.7472839,18.4126987
3/24/25 22:35,432,66.7945447098005,1.935,0.0,22,24,3,22.8098145,18.2661781
3/24/25 22:20,432,66.7945447098005,1.935,0.0,22,24,3,22.9348907,18.168499
3/24/25 22:05,432,66.7945447098005,1.935,0.0,22,24,3,22.9348907,18.1196575
3/24/25 21:50,432,66.7945447098005,1.935,0.0,21,24,3,22.4345703,18.1196575
3/24/25 21:35,432,66.7945447098005,1.935,0.0,21,24,3,22.4345703,18.0219784
3/24/25 21:20,432,66.7945447098005,1.935,0.0,21,24,3,22.5596619,17.948719
3/24/25 21:05,432,66.7945447098005,1.935,0.0,21,24,3,22.5596619,17.8998775
3/24/25 20:50,432,66.7945447098005,1.935,0.0,20,24,3,22.5596619,17.8021984
3/24/25 20:35,432,66.7945447098005,1.935,0.0,20,24,3,22.6847229,17.5091572
3/24/25 20:20,432,66.7945447098005,1.935,0.0,20,24,3,22.6847229,17.3870583
3/24/25 20:05,432,66.7945447098005,1.935,0.0,20,24,3,22.6847229,17.6800976
3/24/25 19:50,432,66.7945447098005,1.935,0.0,19,24,3,22.7472839,17.5579987
3/24/25 19:35,432,66.7945447098005,1.935,0.0,19,24,3,22.8098145,17.3870583
3/24/25 19:20,432,66.7945447098005,1.935,0.0,19,24,3,22.7472839,16.4346771
3/24/25 19:05,432,66.7945447098005,1.935,0.0,19,24,3,22.6847229,16.1904774
3/24/25 18:50,432,66.7945447098005,1.935,0.0,18,24,3,22.4345703,15.9626951
3/24/25 18:35,432,66.7945447098005,1.935,0.0,18,24,3,22.309494,15.6288157
3/24/25 18:20,432,66.7945447098005,1.935,0.0,18,24,3,22.3720398,14.8229551
3/24/25 18:05,432,66.7945447098005,1.935,0.0,18,24,3,22.872345,15.2136755
3/24/25 17:50,432,66.7945447098005,1.935,0.0,17,24,3,23.1850433,14.725275
3/24/25 17:35,432,66.7945447098005,1.935,0.0,17,24,3,23.2475891,14.1391945
3/24/25 17:20,432,66.7945447098005,1.935,0.0,17,24,3,23.497757,13.6263742
3/24/25 17:05,432,66.7945447098005,1.935,0.0,17,24,3,23.6228333,13.0891333
3/24/25 16:50,432,66.7945447098005,1.935,0.0,16,24,3,23.3101349,12.8449335
3/24/25 16:35,432,66.7945447098005,1.935,0.0,16,24,3,22.6221924,12.3565331
3/24/25 16:20,432,66.7945447098005,1.935,0.0,16,24,3,23.059967,12.1123323
3/24/25 16:05,432,66.7945447098005,1.935,0.0,16,24,3,23.497757,11.9902325
3/24/25 15:50,432,66.7945447098005,1.935,0.0,15,24,3,24.0606079,11.8925524
3/24/25 15:35,432,66.7945447098005,1.935,0.0,15,24,3,23.9355164,12.1611729
3/24/25 15:20,432,66.7945447098005,1.935,0.0,15,24,3,23.9355164,11.8192921
3/24/25 15:05,432,66.7945447098005,1.935,0.0,15,24,3,23.9980774,12.0146523
3/24/25 14:50,432,66.7945447098005,1.935,0.0,14,24,3,23.9980774,11.6483526
3/24/25 14:35,432,66.7945447098005,1.935,0.0,14,24,3,23.9980774,11.721612
3/24/25 14:20,432,66.7945447098005,1.935,0.0,14,24,3,24.0205879,11.7704525
3/24/25 14:05,432,66.7945447098005,1.935,0.0,14,24,3,23.9980774,11.7704525
3/24/25 13:50,432,66.7945447098005,1.935,0.0,13,24,3,23.9355164,11.8437128
3/24/25 13:35,432,66.7945447098005,1.935,0.0,13,24,3,23.8729858,11.9169722
3/24/25 13:20,432,66.7945447098005,1.935,0.0,13,24,3,23.7479095,11.6727724
3/24/25 13:05,432,66.7945447098005,1.935,0.0,13,24,3,23.6853638,11.7460327
3/24/25 12:50,432,66.7945447098005,1.935,0.0,12,24,3,23.6228333,11.9413929
3/24/25 12:35,432,66.7945447098005,1.935,0.0,12,24,3,23.6228333,12.1611729
3/24/25 12:20,432,66.7945447098005,1.935,0.0,12,24,3,23.6228333,12.258853
3/24/25 12:05,432,66.7945447098005,1.935,0.0,12,24,3,23.6228333,12.3565331
3/24/25 11:50,432,66.7945447098005,1.935,0.0,11,24,3,23.5602875,12.576313
3/24/25 11:35,432,66.7945447098005,1.935,0.0,11,24,3,23.6228333,12.5907307
3/24/25 11:20,432,66.7945447098005,1.935,0.0,11,24,3,23.6228333,12.258853
3/24/25 11:05,432,66.7945447098005,1.935,0.0,11,24,3,23.5602875,12.0879126
3/24/25 10:50,432,66.7945447098005,1.935,0.0,10,24,3,23.6853638,12.0146523
3/24/25 10:35,432,66.7945447098005,1.935,0.0,10,24,3,23.7479095,12.258853
3/24/25 10:20,432,66.7945447098005,1.935,0.0,10,24,3,23.8104553,12.2344332
3/24/25 10:05,432,66.7945447098005,1.935,0.0,10,24,3,23.9355164,12.4053726
3/24/25 9:50,432,66.7945447098005,1.935,0.0,9,24,3,23.9980774,12.4542131
3/24/25 9:35,432,66.7945447098005,1.935,0.0,9,24,3,23.4352112,12.5518932
3/24/25 9:20,432,66.7945447098005,1.935,0.0,9,24,3,22.872345,12.6495733
3/24/25 9:05,432,66.7945447098005,1.935,0.0,9,24,3,22.4345703,12.7228336
3/24/25 8:50,432,66.7945447098005,1.935,0.0,8,24,3,22.0677338,12.8529348
3/24/25 8:35,432,66.7945447098005,1.935,0.0,8,24,3,21.8717194,12.9181938
3/24/25 8:20,432,66.7945447098005,1.935,0.0,8,24,3,21.6840973,13.0891333
3/24/25 8:05,432,66.7945447098005,1.935,0.0,8,24,3,21.559021,13.2356539
3/24/25 7:50,432,66.7945447098005,1.935,0.0,7,24,3,21.3713989,13.4065943
3/24/25 7:35,432,66.7945447098005,1.935,0.0,7,24,3,21.1837769,14.0170946
3/24/25 7:20,432,66.7945447098005,1.935,0.0,7,24,3,20.99617,14.6520147
3/24/25 7:05,432,66.7945447098005,1.935,0.0,7,24,3,20.7460022,14.3833952
3/24/25 6:50,432,66.7945447098005,1.935,0.0,6,24,3,20.5583801,14.3345547
3/24/25 6:35,432,66.7945447098005,1.935,0.0,6,24,3,20.3082275,14.2857151
3/24/25 6:20,432,66.7945447098005,1.935,0.0,6,24,3,19.8704529,14.2368746
3/24/25 6:05,432,66.7945447098005,1.935,0.0,6,24,3,19.432663,14.1636143
3/24/25 5:50,432,66.7945447098005,1.935,0.0,5,24,3,19.8704529,14.1391945
3/24/25 5:35,432,66.7945447098005,1.935,0.0,5,24,3,20.058075,14.0903549
3/24/25 5:20,432,66.7945447098005,1.935,0.0,5,24,3,20.058075,13.9926748
3/24/25 5:05,432,66.7945447098005,1.935,0.0,5,24,3,20.058075,13.9438343
3/24/25 4:50,432,66.7945447098005,1.935,0.0,4,24,3,20.1206055,13.8949947
3/24/25 4:35,432,66.7945447098005,1.935,0.0,4,24,3,20.143116,13.8461542
3/24/25 4:20,432,66.7945447098005,1.935,0.0,4,24,3,20.183136,13.7973146
3/24/25 4:05,432,66.7945447098005,1.935,0.0,4,24,3,20.183136,13.7240543
3/24/25 3:50,432,66.7945447098005,1.935,0.0,3,24,3,20.245697,13.650794
3/24/25 3:35,432,66.7945447098005,1.935,0.0,3,24,3,20.3082275,13.5531139
3/24/25 3:20,432,66.7945447098005,1.935,0.0,3,24,3,20.3082275,13.5042744
3/24/25 3:05,432,66.7945447098005,1.935,0.0,3,24,3,20.3707581,13.4310141
3/24/25 2:50,432,66.7945447098005,1.935,0.0,2,24,3,20.3912544,13.333334
3/24/25 2:35,432,66.7945447098005,1.935,0.0,2,24,3,20.4333038,13.2844934
3/24/25 2:20,432,66.7945447098005,1.935,0.0,2,24,3,20.4958496,13.1379738
3/24/25 2:05,432,66.7945447098005,1.935,0.0,2,24,3,20.5583801,13.0158739
3/24/25 1:50,432,66.7945447098005,1.935,0.0,1,24,3,20.5583801,12.9426136
3/24/25 1:35,432,66.7945447098005,1.935,0.0,1,24,3,20.6834564,12.8205137
3/24/25 1:20,432,66.7945447098005,1.935,0.0,1,24,3,20.7460022,12.6739931
3/24/25 1:05,432,66.7945447098005,1.935,0.0,1,24,3,20.808548,12.5518932
3/24/25 0:50,432,66.7945447098005,1.935,0.0,0,24,3,20.9336243,12.4786329
3/24/25 0:35,432,66.7945447098005,1.935,0.0,0,24,3,21.0587006,12.3565331
3/24/25 0:20,432,66.7945447098005,1.935,0.0,0,24,3,21.1212463,12.2832727
3/24/25 0:05,432,66.7945447098005,1.935,0.0,0,24,3,21.2463226,12.2100124
3/23/25 23:50,432,66.7945447098005,1.935,0.0,23,23,3,21.3713989,12.1855927
3/23/25 23:35,432,66.7945447098005,1.935,0.0,23,23,3,21.4964905,11.9169722
3/23/25 23:20,432,66.7945447098005,1.935,0.0,23,23,3,21.559021,11.5174608
3/23/25 23:05,432,66.7945447098005,1.935,0.0,23,23,3,21.6215515,11.4285716999999
3/23/25 22:50,432,66.7945447098005,1.935,0.0,22,23,3,21.7466431,11.3797321
3/23/25 22:35,432,66.7945447098005,1.935,0.0,22,23,3,21.8717194,11.3064718
3/23/25 22:20,432,66.7945447098005,1.935,0.0,22,23,3,22.0593414,11.2576323
3/23/25 22:05,432,66.7945447098005,1.935,0.0,22,23,3,22.2469635,11.1843719
3/23/25 21:50,432,66.7945447098005,1.935,0.0,21,23,3,22.1844177,11.0622721
3/23/25 21:35,432,66.7945447098005,1.935,0.0,21,23,3,22.1844177,11.0134315
3/23/25 21:20,432,66.7945447098005,1.935,0.0,21,23,3,22.2469635,11.282052
3/23/25 21:05,432,66.7945447098005,1.935,0.0,21,23,3,22.2469635,11.2732611
3/23/25 20:50,432,66.7945447098005,1.935,0.0,20,23,3,22.2469635,11.3308916
3/23/25 20:35,432,66.7945447098005,1.935,0.0,20,23,3,22.309494,11.3064718
3/23/25 20:20,432,66.7945447098005,1.935,0.0,20,23,3,22.309494,11.3064718
3/23/25 20:05,432,66.7945447098005,1.935,0.0,20,23,3,21.8091736,11.4285716999999
3/23/25 19:50,432,66.7945447098005,1.935,0.0,19,23,3,21.9967957,11.4774122
3/23/25 19:35,432,66.7945447098005,1.935,0.0,19,23,3,22.0593414,11.1355314
3/23/25 19:20,432,66.7945447098005,1.935,0.0,19,23,3,22.1087589,11.0134315
3/23/25 19:05,432,66.7945447098005,1.935,0.0,19,23,3,22.1844177,10.9890118
3/23/25 18:50,432,66.7945447098005,1.935,0.0,18,23,3,22.2469635,10.8669119
3/23/25 18:35,432,66.7945447098005,1.935,0.0,18,23,3,22.3720398,10.8424911
3/23/25 18:20,432,66.7945447098005,1.935,0.0,18,23,3,22.6847229,10.6346283
3/23/25 18:05,432,66.7945447098005,1.935,0.0,18,23,3,22.9348907,10.7936516
3/23/25 17:50,432,66.7945447098005,1.935,0.0,17,23,3,22.9974365,10.8669119
3/23/25 17:35,432,66.7945447098005,1.935,0.0,17,23,3,22.9348907,10.9401712
3/23/25 17:20,432,66.7945447098005,1.935,0.0,17,23,3,22.8098145,10.964592
3/23/25 17:05,432,66.7945447098005,1.935,0.0,17,23,3,22.6221924,11.0378513
3/23/25 16:50,432,66.7945447098005,1.935,0.0,16,23,3,22.3720398,11.0866919
3/23/25 16:35,432,66.7945447098005,1.935,0.0,16,23,3,22.3720398,11.0378513
3/23/25 16:20,432,66.7945447098005,1.935,0.0,16,23,3,22.3720398,10.9890118
3/23/25 16:05,432,66.7945447098005,1.935,0.0,16,23,3,22.3720398,10.8913317
3/23/25 15:50,432,66.7945447098005,1.935,0.0,15,23,3,22.3720398,10.8913317
3/23/25 15:35,432,66.7945447098005,1.935,0.0,15,23,3,22.3720398,10.7692318
3/23/25 15:20,432,66.7945447098005,1.935,0.0,15,23,3,22.3720398,10.5982914
3/23/25 15:05,432,66.7945447098005,1.935,0.0,15,23,3,22.309494,10.7692318
3/23/25 14:50,432,66.7945447098005,1.935,0.0,14,23,3,22.3720398,10.7936516
3/23/25 14:35,432,66.7945447098005,1.935,0.0,14,23,3,22.3720398,10.8424911
3/23/25 14:20,432,66.7945447098005,1.935,0.0,14,23,3,22.4345703,10.9157515
3/23/25 14:05,432,66.7945447098005,1.935,0.0,14,23,3,22.5596619,11.0378513
3/23/25 13:50,432,66.7945447098005,1.935,0.0,13,23,3,22.2990036,11.2478638
3/23/25 13:35,432,66.7945447098005,1.935,0.0,13,23,3,21.8717194,11.1843719
3/23/25 13:20,432,66.7945447098005,1.935,0.0,13,23,3,21.6840973,11.1115265
3/23/25 13:05,432,66.7945447098005,1.935,0.0,13,23,3,21.559021,10.7203913
3/23/25 12:50,432,66.7945447098005,1.935,0.0,12,23,3,21.3713989,10.7936516
3/23/25 12:35,432,66.7945447098005,1.935,0.0,12,23,3,21.2463226,10.8913317
3/23/25 12:20,432,66.7945447098005,1.935,0.0,12,23,3,21.1837769,10.9890118
3/23/25 12:05,432,66.7945447098005,1.935,0.0,12,23,3,21.0587006,11.2332115
3/23/25 11:50,432,66.7945447098005,1.935,0.0,11,23,3,20.9336243,11.4285716999999
3/23/25 11:35,432,66.7945447098005,1.935,0.0,11,23,3,20.8710785,11.5750923
3/23/25 11:20,432,66.7945447098005,1.935,0.0,11,23,3,20.808548,11.7948723
3/23/25 11:05,432,66.7945447098005,1.935,0.0,11,23,3,20.7460022,11.9783154
3/23/25 10:50,432,66.7945447098005,1.935,0.0,10,23,3,20.6834564,12.2100124
3/23/25 10:35,432,66.7945447098005,1.935,0.0,10,23,3,20.6834564,12.3911963
3/23/25 10:20,432,66.7945447098005,1.935,0.0,10,23,3,20.5583801,12.5518932
3/23/25 10:05,432,66.7945447098005,1.935,0.0,10,23,3,20.5583801,12.6495733
3/23/25 9:50,432,66.7945447098005,1.935,0.0,9,23,3,20.5583801,12.6739931
3/23/25 9:35,432,66.7945447098005,1.935,0.0,9,23,3,20.5583801,12.3076925
3/23/25 9:20,432,66.7945447098005,1.935,0.0,9,23,3,20.4333038,12.3321133
3/23/25 9:05,432,66.7945447098005,1.935,0.0,9,23,3,20.4958496,12.3321133
3/23/25 8:50,432,66.7945447098005,1.935,0.0,8,23,3,20.4958496,12.3321133
3/23/25 8:35,432,66.7945447098005,1.935,0.0,8,23,3,20.4958496,12.3809528
3/23/25 8:20,432,66.7945447098005,1.935,0.0,8,23,3,20.5583801,12.4297934
3/23/25 8:05,432,66.7945447098005,1.935,0.0,8,23,3,20.99617,12.4786329
3/23/25 7:50,432,66.7945447098005,1.935,0.0,7,23,3,20.8710785,12.5518932
3/23/25 7:35,432,66.7945447098005,1.935,0.0,7,23,3,20.808548,12.8693533
3/23/25 7:20,432,66.7945447098005,1.935,0.0,7,23,3,20.6834564,12.7716732
3/23/25 7:05,432,66.7945447098005,1.935,0.0,7,23,3,20.5583801,12.0879126
3/23/25 6:50,432,66.7945447098005,1.935,0.0,6,23,3,20.4333038,11.9658127
3/23/25 6:35,432,66.7945447098005,1.935,0.0,6,23,3,20.183136,11.8925524
3/23/25 6:20,432,66.7945447098005,1.935,0.0,6,23,3,19.9329834,11.8192921
3/23/25 6:05,432,66.7945447098005,1.935,0.0,6,23,3,19.5036049,11.721612
3/23/25 5:50,432,66.7945447098005,1.935,0.0,5,23,3,20.0160255,11.6483526
3/23/25 5:35,432,66.7945447098005,1.935,0.0,5,23,3,20.245697,11.6239319
3/23/25 5:20,432,66.7945447098005,1.935,0.0,5,23,3,20.245697,11.501832
3/23/25 5:05,432,66.7945447098005,1.935,0.0,5,23,3,20.245697,11.4774122
3/23/25 4:50,432,66.7945447098005,1.935,0.0,4,23,3,20.245697,11.3064718
3/23/25 4:35,432,66.7945447098005,1.935,0.0,4,23,3,20.3082275,11.2087917
3/23/25 4:20,432,66.7945447098005,1.935,0.0,4,23,3,20.3082275,11.1355314
3/23/25 4:05,432,66.7945447098005,1.935,0.0,4,23,3,20.3707581,11.0134315
3/23/25 3:50,432,66.7945447098005,1.935,0.0,3,23,3,20.3707581,10.964592
3/23/25 3:35,432,66.7945447098005,1.935,0.0,3,23,3,20.3707581,10.8913317
3/23/25 3:20,432,66.7945447098005,1.935,0.0,3,23,3,20.4333038,10.7772331
3/23/25 3:05,432,66.7945447098005,1.935,0.0,3,23,3,20.4333038,10.647131
3/23/25 2:50,432,66.7945447098005,1.935,0.0,2,23,3,20.4333038,10.5494509
3/23/25 2:35,432,66.7945447098005,1.935,0.0,2,23,3,20.4958496,10.427351
3/23/25 2:20,432,66.7945447098005,1.935,0.0,2,23,3,20.4958496,10.3296709
3/23/25 2:05,432,66.7945447098005,1.935,0.0,2,23,3,20.5583801,10.2319908
3/23/25 1:50,432,66.7945447098005,1.935,0.0,1,23,3,20.6209259,10.0610504
3/23/25 1:35,432,66.7945447098005,1.935,0.0,1,23,3,20.6209259,9.94383335
3/23/25 1:20,432,66.7945447098005,1.935,0.0,1,23,3,20.6834564,9.81684971
3/23/25 1:05,432,66.7945447098005,1.935,0.0,1,23,3,20.7460022,9.69916439
3/23/25 0:50,432,66.7945447098005,1.935,0.0,0,23,3,20.808548,9.54822922
3/23/25 0:35,432,66.7945447098005,1.935,0.0,0,23,3,20.808548,9.45054913
3/23/25 0:20,432,66.7945447098005,1.935,0.0,0,23,3,20.9336243,9.23076916
3/23/25 0:05,432,66.7945447098005,1.935,0.0,0,23,3,20.99617,9.05982876
3/22/25 23:50,432,66.7945447098005,1.935,0.0,23,22,3,21.0587006,8.86446857
3/22/25 23:35,432,66.7945447098005,1.935,0.0,23,22,3,21.1212463,8.66910839
3/22/25 23:20,432,66.7945447098005,1.935,0.0,23,22,3,21.2463226,8.79120922
3/22/25 23:05,432,66.7945447098005,1.935,0.0,23,22,3,21.3088684,8.79120922
3/22/25 22:50,432,66.7945447098005,1.935,0.0,22,22,3,21.4339294,8.79120922
3/22/25 22:35,432,66.7945447098005,1.935,0.0,22,22,3,21.559021,8.86446857
3/22/25 22:20,432,66.7945447098005,1.935,0.0,22,22,3,21.6215515,8.99818516
3/22/25 22:05,432,66.7945447098005,1.935,0.0,22,22,3,21.6215515,8.93772888
3/22/25 21:50,432,66.7945447098005,1.935,0.0,21,22,3,21.1212463,9.05982876
3/22/25 21:35,432,66.7945447098005,1.935,0.0,21,22,3,21.1212463,8.96214867
3/22/25 21:20,432,66.7945447098005,1.935,0.0,21,22,3,21.1212463,8.64468861
3/22/25 21:05,432,66.7945447098005,1.935,0.0,21,22,3,21.1212463,8.59584904
3/22/25 20:50,432,66.7945447098005,1.935,0.0,20,22,3,21.1212463,8.52258873
3/22/25 20:35,432,66.7945447098005,1.935,0.0,20,22,3,21.0587006,8.47374821
3/22/25 20:20,432,66.7945447098005,1.935,0.0,20,22,3,21.1212463,8.47374821
3/22/25 20:05,432,66.7945447098005,1.935,0.0,20,22,3,21.4964905,8.39248657
3/22/25 19:50,432,66.7945447098005,1.935,0.0,19,22,3,21.4339294,8.35164833
3/22/25 19:35,432,66.7945447098005,1.935,0.0,19,22,3,21.4964905,8.27838802
3/22/25 19:20,432,66.7945447098005,1.935,0.0,19,22,3,21.6215515,8.30280876
3/22/25 19:05,432,66.7945447098005,1.935,0.0,19,22,3,21.6840973,8.18070793
3/22/25 18:50,432,66.7945447098005,1.935,0.0,18,22,3,21.7466431,8.13186836
3/22/25 18:35,432,66.7945447098005,1.935,0.0,18,22,3,21.7466431,8.08302784
3/22/25 18:20,432,66.7945447098005,1.935,0.0,18,22,3,21.8091736,8.00976849
3/22/25 18:05,432,66.7945447098005,1.935,0.0,18,22,3,21.8717194,7.93650818
3/22/25 17:50,432,66.7945447098005,1.935,0.0,17,22,3,21.9342499,7.93650818
3/22/25 17:35,432,66.7945447098005,1.935,0.0,17,22,3,21.9967957,7.81440783
3/22/25 17:20,432,66.7945447098005,1.935,0.0,17,22,3,22.0593414,7.91208792
3/22/25 17:05,432,66.7945447098005,1.935,0.0,17,22,3,22.1218719,7.96092796
3/22/25 16:50,432,66.7945447098005,1.935,0.0,16,22,3,22.1844177,8.03418827
3/22/25 16:35,432,66.7945447098005,1.935,0.0,16,22,3,22.309494,8.08302784
3/22/25 16:20,432,66.7945447098005,1.935,0.0,16,22,3,22.4345703,8.42490864
3/22/25 16:05,432,66.7945447098005,1.935,0.0,16,22,3,22.3720398,8.49816895
3/22/25 15:50,432,66.7945447098005,1.935,0.0,15,22,3,21.9342499,8.79120922
3/22/25 15:35,432,66.7945447098005,1.935,0.0,15,22,3,21.8717194,8.69352913
3/22/25 15:20,432,66.7945447098005,1.935,0.0,15,22,3,21.8091736,8.79120922
3/22/25 15:05,432,66.7945447098005,1.935,0.0,15,22,3,21.6840973,8.66910839
3/22/25 14:50,432,66.7945447098005,1.935,0.0,14,22,3,21.4964905,7.81440783
3/22/25 14:35,432,66.7945447098005,1.935,0.0,14,22,3,21.4339294,7.5702076
3/22/25 14:20,432,66.7945447098005,1.935,0.0,14,22,3,21.3393822,7.52136755
3/22/25 14:05,432,66.7945447098005,1.935,0.0,14,22,3,21.2463226,7.44810772
3/22/25 13:50,432,66.7945447098005,1.935,0.0,13,22,3,21.1837769,7.35042763
3/22/25 13:35,432,66.7945447098005,1.935,0.0,13,22,3,21.1837769,7.22832727
3/22/25 13:20,432,66.7945447098005,1.935,0.0,13,22,3,21.1212463,7.15506744
3/22/25 13:05,432,66.7945447098005,1.935,0.0,13,22,3,21.1837769,7.15506744
3/22/25 12:50,432,66.7945447098005,1.935,0.0,12,22,3,21.1837769,7.14506483
3/22/25 12:35,432,66.7945447098005,1.935,0.0,12,22,3,21.2627201,7.17948723
3/22/25 12:20,432,66.7945447098005,1.935,0.0,12,22,3,21.2062931,7.25274754
3/22/25 12:05,432,66.7945447098005,1.935,0.0,12,22,3,21.2463226,7.20390749
3/22/25 11:50,432,66.7945447098005,1.935,0.0,11,22,3,21.3088684,7.35042763
3/22/25 11:35,432,66.7945447098005,1.935,0.0,11,22,3,21.2463226,7.4725275
3/22/25 11:20,432,66.7945447098005,1.935,0.0,11,22,3,21.1837769,7.66788769
3/22/25 11:05,432,66.7945447098005,1.935,0.0,11,22,3,21.3713989,7.78998804
3/22/25 10:50,432,66.7945447098005,1.935,0.0,10,22,3,21.3713989,7.96092796
3/22/25 10:35,432,66.7945447098005,1.935,0.0,10,22,3,21.288372,8.364151
3/22/25 10:20,432,66.7945447098005,1.935,0.0,10,22,3,21.2463226,8.64468861
3/22/25 10:05,432,66.7945447098005,1.935,0.0,10,22,3,21.1837769,8.93772888
3/22/25 9:50,432,66.7945447098005,1.935,0.0,9,22,3,21.1212463,9.20634937
3/22/25 9:35,432,66.7945447098005,1.935,0.0,9,22,3,21.0587006,9.03540897
3/22/25 9:20,432,66.7945447098005,1.935,0.0,9,22,3,21.0587006,9.05982876
3/22/25 9:05,432,66.7945447098005,1.935,0.0,9,22,3,20.99617,9.01098919
3/22/25 8:50,432,66.7945447098005,1.935,0.0,8,22,3,20.9336243,9.0842495
3/22/25 8:35,432,66.7945447098005,1.935,0.0,8,22,3,20.9336243,9.0842495
3/22/25 8:20,432,66.7945447098005,1.935,0.0,8,22,3,21.1837769,9.13308907
3/22/25 8:05,432,66.7945447098005,1.935,0.0,8,22,3,20.99617,9.20634937
3/22/25 7:50,432,66.7945447098005,1.935,0.0,7,22,3,20.9336243,9.23076916
3/22/25 7:35,432,66.7945447098005,1.935,0.0,7,22,3,20.808548,9.52380943
3/22/25 7:20,432,66.7945447098005,1.935,0.0,7,22,3,20.5583801,9.93894958
3/22/25 7:05,432,66.7945447098005,1.935,0.0,7,22,3,20.3082275,9.96337032
3/22/25 6:50,432,66.7945447098005,1.935,0.0,6,22,3,19.9955292,9.93894958
3/22/25 6:35,432,66.7945447098005,1.935,0.0,6,22,3,19.620285,9.9145298
3/22/25 6:20,432,66.7945447098005,1.935,0.0,6,22,3,19.2450562,9.93894958
3/22/25 6:05,432,66.7945447098005,1.935,0.0,6,22,3,18.7447357,9.93894958
3/22/25 5:50,432,66.7945447098005,1.935,0.0,5,22,3,18.9949036,9.9145298
3/22/25 5:35,432,66.7945447098005,1.935,0.0,5,22,3,19.432663,9.9145298
3/22/25 5:20,432,66.7945447098005,1.935,0.0,5,22,3,19.432663,9.89011002
3/22/25 5:05,432,66.7945447098005,1.935,0.0,5,22,3,19.4952087,9.89011002
3/22/25 4:50,432,66.7945447098005,1.935,0.0,4,22,3,19.4952087,9.89011002
3/22/25 4:35,432,66.7945447098005,1.935,0.0,4,22,3,19.5577545,9.93894958
3/22/25 4:20,432,66.7945447098005,1.935,0.0,4,22,3,19.620285,9.96337032
3/22/25 4:05,432,66.7945447098005,1.935,0.0,4,22,3,19.6828308,9.96337032
3/22/25 3:50,432,66.7945447098005,1.935,0.0,3,22,3,19.6828308,9.96337032
3/22/25 3:35,432,66.7945447098005,1.935,0.0,3,22,3,19.7453766,9.98779011
3/22/25 3:20,432,66.7945447098005,1.935,0.0,3,22,3,19.8079071,9.95457935
3/22/25 3:05,432,66.7945447098005,1.935,0.0,3,22,3,19.8704529,9.96337032
3/22/25 2:50,432,66.7945447098005,1.935,0.0,2,22,3,19.8704529,9.81684971
3/22/25 2:35,432,66.7945447098005,1.935,0.0,2,22,3,19.9329834,9.64590931
3/22/25 2:20,432,66.7945447098005,1.935,0.0,2,22,3,19.9955292,9.57264996
3/22/25 2:05,432,66.7945447098005,1.935,0.0,2,22,3,20.058075,9.37728977
3/22/25 1:50,432,66.7945447098005,1.935,0.0,1,22,3,20.1206055,9.25518894
3/22/25 1:35,432,66.7945447098005,1.935,0.0,1,22,3,20.1206055,9.03540897
3/22/25 1:20,432,66.7945447098005,1.935,0.0,1,22,3,20.4333038,8.86446857
3/22/25 1:05,432,66.7945447098005,1.935,0.0,1,22,3,20.4958496,8.68864536
3/22/25 0:50,432,66.7945447098005,1.935,0.0,0,22,3,20.6209259,8.54700851
3/22/25 0:35,432,66.7945447098005,1.935,0.0,0,22,3,20.7460022,8.37606812
3/22/25 0:20,432,66.7945447098005,1.935,0.0,0,22,3,20.808548,8.25396824
3/22/25 0:05,432,66.7945447098005,1.935,0.0,0,22,3,20.9336243,8.05860806
3/21/25 23:50,432,66.7945447098005,1.935,0.0,23,21,3,21.0587006,7.96092796
3/21/25 23:35,432,66.7945447098005,1.935,0.0,23,21,3,21.1212463,7.5702076
3/21/25 23:20,432,66.7945447098005,1.935,0.0,23,21,3,21.1837769,7.52136755
3/21/25 23:05,432,66.7945447098005,1.935,0.0,23,21,3,21.2463226,7.39926767
3/21/25 22:50,432,66.7945447098005,1.935,0.0,22,21,3,21.3088684,7.42368746
3/21/25 22:35,432,66.7945447098005,1.935,0.0,22,21,3,21.3713989,7.42368746
3/21/25 22:20,432,66.7945447098005,1.935,0.0,22,21,3,21.3713989,7.39926767
3/21/25 22:05,432,66.7945447098005,1.935,0.0,22,21,3,21.3713989,7.37484741
3/21/25 21:50,432,66.7945447098005,1.935,0.0,21,21,3,20.8710785,7.39926767
3/21/25 21:35,432,66.7945447098005,1.935,0.0,21,21,3,20.7460022,7.15506744
3/21/25 21:20,432,66.7945447098005,1.935,0.0,21,21,3,20.6834564,7.04919338
3/21/25 21:05,432,66.7945447098005,1.935,0.0,21,21,3,20.7460022,7.15506744
3/21/25 20:50,432,66.7945447098005,1.935,0.0,20,21,3,20.7623997,7.27716732
3/21/25 20:35,432,66.7945447098005,1.935,0.0,20,21,3,20.8710785,7.08180714
3/21/25 20:20,432,66.7945447098005,1.935,0.0,20,21,3,20.808548,7.03296709
3/21/25 20:05,432,66.7945447098005,1.935,0.0,20,21,3,21.3713989,7.30158758
3/21/25 19:50,432,66.7945447098005,1.935,0.0,19,21,3,21.4964905,7.03296709
3/21/25 19:35,432,66.7945447098005,1.935,0.0,19,21,3,21.6840973,6.72350931
3/21/25 19:20,432,66.7945447098005,1.935,0.0,19,21,3,21.6840973,6.59340668
3/21/25 19:05,432,66.7945447098005,1.935,0.0,19,21,3,21.8717194,6.56898689
3/21/25 18:50,432,66.7945447098005,1.935,0.0,18,21,3,21.9342499,6.54456663
3/21/25 18:35,432,66.7945447098005,1.935,0.0,18,21,3,21.9967957,6.49572659
3/21/25 18:20,432,66.7945447098005,1.935,0.0,18,21,3,21.9342499,6.4713068
3/21/25 18:05,432,66.7945447098005,1.935,0.0,18,21,3,21.9342499,6.56898689
3/21/25 17:50,432,66.7945447098005,1.935,0.0,17,21,3,21.9967957,6.73992682
3/21/25 17:35,432,66.7945447098005,1.935,0.0,17,21,3,22.0593414,7.17948723
3/21/25 17:20,432,66.7945447098005,1.935,0.0,17,21,3,22.2469635,6.91965818
3/21/25 17:05,432,66.7945447098005,1.935,0.0,17,21,3,22.309494,7.1062274
3/21/25 16:50,432,66.7945447098005,1.935,0.0,16,21,3,22.3720398,7.17948723
3/21/25 16:35,432,66.7945447098005,1.935,0.0,16,21,3,22.4971161,7.27716732
3/21/25 16:20,432,66.7945447098005,1.935,0.0,16,21,3,22.5596619,7.52136755
3/21/25 16:05,432,66.7945447098005,1.935,0.0,16,21,3,22.6221924,7.5702076
3/21/25 15:50,432,66.7945447098005,1.935,0.0,15,21,3,22.6847229,7.4725275
3/21/25 15:35,432,66.7945447098005,1.935,0.0,15,21,3,22.7472839,7.71672773
3/21/25 15:20,432,66.7945447098005,1.935,0.0,15,21,3,22.7472839,7.78998804
3/21/25 15:05,432,66.7945447098005,1.935,0.0,15,21,3,22.7967014,8.00976849
3/21/25 14:50,432,66.7945447098005,1.935,0.0,14,21,3,22.8098145,8.03418827
3/21/25 14:35,432,66.7945447098005,1.935,0.0,14,21,3,22.8098145,8.03418827
3/21/25 14:20,432,66.7945447098005,1.935,0.0,14,21,3,22.8098145,8.22954845
3/21/25 14:05,432,66.7945447098005,1.935,0.0,14,21,3,22.872345,7.71672773
3/21/25 13:50,432,66.7945447098005,1.935,0.0,13,21,3,22.872345,7.93650818
3/21/25 13:35,432,66.7945447098005,1.935,0.0,13,21,3,22.8098145,7.96092796
3/21/25 13:20,432,66.7945447098005,1.935,0.0,13,21,3,22.7472839,8.08302784
3/21/25 13:05,432,66.7945447098005,1.935,0.0,13,21,3,22.6221924,8.20512867
3/21/25 12:50,432,66.7945447098005,1.935,0.0,12,21,3,22.5596619,8.40048885
3/21/25 12:35,432,66.7945447098005,1.935,0.0,12,21,3,22.4971161,8.54700851
3/21/25 12:20,432,66.7945447098005,1.935,0.0,12,21,3,22.4345703,8.79120922
3/21/25 12:05,432,66.7945447098005,1.935,0.0,12,21,3,22.309494,9.01098919
3/21/25 11:50,432,66.7945447098005,1.935,0.0,11,21,3,22.2469635,9.35286903
3/21/25 11:35,432,66.7945447098005,1.935,0.0,11,21,3,22.1218719,9.76801014
3/21/25 11:20,432,66.7945447098005,1.935,0.0,11,21,3,21.9967957,10.3296709
3/21/25 11:05,432,66.7945447098005,1.935,0.0,11,21,3,21.8717194,10.7448111
3/21/25 10:50,432,66.7945447098005,1.935,0.0,10,21,3,21.7466431,11.7460327
3/21/25 10:35,432,66.7945447098005,1.935,0.0,10,21,3,21.6215515,12.796093
3/21/25 10:20,432,66.7945447098005,1.935,0.0,10,21,3,21.4964905,13.2356539
3/21/25 10:05,432,66.7945447098005,1.935,0.0,10,21,3,21.3713989,13.6664228
3/21/25 9:50,432,66.7945447098005,1.935,0.0,9,21,3,21.2463226,13.8217344
3/21/25 9:35,432,66.7945447098005,1.935,0.0,9,21,3,21.1837769,13.8461542
3/21/25 9:20,432,66.7945447098005,1.935,0.0,9,21,3,21.1837769,13.9194145
3/21/25 9:05,432,66.7945447098005,1.935,0.0,9,21,3,21.3088684,13.9682541
3/21/25 8:50,432,66.7945447098005,1.935,0.0,8,21,3,21.258831,14.0659342
3/21/25 8:35,432,66.7945447098005,1.935,0.0,8,21,3,20.9336243,14.1147747
3/21/25 8:20,432,66.7945447098005,1.935,0.0,8,21,3,20.9336243,14.188035
3/21/25 8:05,432,66.7945447098005,1.935,0.0,8,21,3,20.9336243,14.2612944
3/21/25 7:50,432,66.7945447098005,1.935,0.0,7,21,3,20.8710785,14.3150187
3/21/25 7:35,432,66.7945447098005,1.935,0.0,7,21,3,20.8710785,14.9206352
3/21/25 7:20,432,66.7945447098005,1.935,0.0,7,21,3,20.7460022,16.293745
3/21/25 7:05,432,66.7945447098005,1.935,0.0,7,21,3,20.6834564,17.3626385
3/21/25 6:50,432,66.7945447098005,1.935,0.0,6,21,3,20.5583801,17.5824184
3/21/25 6:35,432,66.7945447098005,1.935,0.0,6,21,3,20.3707581,17.8266182
3/21/25 6:20,432,66.7945447098005,1.935,0.0,6,21,3,19.9955292,18.0708179
3/21/25 6:05,432,66.7945447098005,1.935,0.0,6,21,3,19.7453766,18.2905979
3/21/25 5:50,432,66.7945447098005,1.935,0.0,5,21,3,19.9329834,18.5347996
3/21/25 5:35,432,66.7945447098005,1.935,0.0,5,21,3,20.4333038,18.8034191
3/21/25 5:20,432,66.7945447098005,1.935,0.0,5,21,3,20.4958496,18.9987793
3/21/25 5:05,432,66.7945447098005,1.935,0.0,5,21,3,20.4958496,19.242979
3/21/25 4:50,432,66.7945447098005,1.935,0.0,4,21,3,20.4958496,19.1208801
3/21/25 4:35,432,66.7945447098005,1.935,0.0,4,21,3,20.5583801,19.1208801
3/21/25 4:20,432,66.7945447098005,1.935,0.0,4,21,3,20.6209259,19.0720387
3/21/25 4:05,432,66.7945447098005,1.935,0.0,4,21,3,20.6834564,19.0231991
3/21/25 3:50,432,66.7945447098005,1.935,0.0,3,21,3,20.6834564,18.9499397
3/21/25 3:35,432,66.7945447098005,1.935,0.0,3,21,3,20.7460022,18.9499397
3/21/25 3:20,432,66.7945447098005,1.935,0.0,3,21,3,20.99617,18.8766785
3/21/25 3:05,432,66.7945447098005,1.935,0.0,3,21,3,20.99617,18.7789993
3/21/25 2:50,432,66.7945447098005,1.935,0.0,2,21,3,21.0587006,18.7545795
3/21/25 2:35,432,66.7945447098005,1.935,0.0,2,21,3,21.1212463,18.7301598
3/21/25 2:20,432,66.7945447098005,1.935,0.0,2,21,3,21.1837769,18.7057381
3/21/25 2:05,432,66.7945447098005,1.935,0.0,2,21,3,21.2463226,18.7057381
3/21/25 1:50,432,66.7945447098005,1.935,0.0,1,21,3,21.2463226,18.6080589
3/21/25 1:35,432,66.7945447098005,1.935,0.0,1,21,3,21.3088684,18.5592194
3/21/25 1:20,432,66.7945447098005,1.935,0.0,1,21,3,21.3088684,18.4615383
3/21/25 1:05,432,66.7945447098005,1.935,0.0,1,21,3,21.3088684,18.388279
3/21/25 0:50,432,66.7945447098005,1.935,0.0,0,21,3,21.3088684,18.2661781
3/21/25 0:35,432,66.7945447098005,1.935,0.0,0,21,3,21.3088684,18.1929188
3/21/25 0:20,432,66.7945447098005,1.935,0.0,0,21,3,21.3088684,18.0952377
3/21/25 0:05,432,66.7945447098005,1.935,0.0,0,21,3,21.3088684,17.9975586
3/20/25 23:50,432,66.7945447098005,1.935,0.0,23,20,3,21.3713989,17.9242973
3/20/25 23:35,432,66.7945447098005,1.935,0.0,23,20,3,21.3713989,17.8754578
3/20/25 23:20,432,66.7945447098005,1.935,0.0,23,20,3,21.3713989,18.1440792
3/20/25 23:05,432,66.7945447098005,1.935,0.0,23,20,3,21.3713989,18.1196575
3/20/25 22:50,432,66.7945447098005,1.935,0.0,22,20,3,21.3713989,18.5347996
3/20/25 22:35,432,66.7945447098005,1.935,0.0,22,20,3,21.3088684,19.1697197
3/20/25 22:20,432,66.7945447098005,1.935,0.0,22,20,3,21.2463226,19.8046398
3/20/25 22:05,432,66.7945447098005,1.935,0.0,22,20,3,20.99617,19.8778992
3/20/25 21:50,432,66.7945447098005,1.935,0.0,21,20,3,20.8710785,19.8778992
3/20/25 21:35,432,66.7945447098005,1.935,0.0,21,20,3,20.99617,19.9267406
3/20/25 21:20,432,66.7945447098005,1.935,0.0,21,20,3,21.1837769,20.0488396
3/20/25 21:05,432,66.7945447098005,1.935,0.0,21,20,3,21.2463226,20.0244217
3/20/25 20:50,432,66.7945447098005,1.935,0.0,20,20,3,21.2463226,19.9755802
3/20/25 20:35,432,66.7945447098005,1.935,0.0,20,20,3,21.3713989,19.8778992
3/20/25 20:20,432,66.7945447098005,1.935,0.0,20,20,3,21.4964905,19.9267406
3/20/25 20:05,432,66.7945447098005,1.935,0.0,20,20,3,21.4339294,19.9267406
3/20/25 19:50,432,66.7945447098005,1.935,0.0,19,20,3,21.559021,19.9267406
3/20/25 19:35,432,66.7945447098005,1.935,0.0,19,20,3,21.6840973,20
3/20/25 19:20,432,66.7945447098005,1.935,0.0,19,20,3,21.8091736,20.2686214
3/20/25 19:05,432,66.7945447098005,1.935,0.0,19,20,3,21.8717194,19.9755802
3/20/25 18:50,432,66.7945447098005,1.935,0.0,18,20,3,21.9342499,19.9511604
3/20/25 18:35,432,66.7945447098005,1.935,0.0,18,20,3,21.9967957,19.8778992
3/20/25 18:20,432,66.7945447098005,1.935,0.0,18,20,3,22.1218719,19.9023209
3/20/25 18:05,432,66.7945447098005,1.935,0.0,18,20,3,22.0593414,19.78022
3/20/25 17:50,432,66.7945447098005,1.935,0.0,17,20,3,21.8717194,19.5604401
3/20/25 17:35,432,66.7945447098005,1.935,0.0,17,20,3,21.9342499,19.4871788
3/20/25 17:20,432,66.7945447098005,1.935,0.0,17,20,3,21.9967957,19.0476189
3/20/25 17:05,432,66.7945447098005,1.935,0.0,17,20,3,22.0593414,19.0476189
3/20/25 16:50,432,66.7945447098005,1.935,0.0,16,20,3,22.1218719,18.8610497
3/20/25 16:35,432,66.7945447098005,1.935,0.0,16,20,3,22.1844177,18.3638592
3/20/25 16:20,432,66.7945447098005,1.935,0.0,16,20,3,22.2469635,18.453537
3/20/25 16:05,432,66.7945447098005,1.935,0.0,16,20,3,22.1844177,18.3638592
3/20/25 15:50,432,66.7945447098005,1.935,0.0,15,20,3,22.1844177,18.1929188
3/20/25 15:35,432,66.7945447098005,1.935,0.0,15,20,3,22.309494,17.8998775
3/20/25 15:20,432,66.7945447098005,1.935,0.0,15,20,3,22.6221924,17.8021984
3/20/25 15:05,432,66.7945447098005,1.935,0.0,15,20,3,22.5596619,17.4603176
3/20/25 14:50,432,66.7945447098005,1.935,0.0,14,20,3,22.6847229,17.313797
3/20/25 14:35,432,66.7945447098005,1.935,0.0,14,20,3,22.6847229,16.9426117
3/20/25 14:20,432,66.7945447098005,1.935,0.0,14,20,3,22.7472839,16.6544571
3/20/25 14:05,432,66.7945447098005,1.935,0.0,14,20,3,22.6847229,16.4102573
3/20/25 13:50,432,66.7945447098005,1.935,0.0,13,20,3,22.7472839,16.1660557
3/20/25 13:35,432,66.7945447098005,1.935,0.0,13,20,3,22.872345,15.8485966
3/20/25 13:20,432,66.7945447098005,1.935,0.0,13,20,3,22.9974365,15.8485966
3/20/25 13:05,432,66.7945447098005,1.935,0.0,13,20,3,22.9974365,15.7753363
3/20/25 12:50,432,66.7945447098005,1.935,0.0,12,20,3,23.059967,15.7264957
3/20/25 12:35,432,66.7945447098005,1.935,0.0,12,20,3,23.1225128,15.8241758
3/20/25 12:20,432,66.7945447098005,1.935,0.0,12,20,3,23.3101349,15.7509165
3/20/25 12:05,432,66.7945447098005,1.935,0.0,12,20,3,23.497757,15.6532364
3/20/25 11:50,432,66.7945447098005,1.935,0.0,11,20,3,23.3726654,15.4334555
3/20/25 11:35,432,66.7945447098005,1.935,0.0,11,20,3,23.2370949,15.2136755
3/20/25 11:20,432,66.7945447098005,1.935,0.0,11,20,3,23.059967,15.0507374
3/20/25 11:05,432,66.7945447098005,1.935,0.0,11,20,3,22.872345,14.9206352
3/20/25 10:50,432,66.7945447098005,1.935,0.0,10,20,3,22.6847229,14.725275
3/20/25 10:35,432,66.7945447098005,1.935,0.0,10,20,3,22.4971161,14.5787554
3/20/25 10:20,432,66.7945447098005,1.935,0.0,10,20,3,22.309494,15.262516
3/20/25 10:05,432,66.7945447098005,1.935,0.0,10,20,3,22.1844177,15.3846159
3/20/25 9:50,432,66.7945447098005,1.935,0.0,9,20,3,22.0593414,15.5067158
3/20/25 9:35,432,66.7945447098005,1.935,0.0,9,20,3,21.8717194,15.6200247
3/20/25 9:20,432,66.7945447098005,1.935,0.0,9,20,3,21.8717194,15.7997561
3/20/25 9:05,432,66.7945447098005,1.935,0.0,9,20,3,20.99617,15.9462767
3/20/25 8:50,432,66.7945447098005,1.935,0.0,8,20,3,20.8710785,16.0439568
3/20/25 8:35,432,66.7945447098005,1.935,0.0,8,20,3,20.8710785,16.2881565
3/20/25 8:20,432,66.7945447098005,1.935,0.0,8,20,3,20.8390617,16.6056175
3/20/25 8:05,432,66.7945447098005,1.935,0.0,8,20,3,20.808548,16.8986568
3/20/25 7:50,432,66.7945447098005,1.935,0.0,7,20,3,20.7460022,16.7521362
3/20/25 7:35,432,66.7945447098005,1.935,0.0,7,20,3,20.6834564,17.411478
3/20/25 7:20,432,66.7945447098005,1.935,0.0,7,20,3,20.6834564,17.7777786
3/20/25 7:05,432,66.7945447098005,1.935,0.0,7,20,3,20.5583801,17.2405376
3/20/25 6:50,432,66.7945447098005,1.935,0.0,6,20,3,20.5583801,17.1916981
3/20/25 6:35,432,66.7945447098005,1.935,0.0,6,20,3,20.8710785,17.1428566
3/20/25 6:20,432,66.7945447098005,1.935,0.0,6,20,3,20.4958496,17.094017
3/20/25 6:05,432,66.7945447098005,1.935,0.0,6,20,3,20.1206055,17.0207577
3/20/25 5:50,432,66.7945447098005,1.935,0.0,5,20,3,20.7460022,16.9474964
3/20/25 5:35,432,66.7945447098005,1.935,0.0,5,20,3,20.9336243,16.9474964
3/20/25 5:20,432,66.7945447098005,1.935,0.0,5,20,3,20.9336243,16.8986568
3/20/25 5:05,432,66.7945447098005,1.935,0.0,5,20,3,20.99617,16.8253975
3/20/25 4:50,432,66.7945447098005,1.935,0.0,4,20,3,20.99617,16.8009777
3/20/25 4:35,432,66.7945447098005,1.935,0.0,4,20,3,20.99617,16.7521362
3/20/25 4:20,432,66.7945447098005,1.935,0.0,4,20,3,21.0587006,16.6788769
3/20/25 4:05,432,66.7945447098005,1.935,0.0,4,20,3,21.1212463,16.5811977
3/20/25 3:50,432,66.7945447098005,1.935,0.0,3,20,3,21.1212463,16.5323563
3/20/25 3:35,432,66.7945447098005,1.935,0.0,3,20,3,21.1837769,16.4590969
3/20/25 3:20,432,66.7945447098005,1.935,0.0,3,20,3,21.1837769,16.4346771
3/20/25 3:05,432,66.7945447098005,1.935,0.0,3,20,3,21.2463226,16.3614159
3/20/25 2:50,432,66.7945447098005,1.935,0.0,2,20,3,21.3088684,16.2393169
3/20/25 2:35,432,66.7945447098005,1.935,0.0,2,20,3,21.3088684,16.1416359
3/20/25 2:20,432,66.7945447098005,1.935,0.0,2,20,3,21.3713989,16.0439568
3/20/25 2:05,432,66.7945447098005,1.935,0.0,2,20,3,21.4339294,15.9462767
3/20/25 1:50,432,66.7945447098005,1.935,0.0,1,20,3,21.4964905,15.8974361
3/20/25 1:35,432,66.7945447098005,1.935,0.0,1,20,3,21.559021,15.7753363
3/20/25 1:20,432,66.7945447098005,1.935,0.0,1,20,3,21.6215515,15.6776562
3/20/25 1:05,432,66.7945447098005,1.935,0.0,1,20,3,21.7466431,15.6288157
3/20/25 0:50,432,66.7945447098005,1.935,0.0,0,20,3,21.8091736,15.5799761
3/20/25 0:35,432,66.7945447098005,1.935,0.0,0,20,3,21.82967,15.4578762
3/20/25 0:20,432,66.7945447098005,1.935,0.0,0,20,3,21.9342499,15.4090357
3/20/25 0:05,432,66.7945447098005,1.935,0.0,0,20,3,21.9967957,15.2869358
3/19/25 23:50,432,66.7945447098005,1.935,0.0,23,19,3,21.9967957,15.1892557
3/19/25 23:35,432,66.7945447098005,1.935,0.0,23,19,3,22.0593414,15.1404152
3/19/25 23:20,432,66.7945447098005,1.935,0.0,23,19,3,22.0593414,15.3357754
3/19/25 23:05,432,66.7945447098005,1.935,0.0,23,19,3,22.1218719,15.2460976
3/19/25 22:50,432,66.7945447098005,1.935,0.0,22,19,3,22.1844177,15.0427351
3/19/25 22:35,432,66.7945447098005,1.935,0.0,22,19,3,22.1844177,14.8962154
3/19/25 22:20,432,66.7945447098005,1.935,0.0,22,19,3,22.1844177,14.7008553
3/19/25 22:05,432,66.7945447098005,1.935,0.0,22,19,3,22.1844177,14.5299149
3/19/25 21:50,432,66.7945447098005,1.935,0.0,21,19,3,22.0593414,14.3589745
3/19/25 21:35,432,66.7945447098005,1.935,0.0,21,19,3,22.1218719,14.2124548
3/19/25 21:20,432,66.7945447098005,1.935,0.0,21,19,3,22.1844177,14.1391945
3/19/25 21:05,432,66.7945447098005,1.935,0.0,21,19,3,22.2469635,14.1147747
3/19/25 20:50,432,66.7945447098005,1.935,0.0,20,19,3,22.2931023,14.1291924
3/19/25 20:35,432,66.7945447098005,1.935,0.0,20,19,3,22.3720398,14.1147747
3/19/25 20:20,432,66.7945447098005,1.935,0.0,20,19,3,22.4345703,14.0659342
3/19/25 20:05,432,66.7945447098005,1.935,0.0,20,19,3,22.4971161,14.3589745
3/19/25 19:50,432,66.7945447098005,1.935,0.0,19,19,3,22.6221924,13.9438343
3/19/25 19:35,432,66.7945447098005,1.935,0.0,19,19,3,22.7472839,13.7973146
3/19/25 19:20,432,66.7945447098005,1.935,0.0,19,19,3,22.8098145,13.7728939
3/19/25 19:05,432,66.7945447098005,1.935,0.0,19,19,3,22.872345,13.6263742
3/19/25 18:50,432,66.7945447098005,1.935,0.0,18,19,3,23.1225128,13.5531139
3/19/25 18:35,432,66.7945447098005,1.935,0.0,18,19,3,23.0199471,13.4798536
3/19/25 18:20,432,66.7945447098005,1.935,0.0,18,19,3,23.059967,13.5531139
